3 0.105916 0.372648 0.0303753 0.0222344
3 0.0164238 0.4475 0.0266225 0.0161563
3 0.0427925 0.322773 0.02766 0.0220781
3 0.0983333 0.464398 0.0283223 0.0210156
3 0.0249117 0.394195 0.0217439 0.0192344
3 0.00593819 0.305758 0.0118764 0.00992188
3 0.050883 0.475281 0.0231788 0.0156563
3 0.337483 0.452359 0.0224724 0.016625
3 0.292009 0.463484 0.0134216 0.0105313
3 0.126854 0.46768 0.0322075 0.0182969
3 0.176424 0.312523 0.0206623 0.0236094
3 0.0735982 0.477797 0.0333333 0.0189687
3 0.240199 0.376398 0.0228256 0.0241094
3 0.291578 0.455422 0.0140177 0.0170625
3 0.054702 0.231492 0.027064 0.0175156
3 0.105938 0.250109 0.0228256 0.0135937
3 0.0626049 0.309328 0.0326269 0.0230937
3 0.111468 0.430969 0.029426 0.0184062
3 0.0367108 0.217594 0.0233113 0.0185937
3 0.010894 0.173125 0.0213907 0.0158125
3 0.0388411 0.412977 0.0355188 0.0228281
3 0.246755 0.406516 0.0148344 0.00871875
3 0.186302 0.322398 0.0155629 0.0136094
3 0.0766336 0.445172 0.0312362 0.0210938
3 0.0477263 0.198227 0.0193377 0.0199844
3 0.0447572 0.276445 0.0287196 0.0190781
3 0.018223 0.163953 0.0252318 0.0152187
3 0.0563355 0.381219 0.0280353 0.0198438
3 0.110762 0.265227 0.0209492 0.0191719
3 0.12277 0.254812 0.0257616 0.014375
3 0.0123068 0.468102 0.0222737 0.0317969
3 0.087064 0.407344 0.0311258 0.021125
3 0.28362 0.423281 0.0177042 0.0184375
3 0.219823 0.371086 0.0208389 0.0117031
3 0.0112031 0.390633 0.0083223 0.00745312
3 0.057947 0.293023 0.0279029 0.0164219
3 0.253024 0.381492 0.0184989 0.0167344
3 0.0277263 0.379141 0.029713 0.0166875
3 0.0315342 0.171695 0.0160044 0.0176406
3 0.329062 0.438844 0.0183002 0.0127188
3 0.0492605 0.436227 0.0242605 0.0205156
3 0.225519 0.381906 0.0105077 0.01
3 0.164912 0.295852 0.0257174 0.0138594
3 0.0359934 0.467266 0.0266004 0.01925
3 0.0334437 0.244109 0.0306402 0.0174687
3 0.248455 0.437383 0.00869757 0.00667187
3 0.280221 0.41218 0.0137748 0.00898437
3 0.0365232 0.181883 0.00986755 0.00673437
3 0.118355 0.410898 0.0289845 0.0187344
3 0.138477 0.449766 0.0351435 0.0220625
3 0.0379691 0.257539 0.0246799 0.0123906
3 0.354658 0.453281 0.0215011 0.0168125
3 0.105883 0.447305 0.0286755 0.0177344
3 0.10723 0.299523 0.0224945 0.0188906
3 0.0113797 0.414102 0.020287 0.0189844
3 0.0834879 0.428984 0.0282561 0.0220625
3 0.146887 0.411133 0.0289183 0.0198281
3 0.129073 0.395609 0.0275497 0.0223125
3 0.114945 0.321852 0.0281236 0.0267031
3 0.00633554 0.429938 0.0123179 0.014625
3 0.154547 0.372898 0.0290066 0.0210781
3 0.257781 0.453016 0.0115894 0.0120625
3 0.219669 0.361609 0.0172627 0.013625
3 0.300695 0.445656 0.0177704 0.0107813
3 0.234128 0.430398 0.0291391 0.0228281
3 0.154316 0.322656 0.0235541 0.0207813
3 0.205662 0.322406 0.0222737 0.0104688
3 0.319967 0.423141 0.0185651 0.0125938
3 0.00496689 0.237602 0.00993377 0.00957812
3 0.0645695 0.262211 0.0264459 0.0200156
3 0.025883 0.434242 0.0289845 0.0177031
3 0.00883002 0.152508 0.014128 0.0143594
3 0.100938 0.393414 0.0307064 0.0244531
3 0.145166 0.431555 0.0334658 0.0259219
3 0.246214 0.391961 0.0250552 0.0147969
3 0.0429912 0.452305 0.0293377 0.0215469
3 0.154912 0.394109 0.0214349 0.02075
3 0.143091 0.28918 0.0206623 0.0153906
3 0.0310927 0.292281 0.0254525 0.0166563
3 0.303411 0.453992 0.0145033 0.00795313
3 0.00826711 0.298211 0.0165342 0.0138906
2 0.411026 0.605609 0.0392274 0.022
2 0.386104 0.571859 0.0427594 0.0307187
2 0.464525 0.815172 0.0494481 0.0149062
2 0.317064 0.575383 0.0507285 0.0315469
2 0.348996 0.68968 0.0248344 0.0217969
2 0.527881 0.603039 0.0272406 0.0312031
2 0.442947 0.597063 0.0339735 0.0220312
2 0.305927 0.674078 0.0400221 0.044125
2 0.387119 0.657258 0.0378587 0.0325469
2 0.406744 0.780047 0.0299558 0.0190937
2 0.316909 0.811586 0.0576159 0.0223281
2 0.399614 0.749508 0.0316336 0.0169531
2 0.499978 0.723977 0.0230464 0.0140469
2 0.397119 0.795344 0.0421413 0.0194375
2 0.405629 0.763641 0.0273731 0.0200625
2 0.464382 0.652922 0.0325607 0.03425
2 0.527196 0.666266 0.0412362 0.0188437
2 0.367152 0.752227 0.0239735 0.0169844
2 0.484956 0.666367 0.0142384 0.0219531
2 0.515011 0.597258 0.0152318 0.0261719
2 0.346523 0.668766 0.0399779 0.0251563
2 0.470044 0.618422 0.0386313 0.022
2 0.306876 0.629508 0.0253642 0.0151406
2 0.424349 0.741969 0.0359823 0.0221562
2 0.445066 0.689359 0.0683664 0.0375313
2 0.499459 0.582383 0.0224503 0.0251406
2 0.487792 0.643125 0.0255188 0.026
2 0.430552 0.778344 0.0319205 0.0184687
2 0.381225 0.761562 0.0262472 0.0213438
2 0.420927 0.668172 0.0498896 0.0434688
2 0.345519 0.814898 0.0354967 0.0289844
2 0.53043 0.777641 0.0362252 0.0159063
2 0.363377 0.794016 0.0279029 0.0205313
2 0.490883 0.734156 0.027064 0.0279375
2 0.508102 0.635117 0.0229139 0.0192344
2 0.451943 0.759258 0.0412362 0.0203281
2 0.379161 0.556266 0.0433554 0.0171875
2 0.46074 0.578141 0.0392274 0.0193125
2 0.474139 0.773211 0.0284989 0.0178594
2 0.34989 0.762016 0.0374393 0.0267812
2 0.414338 0.553219 0.0303532 0.0196563
2 0.496269 0.764563 0.0271523 0.0235938
2 0.517483 0.6985 0.0116115 0.00928125
2 0.5066 0.799078 0.0321854 0.0230937
2 0.526799 0.699742 0.0327594 0.0268281
2 0.454404 0.586469 0.0306181 0.0266562
2 0.51926 0.760922 0.0217439 0.014875
2 0.486203 0.795906 0.0280795 0.014625
2 0.506325 0.785031 0.0239073 0.0210313
2 0.452715 0.798492 0.0388521 0.0211719
2 0.442561 0.823578 0.0256954 0.0228125
2 0.348753 0.568477 0.033532 0.0233594
2 0.537285 0.721852 0.040574 0.0336094
2 0.317163 0.823914 0.0337086 0.0194844
2 0.293698 0.667594 0.0364459 0.0313437
2 0.446611 0.560828 0.0340177 0.0220938
2 0.407881 0.715445 0.0420309 0.0192344
2 0.485629 0.804516 0.0136865 0.0144063
2 0.348885 0.828898 0.0391391 0.0287344
2 0.425044 0.544602 0.0259382 0.0246094
2 0.483389 0.697945 0.0130464 0.0217969
2 0.283355 0.811469 0.0452539 0.0234062
2 0.320188 0.710148 0.040596 0.0334531
2 0.472528 0.600336 0.0347682 0.0164219
2 0.422042 0.641742 0.0275276 0.0179531
2 0.377991 0.694836 0.0318764 0.0266719
2 0.49553 0.617391 0.0425386 0.0221875
2 0.363742 0.635352 0.0340618 0.0192344
2 0.372969 0.816766 0.0285872 0.0304687
2 0.343764 0.584617 0.0205519 0.0121719
2 0.311071 0.74643 0.0370199 0.0262031
2 0.417185 0.574234 0.0469536 0.033
2 0.521501 0.626117 0.0216336 0.0251719
2 0.333278 0.790742 0.0340618 0.0207031
2 0.289768 0.761484 0.035872 0.0225
2 0.469868 0.753766 0.0313466 0.0275938
2 0.430077 0.796117 0.0398455 0.0189844
2 0.330044 0.756445 0.0181015 0.0162969
2 0.531523 0.793523 0.0286093 0.0205781
2 0.305397 0.607836 0.0311479 0.0189844
2 0.378256 0.673148 0.0374393 0.0388906
2 0.354834 0.655414 0.0292715 0.0315469
2 0.296347 0.708977 0.0329581 0.0253906
2 0.411567 0.623945 0.0329801 0.0189844
2 0.402594 0.687688 0.0322517 0.0371875
2 0.305993 0.792492 0.0352097 0.0185156
2 0.545552 0.765437 0.0387417 0.0174375
2 0.44468 0.667492 0.0576159 0.0386094
2 0.397892 0.63782 0.0394923 0.0167656
2 0.306921 0.644383 0.0322517 0.0205469
2 0.356954 0.547664 0.035894 0.0179219
2 0.533124 0.746633 0.0224062 0.0178594
2 0.348576 0.778672 0.0302208 0.0225312
2 0.427119 0.814336 0.0264238 0.0206406
2 0.519934 0.721562 0.0210155 0.0159063
2 0.325872 0.691297 0.0296247 0.0345937
2 0.351015 0.709148 0.0381898 0.0448281
2 0.392748 0.542227 0.0393157 0.0198906
2 0.374294 0.57975 0.0359603 0.0377813
2 0.377351 0.780469 0.0275497 0.0195
2 0.384393 0.829156 0.0293598 0.0282187
2 0.401148 0.816148 0.0253422 0.0220469
2 0.345397 0.594453 0.0257174 0.0305312
2 0.318918 0.590961 0.0283885 0.0240469
2 0.307274 0.729906 0.0463355 0.02825
2 0.374603 0.73668 0.0394923 0.0212969
2 0.46447 0.629062 0.0355188 0.0282187
2 0.415188 0.825562 0.0267991 0.0261562
2 0.491347 0.681937 0.0144371 0.01925
2 0.374967 0.713852 0.0246358 0.0202656
2 0.43968 0.728844 0.0513687 0.0276875
2 0.316391 0.76457 0.0495143 0.0250781
2 0.364283 0.609312 0.0314349 0.0175625
2 0.330949 0.604187 0.0275497 0.0184687
2 0.4016 0.731164 0.0275276 0.0200156
2 0.380464 0.598578 0.0257395 0.0133125
2 0.332307 0.630484 0.0326049 0.0223125
2 0.329349 0.651391 0.0275717 0.0294063
2 0.460397 0.713258 0.0425166 0.0241406
0 0.218455 0.649586 0.054702 0.0374531
0 0.0157285 0.557234 0.0292053 0.036625
0 0.337009 0.519023 0.0380353 0.0329219
0 0.0408168 0.593492 0.0171302 0.0287969
0 0.162042 0.648438 0.0500442 0.0386875
0 0.0230684 0.530563 0.0438411 0.0333437
0 0.465364 0.434359 0.0381898 0.0247812
0 0.50681 0.489453 0.0254084 0.024375
0 0.20415 0.613961 0.0430464 0.0398594
0 0.258333 0.672219 0.040596 0.0307812
0 0.498731 0.469031 0.0195806 0.0125625
0 0.24585 0.616789 0.0532009 0.0413906
0 0.477152 0.504734 0.0290066 0.027375
0 0.343046 0.536281 0.0340397 0.0210313
0 0.333653 0.495602 0.0224503 0.0182031
0 0.306049 0.486781 0.0272848 0.034125
0 0.0172075 0.592039 0.0333996 0.0339844
0 0.0949117 0.710641 0.0623179 0.0395
0 0.0354967 0.683648 0.0245916 0.0212344
0 0.04 0.500625 0.0409713 0.0355938
0 0.222881 0.545664 0.0417439 0.0381094
0 0.029702 0.622578 0.048543 0.034375
0 0.51043 0.471859 0.015872 0.0142187
0 0.231258 0.509344 0.040574 0.0356563
0 0.244779 0.577766 0.0554305 0.0384688
0 0.292517 0.48132 0.0255188 0.0325781
0 0.126026 0.624656 0.0330684 0.0084375
0 0.277594 0.477609 0.0275497 0.0267812
0 0.080894 0.498117 0.0432892 0.0342031
0 0.270442 0.614703 0.0217219 0.0333437
0 0.312561 0.521227 0.0354967 0.0377031
0 0.0436645 0.561398 0.0300662 0.0348906
0 0.210662 0.576992 0.0173951 0.0323281
0 0.0475828 0.654938 0.0602428 0.0380625
0 0.249062 0.646 0.0166667 0.0210313
0 0.148764 0.724305 0.0639735 0.0413281
0 0.17479 0.792984 0.0768212 0.0420625
0 0.29 0.519719 0.0351435 0.0330937
0 0.0836645 0.624586 0.0293598 0.0130781
0 0.322053 0.546008 0.0336424 0.0294531
0 0.271832 0.508742 0.0486093 0.0395469
0 0.48298 0.458922 0.0319205 0.0256875
0 0.0469426 0.756047 0.0639956 0.0380313
0 0.155132 0.76182 0.0586976 0.0377031
0 0.105949 0.750531 0.0586976 0.0402813
0 0.489746 0.486141 0.0158278 0.0155
0 0.00785872 0.713688 0.0105077 0.0256563
0 0.198764 0.738656 0.0572185 0.0412813
0 0.190011 0.717953 0.0239073 0.01
0 0.0108499 0.502664 0.0216998 0.0385156
0 0.240938 0.680422 0.0518102 0.039
0 0.151358 0.48625 0.0425386 0.0347812
0 0.117726 0.494141 0.0423841 0.0333437
0 0.161611 0.626289 0.0345695 0.00826563
0 0.0684547 0.528641 0.0489183 0.03
0 0.247009 0.475984 0.0511038 0.0369375
0 0.487152 0.44 0.0301104 0.0251875
0 0.0159272 0.680281 0.0298234 0.0368125
0 0.436468 0.432945 0.0246358 0.0269219
0 0.0815011 0.679992 0.0548786 0.0331406
0 0.203355 0.770328 0.0366004 0.0323125
0 0.454757 0.457359 0.0310155 0.0211562
0 0.524746 0.496828 0.0266225 0.0261875
0 0.503985 0.505734 0.0155629 0.0220625
0 0.107781 0.647391 0.0590508 0.042125
0 0.0368653 0.791242 0.0607064 0.0420781
0 0.183433 0.530477 0.0383444 0.00864063
0 0.120883 0.520828 0.0346137 0.0235313
0 0.00930464 0.753352 0.0181236 0.0402656
0 0.460397 0.478742 0.0333333 0.0287344
0 0.0156071 0.648852 0.0296247 0.0302031
0 0.156998 0.516938 0.0407064 0.0310312
0 0.289779 0.553672 0.0318764 0.0349062
0 0.199338 0.480023 0.0485651 0.0374531
0 0.192097 0.513297 0.0406623 0.03425
0 0.138223 0.681398 0.0496468 0.0353906
0 0.190618 0.678305 0.0490508 0.0383594
0 0.0392274 0.718305 0.0563797 0.0387344
0 0.265088 0.54407 0.0507506 0.0343594
0 0.358664 0.531719 0.0133996 0.0125625
