0 0.732936 0.585954 0.203892 0.297986
0 0.864057 0.706431 0.186509 0.211025
0 0.925259 0.488675 0.149481 0.294876
0 0.775094 0.460495 0.165802 0.211095
2 0.359068 0.0808481 0.0761557 0.118657
2 0.370071 0.0221025 0.066934 0.0442049
2 0.476769 0.0517138 0.0393396 0.0503534
2 0.304882 0.0524205 0.0708019 0.104841
2 0.467417 0.178216 0.0470991 0.0519788
2 0.429717 0.0791519 0.0824057 0.110742
2 0.369304 0.162686 0.0553538 0.0841696
2 0.508667 0.0258127 0.0870047 0.0459011
2 0.509033 0.107138 0.085283 0.116749
2 0.410295 0.187032 0.0816274 0.107138
2 0.444009 0.110636 0.065 0.102544
3 0.228219 0.425671 0.0464387 0.0821555
3 0.219575 0.367527 0.0578302 0.0742756
3 0.265625 0.394452 0.0396462 0.0513781
3 0.308573 0.38189 0.0385613 0.0590459
3 0.198715 0.465477 0.0574292 0.0875618
3 0.235696 0.49871 0.0528538 0.0678799
3 0.18395 0.419982 0.0472877 0.045477
3 0.361899 0.374912 0.0410613 0.109329
3 0.358797 0.296961 0.0538679 0.0745583
3 0.286899 0.544258 0.0403538 0.0619435
3 0.315189 0.257739 0.0491038 0.0662191
3 0.27033 0.328481 0.0618396 0.0774558
3 0.256403 0.54023 0.0418632 0.0675265
3 0.27862 0.43811 0.0631368 0.0781979
3 0.291804 0.358958 0.0370519 0.0603887
3 0.359623 0.526007 0.0513679 0.0654417
3 0.395696 0.34583 0.0439387 0.0703887
3 0.41125 0.426413 0.0609906 0.0842049
3 0.32645 0.319947 0.0512972 0.0740283
3 0.323998 0.50636 0.0678538 0.0742049
3 0.332913 0.415071 0.0525236 0.106325
3 0.310849 0.57841 0.0594811 0.0850883
3 0.272217 0.28447 0.0616038 0.0471025
