3 0.588891 0.651925 0.0394375 0.0792488
3 0.483891 0.245646 0.0299063 0.0644836
3 0.662547 0.47473 0.0388125 0.0572066
3 0.526023 0.498592 0.0410781 0.0771831
3 0.474344 0.522124 0.0472187 0.0402582
3 0.467773 0.6073 0.0539844 0.0777465
3 0.370898 0.600376 0.0485781 0.0705164
3 0.618922 0.297254 0.0399375 0.0492488
3 0.434078 0.38757 0.045375 0.0553286
3 0.521813 0.336573 0.0329062 0.0513615
3 0.423078 0.29507 0.0488125 0.0605164
3 0.46757 0.692735 0.0530156 0.0797418
3 0.346961 0.468075 0.0521719 0.0653991
3 0.363852 0.320822 0.0260781 0.0543662
3 0.34193 0.415552 0.0203594 0.045939
