4 0.422109 0.232729 0.188719 0.247671
4 0.174547 0.331776 0.125937 0.159694
4 0.28793 0.0907529 0.168734 0.181506
4 0.292141 0.230871 0.138281 0.152706
4 0.632195 0.169788 0.124797 0.206729
4 0.321227 0.394365 0.174109 0.228494
4 0.589859 0.111835 0.166344 0.218259
4 0.109773 0.0159176 0.0857969 0.0309412
4 0.127398 0.0656353 0.0710781 0.0882588
4 0.176125 0.484259 0.159281 0.285882
4 0.429063 0.0675882 0.150719 0.135176
4 0.692758 0.0186118 0.0752656 0.0342118
4 0.0910391 0.250706 0.142672 0.260376
0 0.624125 0.638365 0.550281 0.720824
