4 0.0666783 0.762898 0.0328904 0.0220781
4 0.165897 0.755781 0.0331469 0.0192812
4 0.0904545 0.710828 0.030979 0.0202813
4 0.141259 0.779102 0.0324476 0.0243594
4 0.100023 0.810367 0.0401399 0.0323281
4 0.0963753 0.886391 0.0359207 0.0295312
4 0.138671 0.829797 0.0424242 0.0254063
4 0.251212 0.750203 0.0321212 0.0207813
4 0.06162 0.829133 0.0439394 0.0227656
4 0.168869 0.773672 0.0341492 0.0205313
4 0.233543 0.745836 0.0286713 0.0177031
4 0.192739 0.811547 0.0396037 0.027375
4 0.22162 0.725625 0.0329837 0.0230937
4 0.190152 0.786508 0.0320979 0.0225781
4 0.149079 0.748219 0.0300466 0.0219375
4 0.0317366 0.811711 0.0451049 0.0333594
4 0.0997436 0.763023 0.0313287 0.0161719
4 0.27134 0.719852 0.0282751 0.0178281
4 0.218823 0.784586 0.0275291 0.0166719
4 0.0528205 0.893766 0.0389744 0.0271875
4 0.043951 0.844992 0.0415618 0.0252344
4 0.0842541 0.852766 0.0419814 0.0295625
4 0.159044 0.684906 0.0344056 0.0205625
4 0.270466 0.698961 0.0268998 0.0175156
4 0.180979 0.729672 0.0252214 0.0156563
4 0.0790326 0.777695 0.0347552 0.0210156
4 0.122063 0.787141 0.0227739 0.0185312
4 0.0831235 0.734656 0.0327273 0.0254063
4 0.211655 0.797281 0.0286713 0.024625
4 0.206002 0.708109 0.0275291 0.0156563
4 0.290874 0.708633 0.031352 0.0212969
4 0.0349417 0.728773 0.0305828 0.0277031
4 0.147214 0.725586 0.0162471 0.0100781
4 0.0508159 0.786891 0.02331 0.0254063
4 0.108916 0.753109 0.0198834 0.0115625
4 0.180513 0.709102 0.0256876 0.0144531
4 0.251002 0.729906 0.0315152 0.0208125
4 0.221702 0.693063 0.0335198 0.0195312
4 0.12035 0.732867 0.0280653 0.0188281
4 0.189662 0.716711 0.0294406 0.0159219
4 0.0710023 0.801289 0.0438695 0.0282969
4 0.0531585 0.740594 0.0424009 0.0235
4 0.0158042 0.89232 0.0252214 0.0159844
4 0.176387 0.843984 0.0225641 0.0195
4 0.0656294 0.867508 0.0184848 0.0171719
4 0.124312 0.742063 0.028951 0.0183437
4 0.132145 0.804602 0.0344056 0.0238594
4 0.0365967 0.757773 0.0384615 0.0244844
4 0.1288 0.685531 0.0294406 0.0182187
4 0.105641 0.779617 0.0397203 0.0253906
4 0.0464685 0.872023 0.0387179 0.0248594
4 0.158834 0.81643 0.0369697 0.0231719
4 0.115583 0.852633 0.0328904 0.0256719
4 0.141282 0.7615 0.0226107 0.02075
4 0.12127 0.699719 0.024965 0.01675
4 0.127249 0.718562 0.0344056 0.0205313
4 0.231061 0.774984 0.0355012 0.0251563
4 0.0103497 0.792023 0.0206993 0.0199531
4 0.21662 0.760453 0.0409324 0.0248125
4 0.281294 0.687617 0.0305594 0.0228281
4 0.0157343 0.834359 0.0309557 0.015375
4 0.00685315 0.81768 0.0114685 0.0223281
4 0.128089 0.888813 0.0315618 0.0219062
4 0.131247 0.873156 0.0281352 0.0166875
4 0.154149 0.797609 0.0191142 0.0171875
4 0.240723 0.720641 0.0110956 0.0069375
4 0.199231 0.699266 0.0193007 0.0155625
4 0.271807 0.737602 0.0220746 0.0227969
4 0.107844 0.719594 0.00888112 0.0105
4 0.0208159 0.775141 0.0344988 0.020125
4 0.253263 0.682641 0.0335198 0.0218438
4 0.153671 0.851125 0.034662 0.0224375
4 0.193986 0.747047 0.0375291 0.0281563
4 0.181853 0.692766 0.0286014 0.0172187
