4 0.359496 0.712352 0.0500468 0.0340781
4 0.304988 0.711617 0.0542389 0.0353594
4 0.146581 0.704766 0.024918 0.0191875
4 0.144567 0.834313 0.0467916 0.0304375
4 0.770539 0.916773 0.0252459 0.0198906
4 0.326101 0.662141 0.0477986 0.03225
4 0.502728 0.623969 0.0431148 0.0301563
4 0.956089 0.902406 0.0458548 0.037875
4 0.0705972 0.776313 0.0342155 0.029625
4 0.385972 0.608281 0.0495082 0.0203125
4 0.79548 0.918031 0.0259485 0.0205938
4 0.421874 0.600086 0.0486651 0.0259531
4 0.128033 0.752414 0.0274941 0.0194219
4 0.517002 0.615203 0.0205621 0.0121875
4 0.970258 0.759672 0.0500234 0.0354375
4 0.815667 0.672633 0.050726 0.0342969
4 0.710703 0.680719 0.0494145 0.0339687
4 0.955785 0.72857 0.0519438 0.0347656
4 0.682576 0.709914 0.0526932 0.0308594
4 0.91048 0.889133 0.0568852 0.0392031
4 0.206499 0.878805 0.0551054 0.0380156
4 0.711101 0.761305 0.0527869 0.0368281
4 0.676639 0.767602 0.0335597 0.0341094
4 0.357951 0.656406 0.0404918 0.0314375
4 0.241663 0.916195 0.0578923 0.0428281
4 0.139578 0.797156 0.0540984 0.0365
4 0.809578 0.77925 0.0540984 0.0334375
4 0.763595 0.777953 0.0495316 0.03525
4 0.0659719 0.835078 0.0601405 0.0360313
4 0.244368 0.692586 0.0509368 0.0325781
4 0.0576581 0.899367 0.0509602 0.0388281
4 0.330375 0.875094 0.041171 0.0297812
4 0.116651 0.823641 0.0462295 0.0333437
4 0.79171 0.717984 0.0442155 0.0300312
4 0.629485 0.824516 0.0502108 0.0286563
4 0.472845 0.630742 0.0537002 0.0349219
4 0.766674 0.856695 0.058829 0.0351719
4 0.283009 0.909016 0.0385246 0.0340937
4 0.907201 0.797242 0.0486417 0.0394844
4 0.639789 0.799664 0.0396721 0.0312656
4 0.254778 0.8855 0.0482436 0.0339687
4 0.16466 0.8545 0.0555972 0.0380937
4 0.953314 0.923156 0.0537471 0.03375
4 0.18993 0.677023 0.0526932 0.0320781
4 0.842963 0.697375 0.0449415 0.0302187
4 0.76877 0.691242 0.0479859 0.0390781
4 0.210246 0.911422 0.0507026 0.0389375
4 0.155948 0.72025 0.0206089 0.01725
4 0.289438 0.849258 0.0508665 0.0294844
4 0.30808 0.622656 0.0469321 0.0187812
4 0.689859 0.809109 0.0388759 0.029625
4 0.241358 0.667695 0.0453396 0.0254531
4 0.825129 0.713055 0.0403747 0.0301094
4 0.591007 0.75025 0.0428103 0.0250312
4 0.266803 0.807773 0.0481733 0.0345469
4 0.756148 0.889266 0.0362295 0.039875
4 0.863466 0.675563 0.0548478 0.0343437
4 0.738642 0.741453 0.0457611 0.0307187
4 0.946194 0.780297 0.0469555 0.0256563
4 0.784098 0.809617 0.0390164 0.0372656
4 0.0900351 0.804648 0.0557611 0.0392656
4 0.669262 0.821844 0.0454567 0.0304063
4 0.287646 0.665484 0.0452693 0.031
4 0.137869 0.6835 0.0490398 0.0278125
4 0.832295 0.842273 0.0544731 0.0382969
4 0.740937 0.708453 0.0529742 0.0367813
4 0.140644 0.734672 0.0254098 0.0169375
4 0.919087 0.755859 0.0523185 0.0354375
4 0.912658 0.844734 0.056089 0.0389062
4 0.634988 0.767695 0.0495082 0.0364531
4 0.870656 0.717109 0.052178 0.03
4 0.264438 0.62807 0.0468618 0.0279531
4 0.393009 0.633938 0.0448478 0.0343437
4 0.834028 0.753859 0.0525995 0.0371563
4 0.612927 0.738875 0.0423888 0.0294063
4 0.170281 0.729695 0.03274 0.0298906
4 0.426148 0.626125 0.0452693 0.0315625
4 0.136511 0.717914 0.0233724 0.0162656
4 0.548946 0.624297 0.0514286 0.0325
4 0.638653 0.722203 0.0514052 0.0266875
4 0.0878689 0.858812 0.0531616 0.0325625
4 0.230867 0.805773 0.0383607 0.0347969
4 0.0838525 0.778234 0.0244262 0.0205313
4 0.367201 0.897617 0.0467681 0.0317969
4 0.274496 0.641617 0.0468852 0.0322656
4 0.877693 0.771 0.0534192 0.0305937
4 0.0293911 0.859055 0.0373302 0.0357344
4 0.28637 0.737523 0.0434192 0.0351406
4 0.400539 0.918141 0.0497892 0.0320312
4 0.793173 0.692398 0.0475644 0.0292031
4 0.164368 0.817406 0.0498595 0.033375
4 0.835995 0.906703 0.041733 0.0291875
4 0.924637 0.726187 0.0425761 0.0382813
4 0.103033 0.746906 0.0293911 0.0166875
4 0.360761 0.933102 0.0465808 0.0358281
4 0.314754 0.929805 0.0464169 0.0342969
4 0.0426581 0.875992 0.016089 0.0215781
4 0.880304 0.900281 0.0496956 0.0378125
4 0.0993677 0.890906 0.0581733 0.0387813
4 0.771639 0.880945 0.018829 0.0149219
4 0.656429 0.749023 0.0437705 0.0345469
4 0.140375 0.900109 0.0423419 0.0351875
4 0.719532 0.828117 0.0467447 0.0272656
4 0.75103 0.920711 0.0254333 0.0194219
4 0.310363 0.689875 0.0479391 0.02575
4 0.315785 0.638125 0.0508665 0.0321562
4 0.746967 0.826313 0.0273302 0.018625
4 0.269637 0.684203 0.0490164 0.035
4 0.716827 0.851625 0.0483138 0.0316875
4 0.794473 0.757125 0.0361593 0.0205313
4 0.386499 0.665961 0.0469555 0.0337344
4 0.678665 0.685086 0.0514286 0.0301719
4 0.246347 0.651617 0.0332553 0.0229219
4 0.793162 0.887781 0.0275878 0.02
4 0.252108 0.720773 0.0540984 0.0352344
4 0.420351 0.657852 0.0516159 0.0342031
4 0.290925 0.875086 0.051171 0.0356406
4 0.891616 0.685648 0.0367213 0.0332344
4 0.714859 0.663211 0.0450351 0.0299844
4 0.950972 0.874773 0.0569321 0.0293281
4 0.775632 0.743313 0.0407728 0.0359375
4 0.208279 0.649125 0.0478454 0.0321562
4 0.748314 0.661938 0.0454801 0.0305937
4 0.314227 0.900602 0.0474239 0.0339531
4 0.123255 0.866844 0.0474941 0.0325
4 0.162471 0.885922 0.0471897 0.0321875
4 0.244485 0.853281 0.0515925 0.0396562
4 0.864813 0.794992 0.0467213 0.0286094
4 0.15089 0.658289 0.0533489 0.0341406
4 0.257635 0.753367 0.0282904 0.0282969
4 0.69767 0.725914 0.0525761 0.0351094
4 0.844321 0.868883 0.0460656 0.0332969
4 0.453396 0.612133 0.0413583 0.0237969
4 0.146112 0.765609 0.030445 0.03575
4 0.11308 0.773352 0.0421311 0.0266094
4 0.799227 0.874555 0.0318033 0.0201719
4 0.11493 0.787578 0.0314988 0.0185
4 0.862108 0.740508 0.0521311 0.0389844
4 0.352026 0.612453 0.0191335 0.012
4 0.119508 0.737289 0.0229977 0.0178594
4 0.883934 0.863266 0.0566276 0.0369688
4 0.0608314 0.86725 0.0401639 0.0289375
4 0.864824 0.826063 0.0561124 0.03775
4 0.157389 0.693602 0.0158548 0.0165469
4 0.207283 0.846195 0.0468384 0.0328281
4 0.790738 0.649188 0.0512178 0.0381875
4 0.816944 0.81032 0.0554801 0.0369844
4 0.258126 0.783203 0.044637 0.0325312
4 0.356803 0.890102 0.0461593 0.0317656
4 0.374684 0.600938 0.0472131 0.0311875
4 0.180539 0.909156 0.0401874 0.0312812
