2 0.770813 0.0292109 0.0865417 0.0584219
2 0.947281 0.126773 0.103979 0.0589531
2 0.432948 0.127141 0.0783542 0.031625
2 0.610885 0.115883 0.133854 0.0414844
2 0.430438 0.227227 0.143458 0.0843594
2 0.572604 0.280945 0.137833 0.0808906
2 0.0727813 0.154922 0.140188 0.075375
2 0.694417 0.148742 0.0959167 0.0629219
2 0.210031 0.153938 0.0960625 0.0631875
2 0.610885 0.605242 0.194562 0.127859
2 0.280354 0.229406 0.0945417 0.06875
2 0.961271 0.0984687 0.0404583 0.0362188
2 0.0504479 0.442891 0.100896 0.135906
2 0.634594 0.840766 0.302104 0.139688
2 0.976125 0.183594 0.0462917 0.0442188
2 0.650042 0.529156 0.237167 0.131937
2 0.125104 0.316148 0.1405 0.0830781
2 0.163656 0.21718 0.153188 0.0742969
2 0.837281 0.115867 0.120479 0.0576094
2 0.859833 0.37475 0.156375 0.0893437
2 0.825021 0.659227 0.224958 0.160516
2 0.0891667 0.502461 0.140875 0.143578
2 0.486125 0.316406 0.161042 0.0723125
2 0.326469 0.0958984 0.0741875 0.0871719
2 0.506948 0.529891 0.136313 0.102469
2 0.890698 0.951484 0.218604 0.0970312
2 0.962583 0.252141 0.0684583 0.0605625
2 0.104646 0.175789 0.106208 0.0875469
2 0.564531 0.236945 0.135979 0.0608594
2 0.488188 0.936102 0.266625 0.127797
2 0.781115 0.71118 0.197938 0.133828
2 0.246594 0.304844 0.148146 0.114531
2 0.670635 0.261352 0.103271 0.108672
2 0.384073 0.0307187 0.0725208 0.0364375
2 0.506094 0.16382 0.0793125 0.0743594
2 0.749917 0.350047 0.186667 0.102563
2 0.148813 0.036375 0.0804167 0.071375
2 0.73724 0.157773 0.0518125 0.0599219
2 0.714406 0.418602 0.100062 0.115703
2 0.0774583 0.263914 0.108042 0.0782031
2 0.619052 0.0672422 0.0771458 0.0614531
2 0.761052 0.270352 0.164854 0.0849844
2 0.829229 0.221164 0.0848333 0.0553906
2 0.926063 0.0597266 0.0405 0.0307969
2 0.858271 0.0764766 0.119667 0.0492969
2 0.928448 0.153219 0.0766458 0.0349062
2 0.55051 0.719414 0.151979 0.158922
2 0.700969 0.05675 0.0570625 0.0492187
2 0.417083 0.168047 0.138667 0.0535937
2 0.0166563 0.497828 0.0333125 0.07
2 0.965708 0.425773 0.0685833 0.0530469
2 0.103219 0.369906 0.195104 0.149344
2 0.792115 0.173328 0.0611875 0.08
2 0.48 0.0556094 0.1295 0.05
2 0.730937 0.755656 0.202375 0.1205
2 0.970417 0.392477 0.0591667 0.0288906
2 0.569531 0.0653516 0.0604792 0.0392031
2 0.664448 0.0693359 0.0483958 0.0318594
2 0.545792 0.0880781 0.0533333 0.0171875
2 0.962917 0.219539 0.064625 0.0370781
2 0.115208 0.0253125 0.0655833 0.050625
2 0.317812 0.0135547 0.0864167 0.0271094
2 0.292396 0.201578 0.152208 0.0641875
2 0.377781 0.541977 0.0551042 0.0348594
2 0.870344 0.26 0.126896 0.0758125
2 0.882948 0.32157 0.113604 0.0791719
2 0.894094 0.603563 0.211813 0.142656
2 0.470583 0.621578 0.117875 0.121375
2 0.587458 0.027375 0.0607917 0.0461562
2 0.0224375 0.907555 0.044875 0.123828
2 0.869146 0.827227 0.183917 0.160516
2 0.43175 0.106859 0.0735833 0.0549375
2 0.586823 0.331875 0.0886042 0.0392188
2 0.308208 0.37125 0.184167 0.103688
2 0.151865 0.673641 0.189021 0.114125
2 0.102302 0.897437 0.122313 0.173031
2 0.814135 0.0547422 0.0641042 0.0646406
2 0.877542 0.14507 0.0735 0.0361406
2 0.0720313 0.0615625 0.0758958 0.0376875
2 0.111677 0.752344 0.222396 0.136719
2 0.31526 0.0577734 0.103229 0.0877969
2 0.45176 0.0302891 0.103271 0.0605781
2 0.692333 0.881297 0.29375 0.126656
2 0.103563 0.111664 0.124792 0.0556406
2 0.0135937 0.338117 0.0232708 0.0931719
2 0.648729 0.322055 0.0692083 0.0378906
2 0.558844 0.180742 0.117229 0.0683281
2 0.249625 0.0307656 0.0467917 0.0525312
