5 0.474133 0.154097 0.141672 0.236564
5 0.470891 0.114163 0.0778438 0.174714
5 0.402797 0.0741079 0.0647812 0.110727
5 0.492039 0.183271 0.156891 0.217996
5 0.530359 0.242203 0.113656 0.180749
5 0.444016 0.0842841 0.075375 0.150771
5 0.361695 0.0880727 0.0430781 0.0705066
4 0.16868 0.086707 0.0945781 0.138965
4 0.11618 0.342544 0.0924219 0.112577
4 0.249008 0.248844 0.0914844 0.1287
4 0.370281 0.291377 0.0829063 0.0976432
4 0.309422 0.362885 0.0717187 0.0547137
4 0.293531 0.208844 0.0348437 0.0746035
4 0.386289 0.18033 0.0979844 0.135154
4 0.119109 0.188304 0.0800312 0.107313
4 0.202328 0.342269 0.0905312 0.100661
4 0.128914 0.282203 0.0901406 0.0844053
4 0.232289 0.121233 0.0610156 0.111454
4 0.288641 0.303359 0.0819375 0.116057
4 0.185461 0.222941 0.0865781 0.135396
1 0.801016 0.801894 0.242844 0.227401
