3 0.778984 0.426602 0.0839063 0.122984
3 0.81375 0.299687 0.0744688 0.0835937
3 0.867117 0.396828 0.0629531 0.0744375
3 0.83832 0.250508 0.0697344 0.0630781
3 0.14107 0.326211 0.0660781 0.0881094
3 0.191906 0.210102 0.065375 0.0680156
3 0.834305 0.559859 0.0713906 0.0745
3 0.348633 0.844125 0.0859219 0.072
3 0.174086 0.617562 0.102047 0.157688
3 0.652281 0.814484 0.0871875 0.0723125
3 0.907273 0.817406 0.111203 0.0807812
3 0.895156 0.619547 0.055 0.0811562
3 0.877188 0.728695 0.0499375 0.0886719
3 0.173836 0.694 0.105109 0.141437
3 0.770539 0.841523 0.0859844 0.0959531
3 0.211336 0.144953 0.0943594 0.071625
3 0.836414 0.423258 0.0633281 0.0797344
