4 0.776281 0.5937 0.012125 0.0173302
4 0.760984 0.671159 0.0167187 0.0225995
4 0.688594 0.691136 0.0128125 0.0117799
4 0.860266 0.582658 0.01225 0.0183841
4 0.787508 0.470468 0.00907812 0.0129742
4 0.793758 0.583653 0.0122969 0.0184543
4 0.715961 0.538103 0.0138281 0.0222951
4 0.83443 0.662096 0.0108906 0.0173536
4 0.853508 0.543993 0.0113594 0.0173536
4 0.767594 0.526792 0.0150625 0.0145667
4 0.762273 0.568934 0.0116406 0.0149649
4 0.733727 0.609824 0.0150781 0.0133255
4 0.824281 0.658396 0.0127188 0.0183372
4 0.836781 0.502143 0.0134687 0.0206323
4 0.807445 0.550129 0.0109219 0.0191803
4 0.776578 0.455234 0.0111562 0.011452
4 0.87643 0.627166 0.0130156 0.0145667
4 0.770453 0.68445 0.01775 0.0238407
4 0.681531 0.489122 0.0149375 0.0201639
4 0.924422 0.640808 0.0112812 0.020445
4 0.786711 0.623208 0.0169219 0.0232319
4 0.883398 0.619848 0.0128906 0.0188993
4 0.806781 0.465796 0.0126875 0.0166511
4 0.78793 0.523115 0.00970312 0.0157377
4 0.680375 0.655117 0.01325 0.023911
4 0.707305 0.442119 0.0143281 0.0199766
4 0.640187 0.573888 0.0115937 0.0190632
4 0.792336 0.5 0.00723437 0.0124122
4 0.852063 0.512705 0.0113437 0.0167447
4 0.864641 0.559742 0.00865625 0.0187822
4 0.819055 0.527904 0.0125156 0.0174941
4 0.763578 0.695913 0.0131562 0.0136066
4 0.711383 0.648232 0.0163281 0.028829
4 0.712461 0.492541 0.0115156 0.0156206
4 0.670422 0.655667 0.0095 0.0176581
4 0.737602 0.572248 0.0145469 0.021452
4 0.704656 0.508197 0.00946875 0.0142389
4 0.896492 0.603185 0.0106094 0.02
4 0.835828 0.477541 0.0126875 0.0174707
4 0.735766 0.695691 0.0175313 0.0122717
4 0.688961 0.540749 0.00782813 0.0190632
4 0.757867 0.583489 0.0155156 0.0170492
4 0.894664 0.649614 0.0109531 0.0100937
4 0.809344 0.532845 0.0129375 0.018103
4 0.692172 0.627307 0.0132188 0.0227635
4 0.653945 0.548852 0.0117656 0.0120843
4 0.757305 0.468126 0.00826563 0.0186417
4 0.7615 0.499087 0.012125 0.0172834
4 0.792063 0.529742 0.0132188 0.0117564
4 0.835383 0.548829 0.0137344 0.0201874
4 0.836758 0.530059 0.0117344 0.0173536
4 0.829031 0.645597 0.0095 0.0161124
4 0.740945 0.6624 0.00657812 0.0138876
4 0.745664 0.480035 0.0105781 0.0130913
4 0.834211 0.57137 0.0136719 0.0180094
4 0.906172 0.636148 0.010125 0.0164169
4 0.687344 0.46493 0.00915625 0.0188993
4 0.743852 0.435621 0.00970312 0.01363
4 0.753031 0.452131 0.0132188 0.022623
4 0.818305 0.47767 0.0156094 0.0161827
4 0.664633 0.491475 0.0161094 0.0201405
4 0.748039 0.505574 0.0119844 0.0179859
4 0.918312 0.652131 0.0119063 0.0134895
4 0.781531 0.634941 0.0173437 0.0244496
4 0.691633 0.508724 0.0131406 0.0188525
4 0.812914 0.561979 0.0116094 0.019555
4 0.749836 0.611803 0.0179844 0.0251054
4 0.798672 0.660632 0.013625 0.0126932
4 0.77093 0.66445 0.0111406 0.0188759
4 0.93375 0.649625 0.0132188 0.0192037
4 0.721328 0.560878 0.0105313 0.0170258
4 0.815281 0.455082 0.0150312 0.0129742
4 0.878289 0.576358 0.0154844 0.0171663
4 0.731273 0.459063 0.0122031 0.0202342
4 0.733672 0.426522 0.01275 0.0196956
4 0.895781 0.622518 0.0106875 0.011452
4 0.775648 0.610199 0.0130781 0.0196019
4 0.825586 0.62877 0.0120781 0.0162295
4 0.74025 0.443876 0.014625 0.0191803
4 0.81282 0.618946 0.0132969 0.0232787
4 0.754781 0.637717 0.017375 0.0232084
4 0.83775 0.491194 0.0105313 0.0121311
4 0.6485 0.586686 0.0140313 0.0201639
4 0.662359 0.592178 0.0108125 0.00711944
4 0.695195 0.481311 0.0131719 0.0176581
4 0.71625 0.50445 0.0119688 0.0162998
4 0.751523 0.660105 0.0149219 0.0228806
4 0.867313 0.671686 0.0113437 0.018829
4 0.678719 0.542834 0.013125 0.0114286
4 0.671172 0.622494 0.0133125 0.0196956
4 0.728617 0.585913 0.0154531 0.0190867
4 0.693117 0.579801 0.00907812 0.0139813
4 0.845602 0.648759 0.00754687 0.0140515
4 0.681664 0.623864 0.00879687 0.0154567
2 0.645953 0.750152 0.0654687 0.16822
2 0.603547 0.804438 0.0310625 0.0828806
2 0.623867 0.746101 0.0720781 0.169251
2 0.545773 0.773724 0.0617031 0.150304
2 0.532461 0.597119 0.0479219 0.114333
2 0.430164 0.77308 0.0361406 0.149204
2 0.671609 0.733208 0.0875313 0.136628
2 0.403891 0.760562 0.0394688 0.172693
2 0.542773 0.662026 0.0372969 0.0403981
2 0.376555 0.755948 0.0388281 0.161077
2 0.478766 0.613536 0.0520312 0.148384
2 0.493945 0.594941 0.0468906 0.121124
2 0.567055 0.772002 0.0468906 0.128876
2 0.355086 0.754251 0.0578906 0.15993
2 0.663625 0.747213 0.0817812 0.157986
2 0.469172 0.768068 0.0319688 0.14897
2 0.489766 0.767951 0.0600625 0.160585
2 0.623648 0.676276 0.0832344 0.0489461
2 0.517648 0.593958 0.0395469 0.116956
2 0.530383 0.675 0.0318594 0.049719
2 0.594734 0.63041 0.0815937 0.0710773
2 0.581766 0.781007 0.0310625 0.137986
2 0.616516 0.641511 0.085 0.0699532
2 0.439828 0.77719 0.0375313 0.157752
2 0.346359 0.75548 0.0615625 0.157752
2 0.52275 0.716546 0.025375 0.043911
