3 0.60095 0.626187 0.10946 0.154453
3 0.88031 0.31484 0.09934 0.124933
3 0.64264 0.342347 0.13008 0.126133
3 0.52682 0.183387 0.08644 0.124427
3 0.8181 0.563573 0.11044 0.139573
3 0.54652 0.28264 0.12876 0.109067
3 0.83233 0.432293 0.12126 0.14976
3 0.69131 0.649573 0.0785 0.10576
3 0.75219 0.322573 0.09642 0.12632
3 0.70701 0.564307 0.11546 0.141893
3 0.61268 0.193733 0.09068 0.128907
3 0.56932 0.4956 0.1034 0.144533
3 0.54745 0.369427 0.1093 0.14712
3 0.62385 0.47556 0.09186 0.149253
3 0.71606 0.427427 0.11404 0.145947
3 0.70552 0.191773 0.102 0.166587
