5 0.666088 0.483703 0.0589958 0.0457813
5 0.677134 0.523 0.0608787 0.0410313
5 0.449006 0.381203 0.0446234 0.02475
5 0.601119 0.466414 0.0588494 0.0397656
5 0.755941 0.461414 0.043682 0.0385156
5 0.418253 0.439414 0.0541632 0.0394531
5 0.657929 0.45525 0.0586611 0.0346562
5 0.715962 0.445828 0.04841 0.0314063
5 0.501946 0.38025 0.0435983 0.0231875
5 0.489833 0.479227 0.0577824 0.0411406
5 0.600941 0.394797 0.0543933 0.0323437
5 0.748421 0.434289 0.0501046 0.0280469
5 0.343169 0.414781 0.0614017 0.0308125
5 0.606559 0.541609 0.0653347 0.0463125
5 0.552709 0.489227 0.0667992 0.0437344
5 0.539759 0.455555 0.0570921 0.0424844
5 0.598985 0.435961 0.0653766 0.0392969
5 0.706287 0.418187 0.0472176 0.0275938
5 0.591789 0.583625 0.0541213 0.0375313
5 0.392207 0.49357 0.053159 0.0372969
5 0.72499 0.501852 0.0658368 0.0426719
5 0.651046 0.409094 0.052636 0.0280938
5 0.508923 0.594023 0.0456695 0.0362969
5 0.489132 0.394703 0.0416109 0.0310937
5 0.550157 0.40075 0.041569 0.0295
5 0.660251 0.428 0.0528452 0.0341562
5 0.682374 0.561195 0.070523 0.0519219
5 0.46 0.42 0.054728 0.0373125
5 0.481653 0.444531 0.0599582 0.0406562
5 0.531663 0.531383 0.0656276 0.0475781
5 0.400617 0.422688 0.0557531 0.0370625
5 0.781454 0.589078 0.0435774 0.0364063
5 0.715084 0.472023 0.0558996 0.0316094
5 0.643515 0.68418 0.0461506 0.0180156
5 0.50546 0.406109 0.0521339 0.0305
5 0.359331 0.440031 0.0451464 0.0197188
5 0.69091 0.62575 0.0402301 0.0214688
5 0.589268 0.414555 0.0463598 0.0249219
5 0.616328 0.650461 0.0446234 0.0141719
5 0.434718 0.468117 0.0497699 0.0384844
5 0.624759 0.384664 0.0377615 0.0263906
5 0.539477 0.566625 0.0559414 0.0380937
5 0.621538 0.508219 0.0507322 0.0354063
5 0.282782 0.477227 0.0576987 0.0532969
5 0.398243 0.545844 0.0506276 0.0326562
5 0.53319 0.421938 0.0652092 0.035375
5 0.386726 0.400086 0.05341 0.0322969
5 0.4425 0.401438 0.0550418 0.0363438
5 0.555931 0.381711 0.0459205 0.0235781
5 0.380439 0.464156 0.0456904 0.026625
5 0.253274 0.446398 0.0798536 0.0351094
