4 0.510352 0.238542 0.121922 0.167292
4 0.413406 0.596865 0.177375 0.260896
4 0.405687 0.402302 0.15225 0.196354
4 0.10718 0.713198 0.191828 0.260729
4 0.026875 0.83826 0.05275 0.195396
4 0.914164 0.136323 0.165672 0.265313
4 0.912172 0.325583 0.119375 0.172625
4 0.895953 0.857406 0.208094 0.194688
2 0.286859 0.244094 0.292625 0.340729
2 0.80457 0.0927188 0.238766 0.185438
2 0.120055 0.128135 0.240109 0.256271
2 0.247117 0.554229 0.195891 0.315167
2 0.147836 0.790948 0.203734 0.230937
2 0.385891 0.0735104 0.156406 0.147021
0 0.708289 0.827927 0.297172 0.344146
0 0.828695 0.365812 0.236359 0.354125
0 0.600742 0.6215 0.200047 0.22025
0 0.55725 0.091875 0.202562 0.181208
0 0.836406 0.684552 0.215313 0.225562
0 0.105703 0.466698 0.170563 0.263813
0 0.568688 0.364615 0.18 0.314854
0 0.194711 0.904667 0.252891 0.18975
0 0.459219 0.440906 0.226562 0.142604
0 0.110758 0.858333 0.129422 0.09975
0 0.0409844 0.952542 0.078375 0.0933333
0 0.673742 0.20374 0.127922 0.132729
0 0.491789 0.726469 0.186297 0.258854
0 0.564289 0.971 0.119359 0.058
0 0.385898 0.0735 0.156391 0.147
