2 0.734765 0.457711 0.10554 0.0263594
2 0.202148 0.370641 0.101761 0.0689375
2 0.656009 0.463109 0.129906 0.0472813
2 0.259366 0.453523 0.232629 0.127828
2 0.628674 0.538336 0.100493 0.0697344
2 0.717359 0.30993 0.0908685 0.0776406
2 0.247523 0.568812 0.0901174 0.0480938
2 0.36507 0.328359 0.0625352 0.0918125
2 0.528991 0.458086 0.153474 0.0273906
2 0.316843 0.552891 0.160587 0.0662812
2 0.560822 0.358359 0.10662 0.0981875
2 0.817371 0.510414 0.146854 0.0496406
2 0.710775 0.525906 0.0880282 0.088625
2 0.324378 0.241531 0.0528873 0.0235625
2 0.451725 0.545187 0.114624 0.0963437
2 0.243322 0.339328 0.0809624 0.103281
2 0.751737 0.363336 0.0969953 0.0734219
2 0.365458 0.619812 0.0999296 0.100312
2 0.168732 0.636992 0.185446 0.0626719
2 0.694906 0.590977 0.115164 0.0507031
2 0.793873 0.631648 0.0933803 0.0852031
2 0.425258 0.35457 0.14446 0.113672
2 0.504073 0.358602 0.0971596 0.0953906
2 0.767101 0.471641 0.0661737 0.0392813
2 0.493662 0.486602 0.0605164 0.0460781
2 0.638157 0.32993 0.0663615 0.0955469
2 0.492347 0.593281 0.08723 0.052375
2 0.680775 0.489555 0.118826 0.0611094
2 0.270986 0.641406 0.0746479 0.0678125
2 0.165599 0.582578 0.141385 0.0535937
2 0.329906 0.356734 0.0834742 0.114281
2 0.342887 0.454758 0.203615 0.132734
2 0.353709 0.232375 0.0597183 0.0347187
2 0.446737 0.231555 0.0489202 0.0318594
2 0.521362 0.228563 0.0526291 0.0322188
2 0.446631 0.637398 0.0660329 0.0582031
2 0.770528 0.560828 0.0869718 0.0542188
2 0.68358 0.219531 0.0636854 0.037875
2 0.305059 0.604594 0.0815258 0.0596563
2 0.658803 0.394156 0.0935211 0.0195312
2 0.669883 0.371133 0.0942723 0.0522031
2 0.443427 0.289062 0.109906 0.104813
2 0.616995 0.230484 0.0389202 0.0215625
2 0.284566 0.2315 0.0489906 0.0439375
2 0.519577 0.307609 0.0704695 0.0623437
2 0.201315 0.456781 0.16338 0.115187
2 0.587876 0.372914 0.075892 0.0663281
2 0.54392 0.551648 0.0759155 0.0575156
2 0.573615 0.494508 0.103286 0.0659531
2 0.304026 0.337398 0.0588028 0.105516
2 0.172066 0.540625 0.128263 0.0519375
2 0.583404 0.599055 0.120798 0.0479844
2 0.57581 0.300297 0.0815258 0.0509687
2 0.521631 0.643812 0.0900704 0.054375
2 0.41358 0.394344 0.119131 0.0376875
2 0.694143 0.631148 0.103592 0.0681094
2 0.651995 0.293141 0.0680282 0.0452188
2 0.597829 0.6425 0.119695 0.0570312
