3 0.899164 0.383325 0.0523281 0.127692
3 0.770469 0.958375 0.0921875 0.0832506
3 0.875477 0.182581 0.125141 0.118313
3 0.920648 0.881154 0.0962344 0.0726799
3 0.746258 0.680471 0.0690156 0.20273
3 0.795195 0.189256 0.0644531 0.0797022
3 0.814008 0.28737 0.0275156 0.0413896
3 0.904281 0.765769 0.156094 0.291042
3 0.982234 0.423251 0.035 0.0582134
3 0.636453 0.442928 0.0842813 0.176725
3 0.756031 0.295707 0.143844 0.239653
3 0.810031 0.620509 0.0895 0.0610174
3 0.869688 0.938598 0.173812 0.122804
