3 0.495852 0.237437 0.0296094 0.045625
3 0.428266 0.149385 0.0442188 0.0528125
3 0.450953 0.288177 0.04575 0.0641458
3 0.470125 0.224542 0.053375 0.073625
3 0.37482 0.33549 0.0500156 0.0186042
3 0.446656 0.184115 0.02675 0.0470625
3 0.434938 0.328 0.0412187 0.0197083
3 0.599398 0.604792 0.00845313 0.0095
3 0.342852 0.320125 0.0592969 0.0469167
3 0.350352 0.162865 0.0497969 0.0664375
3 0.398125 0.157531 0.0437813 0.0533958
3 0.318781 0.220062 0.0568125 0.0808333
3 0.469469 0.841823 0.0175 0.0233542
3 0.269141 0.638885 0.018875 0.0216042
3 0.225109 0.58 0.0201875 0.02175
3 0.484156 0.865635 0.015625 0.0347292
3 0.486086 0.555219 0.0111094 0.0183542
3 0.756422 0.692177 0.02 0.0156458
3 0.266906 0.770521 0.0251875 0.0215417
3 0.582391 0.554187 0.0115 0.0169583
3 0.489375 0.279792 0.0385 0.0532917
3 0.476852 0.174583 0.0562969 0.0592917
3 0.28332 0.577854 0.0214531 0.0355417
