4 0.143617 0.31744 0.0425469 0.0516703
4 0.0995234 0.304418 0.0504531 0.0655385
4 0.087125 0.368308 0.0334062 0.0749011
4 0.183828 0.261231 0.0446562 0.0509451
4 0.179141 0.300044 0.0481562 0.0788132
4 0.324164 0.364769 0.0340469 0.0447473
4 0.117391 0.272516 0.0504062 0.0703077
4 0.360352 0.278879 0.0560469 0.0676044
4 0.156516 0.251165 0.0332812 0.0404396
4 0.256203 0.33144 0.053125 0.0741758
4 0.125063 0.390989 0.0451562 0.069011
4 0.150984 0.277857 0.0244375 0.0411209
4 0.181477 0.397165 0.0511719 0.0741099
4 0.360438 0.332637 0.035625 0.0571868
4 0.318898 0.332319 0.0479219 0.0589231
4 0.268195 0.446242 0.0539844 0.074989
4 0.144367 0.374385 0.0512969 0.0736044
4 0.27868 0.377187 0.0611406 0.0739341
4 0.198437 0.437319 0.0541562 0.0619341
4 0.232547 0.319462 0.035375 0.0767253
4 0.234336 0.470022 0.0541406 0.0589011
4 0.108773 0.359396 0.0435156 0.0634945
4 0.231352 0.391659 0.0539219 0.0715824
4 0.287469 0.316824 0.0384375 0.0584835
4 0.339867 0.387549 0.0349531 0.0672308
4 0.308828 0.259154 0.0464687 0.0667473
4 0.20475 0.325901 0.0535 0.0791868
4 0.196148 0.250967 0.0323281 0.0454945
4 0.17957 0.343626 0.0253281 0.0403077
1 0.484078 0.427659 0.200906 0.277209
