0 0.3088 0.627104 0.27412 0.392299
0 0.92011 0.279627 0.15606 0.39991
0 0.54593 0.763299 0.33646 0.473403
0 0.29285 0.39697 0.07178 0.0912537
0 0.38587 0.128075 0.08486 0.190716
0 0.85142 0.800433 0.29232 0.393522
0 0.49879 0.0806269 0.29466 0.161254
0 0.77496 0.563164 0.26964 0.342687
0 0.10351 0.538881 0.20702 0.374
0 0.45794 0.349672 0.27312 0.430388
0 0.87868 0.0687164 0.23892 0.129672
0 0.96281 0.584851 0.07438 0.211373
0 0.69952 0.215731 0.28768 0.422985
0 0.19406 0.248284 0.28588 0.43603
0 0.83836 0.295493 0.09812 0.292299
0 0.59693 0.471478 0.11746 0.16606
