2 0.814516 0.219479 0.067375 0.0763333
2 0.908445 0.55276 0.0965469 0.122562
2 0.714688 0.464073 0.0819688 0.182729
2 0.874414 0.283969 0.0792656 0.0518542
2 0.837211 0.35026 0.0453906 0.0756458
2 0.936523 0.414104 0.0664219 0.0823333
2 0.626977 0.17799 0.0618906 0.0814792
2 0.822672 0.58251 0.105688 0.157062
2 0.735188 0.23049 0.105813 0.119229
2 0.80543 0.422365 0.0759219 0.0574792
2 0.570906 0.374115 0.0855625 0.0484375
2 0.922633 0.644521 0.126016 0.101125
2 0.57543 0.322573 0.0772656 0.0621875
2 0.968375 0.527979 0.06325 0.1285
2 0.782297 0.479656 0.0618437 0.0688125
2 0.647758 0.274562 0.0448906 0.075375
2 0.447508 0.241021 0.0667656 0.075625
2 0.593727 0.251229 0.0551094 0.079625
2 0.962938 0.435177 0.0709687 0.0909792
2 0.87325 0.485 0.0909688 0.118708
2 0.528445 0.271542 0.0797969 0.104625
2 0.790562 0.31551 0.0955625 0.121271
2 0.911953 0.347146 0.0580937 0.0745
2 0.557391 0.192562 0.060375 0.0569167
2 0.759633 0.273438 0.0964219 0.0927083
2 0.597219 0.391531 0.0694063 0.110396
1 0.257055 0.149615 0.248578 0.148312
