2 0.518823 0.761031 0.0467708 0.080625
2 0.593479 0.847055 0.192833 0.157172
2 0.421906 0.741336 0.0471875 0.0507656
2 0.419292 0.691602 0.0529583 0.0722969
2 0.746406 0.973227 0.0801458 0.0535469
2 0.955531 0.985766 0.0646042 0.0284687
2 0.431854 0.869883 0.0541667 0.106891
2 0.556344 0.830047 0.142854 0.170781
2 0.0276667 0.983211 0.0536667 0.0307656
2 0.0449583 0.878445 0.0748333 0.0488906
2 0.677948 0.966477 0.0623958 0.0670469
2 0.057125 0.730711 0.0375417 0.0533594
2 0.624708 0.983953 0.0508333 0.0320937
2 0.579844 0.732758 0.0818958 0.0324219
2 0.469313 0.83293 0.0672917 0.218891
2 0.703469 0.923789 0.0594375 0.0735156
2 0.859344 0.982031 0.0751042 0.0330625
2 0.0403854 0.778266 0.0807708 0.077
2 0.844583 0.990688 0.0317917 0.0135937
2 0.274667 0.979313 0.071 0.039125
2 0.627094 0.774086 0.0362708 0.0520156
2 0.467854 0.70082 0.0533333 0.0697344
2 0.924594 0.974281 0.0560625 0.0484687
2 0.709583 0.961766 0.0445417 0.0548438
2 0.625177 0.735445 0.0449375 0.0314844
2 0.881479 0.96825 0.0507917 0.0595313
2 0.453802 0.68632 0.0371875 0.0617656
2 0.585104 0.885773 0.125458 0.0941094
2 0.589229 0.962945 0.066 0.0566719
2 0.423563 0.814617 0.048875 0.129234
2 0.50175 0.982609 0.0738333 0.0338437
2 0.0294063 0.72443 0.0341875 0.0439531
2 0.566656 0.974359 0.0792292 0.0507187
2 0.496385 0.69 0.0803542 0.0743438
2 0.617115 0.882023 0.182313 0.150453
2 0.566073 0.762531 0.0535625 0.0694063
2 0.533906 0.711406 0.0976042 0.0711875
2 0.0222708 0.854398 0.0445417 0.0730781
2 0.811583 0.987141 0.027875 0.01125
2 0.45225 0.749883 0.0520417 0.0696094
2 0.0479479 0.922156 0.0707708 0.05025
4 0.358427 0.237438 0.0309375 0.022625
4 0.0257396 0.0732422 0.0328125 0.0285156
4 0.441875 0.0858359 0.0447917 0.0311719
4 0.0597188 0.07725 0.0352708 0.0357188
4 0.301583 0.279203 0.039125 0.0375937
4 0.777198 0.199273 0.0571458 0.0358906
4 0.134427 0.0825 0.0444375 0.035375
4 0.741344 0.297687 0.0430625 0.0338437
4 0.870625 0.0472109 0.0332083 0.0358594
4 0.332646 0.174406 0.041875 0.0515312
4 0.274833 0.119539 0.045125 0.0348594
4 0.753854 0.1705 0.0397917 0.0339375
4 0.363552 0.200313 0.0441042 0.0338437
4 0.0757083 0.145422 0.046125 0.0411875
4 0.878781 0.0841016 0.0430625 0.0430781
4 0.318562 0.132383 0.0645417 0.0377969
4 0.386896 0.0370547 0.0396667 0.0294844
4 0.338625 0.0994297 0.0531667 0.0370469
4 0.99076 0.29725 0.0184792 0.0210625
4 0.301281 0.0778594 0.0456875 0.0322812
4 0.192344 0.123266 0.0163542 0.0109375
4 0.79776 0.0189766 0.0396458 0.0317969
4 0.746542 0.05825 0.0429167 0.0447813
4 0.0953125 0.0701953 0.0475833 0.0417969
4 0.778594 0.310953 0.0453958 0.0212812
4 0.397781 0.201 0.0316042 0.0218438
4 0.901365 0.165383 0.0595208 0.0526094
4 0.329552 0.214766 0.0481042 0.0274375
4 0.0179271 0.103844 0.0253125 0.0184687
4 0.296969 0.182359 0.0369792 0.0412813
4 0.697719 0.130828 0.0116458 0.011125
4 0.0216667 0.194062 0.0372917 0.0266875
4 0.69949 0.226461 0.0389792 0.0420469
4 0.329698 0.0416562 0.0456458 0.0365313
4 0.0437604 0.0410781 0.0464792 0.0374375
4 0.759229 0.274039 0.060125 0.0306094
4 0.730948 0.24918 0.0454375 0.0385781
4 0.833281 0.243586 0.0329792 0.0183594
4 0.195271 0.145016 0.018875 0.0385
4 0.898125 0.130352 0.0642917 0.0435781
4 0.779823 0.0458672 0.0396875 0.0307656
4 0.934573 0.211375 0.0352708 0.025125
4 0.264771 0.157398 0.0396667 0.0240156
4 0.968969 0.233367 0.0423125 0.0307656
4 0.765271 0.247727 0.04075 0.0349531
4 0.798302 0.0793594 0.0526458 0.0325625
4 0.0400104 0.171922 0.0471875 0.0340937
4 0.0871771 0.0343906 0.0489375 0.0376875
4 0.966562 0.284086 0.0349583 0.0253281
4 0.670531 0.205219 0.0502292 0.0425
4 0.164813 0.0815469 0.02875 0.0313125
4 0.275167 0.0717812 0.0426667 0.0367813
4 0.228271 0.212273 0.0350417 0.0354531
4 0.14449 0.11343 0.0480625 0.0390156
4 0.258979 0.207867 0.045125 0.0356406
4 0.837646 0.12818 0.0490833 0.0376094
4 0.726562 0.151766 0.0469167 0.0321875
4 0.98325 0.213195 0.0335 0.0247969
4 0.0460417 0.00933594 0.036875 0.0174219
4 0.295719 0.226852 0.0376042 0.0207656
4 0.439042 0.116375 0.014375 0.0274687
4 0.795323 0.166758 0.0466458 0.0474844
4 0.972677 0.313328 0.0396042 0.0261562
4 0.370146 0.158094 0.0480833 0.0342812
4 0.761417 0.100188 0.041875 0.0273438
4 0.638083 0.216086 0.03575 0.0298281
4 0.843615 0.265477 0.0313125 0.0218281
4 0.222646 0.0837109 0.0227917 0.0456094
4 0.293052 0.209609 0.0271875 0.024625
4 0.275531 0.0601797 0.0454792 0.0325781
4 0.3195 0.20375 0.03 0.0215
4 0.930167 0.237516 0.0365833 0.0325625
4 0.209625 0.0793359 0.0157917 0.0155469
4 0.415781 0.174445 0.0302708 0.0192344
4 0.836552 0.0591016 0.0475208 0.0335781
4 0.96374 0.259492 0.0423958 0.0256406
4 0.203885 0.103164 0.0133125 0.0125781
4 0.929281 0.271469 0.0254375 0.034375
4 0.802 0.219266 0.0671667 0.0447813
4 0.163635 0.0492344 0.0366042 0.0340625
4 0.297583 0.241797 0.0331667 0.03025
4 0.960469 0.200531 0.0505208 0.0317188
4 0.716156 0.182234 0.0369375 0.0376875
4 0.844948 0.0928516 0.0449375 0.0433281
4 0.229677 0.0483047 0.0393958 0.0287344
4 0.987854 0.340734 0.0242917 0.0267188
4 0.0628125 0.112 0.0457083 0.0336875
4 0.98426 0.161117 0.0314792 0.0257969
4 0.227417 0.117687 0.0272083 0.0253437
4 0.190031 0.0462656 0.0234792 0.02825
4 0.363656 0.0426875 0.0259792 0.024875
4 0.802625 0.0577109 0.0234167 0.00907812
4 0.167854 0.0208438 0.0485 0.0405
4 0.0865521 0.00897656 0.0444375 0.0179531
4 0.986906 0.185203 0.0261875 0.031875
4 0.117979 0.18932 0.0380417 0.0190156
4 0.695708 0.16218 0.0215417 0.0156406
4 0.734979 0.211711 0.0416667 0.0299219
4 0.811375 0.286891 0.034875 0.0212812
4 0.8395 0.198227 0.0383333 0.0303906
4 0.218458 0.171336 0.0215417 0.0194844
4 0.0965833 0.237813 0.0390833 0.0375625
4 0.258865 0.0942812 0.0540208 0.0402187
4 0.954844 0.179 0.0568125 0.0287813
4 0.0647604 0.258203 0.0376042 0.0271875
4 0.0678542 0.222016 0.041375 0.0189687
4 0.818823 0.0381328 0.0449375 0.0321094
4 0.107833 0.21 0.0355417 0.03025
4 0.773813 0.0291875 0.039625 0.0279063
4 0.692646 0.124117 0.0145833 0.0118281
4 0.713865 0.112297 0.0126458 0.01
4 0.369313 0.12318 0.0465 0.0328281
4 0.286083 0.0136953 0.0335417 0.0181406
4 0.41924 0.148469 0.0492708 0.03475
4 0.217438 0.187875 0.0229167 0.015125
4 0.102875 0.104531 0.041 0.0446562
4 0.941458 0.294516 0.0273333 0.0284375
4 0.81224 0.258211 0.0253958 0.0328594
4 0.14825 0.137531 0.0267083 0.0179063
4 0.943156 0.270945 0.0290625 0.0243594
4 0.991771 0.241516 0.0164583 0.0325625
4 0.873646 0.190133 0.0396667 0.0366719
4 0.425438 0.0734766 0.0485417 0.0309219
4 0.672656 0.236172 0.0401458 0.036125
4 0.682708 0.149617 0.014 0.0115469
4 0.082 0.173727 0.039 0.0330469
4 0.264156 0.0284609 0.0551042 0.0295469
4 0.128094 0.00876563 0.0445208 0.0175313
4 0.896563 0.103383 0.0202083 0.0142656
4 0.686073 0.106766 0.0123125 0.0138437
4 0.371385 0.0129609 0.0415625 0.0259219
4 0.384656 0.0999766 0.0491042 0.0518906
4 0.247344 0.0155859 0.0441875 0.0311719
4 0.80124 0.131273 0.0393542 0.0295156
4 0.0186979 0.0147266 0.0371875 0.0282344
4 0.0635729 0.202422 0.0478958 0.0281563
4 0.03375 0.137375 0.0465 0.037625
4 0.713479 0.110281 0.0602083 0.0537813
4 0.682031 0.160383 0.0140208 0.0130781
