2 0.69412 0.198208 0.11104 0.331898
2 0.71952 0.145828 0.13788 0.291657
2 0.55487 0.190753 0.0851 0.333253
2 0.50201 0.317846 0.07738 0.175572
2 0.58431 0.824051 0.09698 0.351898
2 0.63867 0.154669 0.10662 0.309337
2 0.6185 0.268012 0.08852 0.343193
2 0.69901 0.33753 0.04982 0.118012
2 0.59021 0.381973 0.07922 0.108946
2 0.63626 0.825572 0.09332 0.342892
2 0.78436 0.149398 0.07492 0.298795
2 0.51688 0.209804 0.08676 0.32244
2 0.72901 0.826386 0.15018 0.347229
2 0.55856 0.820557 0.14592 0.357018
2 0.69591 0.826988 0.09654 0.339277
