3 0.64984 0.809536 0.07612 0.143263
3 0.48089 0.231946 0.10062 0.140479
3 0.72035 0.426647 0.10334 0.0807186
3 0.71934 0.245135 0.05036 0.0861377
3 0.11477 0.384356 0.12818 0.118413
3 0.37459 0.948159 0.05274 0.0518263
3 0.84608 0.61735 0.08508 0.0748802
3 0.06599 0.463383 0.13198 0.185988
3 0.72926 0.821407 0.08964 0.190659
3 0.36243 0.648982 0.10806 0.135449
3 0.3282 0.414416 0.05212 0.172305
3 0.66413 0.702156 0.07386 0.0864072
3 0.66657 0.638219 0.11374 0.116617
3 0.46803 0.344506 0.03782 0.0648802
3 0.1872 0.433084 0.0396 0.0979641
3 0.83111 0.861557 0.10878 0.211078
3 0.28902 0.453234 0.08156 0.120419
3 0.96739 0.783982 0.06522 0.136168
3 0.30555 0.293159 0.10246 0.132725
3 0.0507 0.669521 0.09108 0.179641
