2 0.521789 0.864639 0.117359 0.0963636
2 0.741125 0.340711 0.139219 0.151538
2 0.730273 0.552739 0.0850469 0.108974
2 0.490609 0.316783 0.0916562 0.209138
2 0.462438 0.717657 0.048 0.16655
2 0.611781 0.413788 0.0651875 0.168788
2 0.521281 0.491923 0.0504687 0.252564
2 0.541531 0.593077 0.052875 0.209744
2 0.548586 0.303904 0.0584531 0.205524
2 0.46868 0.446375 0.0716406 0.18627
2 0.60193 0.348788 0.0503281 0.222238
2 0.344688 0.572214 0.100156 0.0993473
2 0.38643 0.786026 0.113141 0.095641
2 0.435539 0.62838 0.0523594 0.189487
2 0.434672 0.531667 0.0757188 0.246317
2 0.321039 0.725396 0.143141 0.0717249
2 0.497328 0.378974 0.0757188 0.187179
2 0.587477 0.76197 0.0509844 0.0407692
2 0.37475 0.491282 0.0884062 0.105641
2 0.608344 0.632156 0.0943125 0.144499
2 0.588758 0.533893 0.0547656 0.199487
2 0.504883 0.676667 0.0478906 0.14
2 0.293719 0.783916 0.0954688 0.062704
2 0.342844 0.631037 0.0844063 0.125245
2 0.518422 0.731399 0.102281 0.166667
2 0.377047 0.370338 0.0420625 0.0761538
2 0.656227 0.506585 0.109859 0.123333
2 0.430063 0.847436 0.0802188 0.102378
2 0.499148 0.93951 0.0690156 0.112261
2 0.489039 0.568858 0.0538906 0.186527
2 0.404195 0.331538 0.0844531 0.0892308
2 0.361398 0.423473 0.0767344 0.0588811
2 0.557391 0.42303 0.0437188 0.176084
2 0.66243 0.548951 0.0516406 0.171422
2 0.76682 0.447821 0.124359 0.100723
2 0.615617 0.690594 0.108859 0.106643
2 0.577328 0.79359 0.0575 0.0907692
2 0.65218 0.592704 0.143172 0.0717949
2 0.529414 0.789476 0.0667344 0.0928438
2 0.419914 0.415 0.0638594 0.125385
2 0.721195 0.452308 0.150047 0.0820513
2 0.405484 0.69697 0.0701875 0.155524
2 0.305016 0.65979 0.123094 0.0687179
2 0.440664 0.932249 0.0422656 0.0735431
2 0.664367 0.654196 0.0301094 0.0921678
2 0.551406 0.842051 0.0770938 0.045641
2 0.385648 0.56845 0.0570781 0.135688
2 0.653023 0.394312 0.0658281 0.19627
2 0.430289 0.288846 0.0617969 0.112051
2 0.321672 0.844231 0.0965625 0.0961538
2 0.428094 0.237774 0.038375 0.0810023
2 0.261398 0.748718 0.0442969 0.0406527
