2 0.386885 0.350141 0.135035 0.0545312
2 0.411639 0.219258 0.139344 0.0759531
2 0.711698 0.290242 0.256979 0.0837969
2 0.408314 0.291242 0.136956 0.0782656
2 0.690445 0.207313 0.257283 0.0822187
2 0.652412 0.458273 0.217283 0.257328
2 0.763173 0.423547 0.198478 0.260906
2 0.588431 0.430484 0.254988 0.255875
0 0.632529 0.579055 0.11733 0.0571719
0 0.555422 0.454359 0.114637 0.0807187
0 0.459309 0.368156 0.135621 0.0864062
0 0.273044 0.49675 0.145199 0.083125
0 0.433677 0.451227 0.134801 0.0908906
0 0.480785 0.493625 0.0861593 0.0672188
0 0.514356 0.409797 0.0567213 0.0466875
0 0.387377 0.429008 0.0815925 0.0833906
0 0.387482 0.509828 0.124145 0.07225
0 0.50548 0.577117 0.113162 0.0592656
