2 0.263982 0.482969 0.0753786 0.0325
2 0.614726 0.658 0.112324 0.04975
2 0.377833 0.712547 0.104073 0.0584687
2 0.686632 0.693148 0.0994256 0.0692031
2 0.690757 0.7475 0.186893 0.134
2 0.825313 0.708977 0.110627 0.0630781
2 0.434347 0.679055 0.0726632 0.0484219
2 0.228355 0.707148 0.107206 0.0696719
2 0.484021 0.647945 0.0690339 0.0328281
2 0.718368 0.674492 0.0979373 0.0608281
2 0.765914 0.66082 0.100757 0.0528281
2 0.793773 0.749344 0.158512 0.107625
2 0.114674 0.526438 0.0612533 0.0230312
2 0.508799 0.673586 0.0553003 0.0343594
2 0.219869 0.505812 0.0941514 0.0223125
