1 0.716535 0.83552 0.023313 0.01644
1 0.710681 0.65911 0.0197764 0.02878
1 0.779837 0.85259 0.0380894 0.03206
1 0.752195 0.69166 0.0256911 0.02656
1 0.701037 0.84679 0.0362195 0.01562
1 0.74126 0.6426 0.0231301 0.02316
1 0.722449 0.67561 0.021687 0.02318
1 0.77439 0.70339 0.0392276 0.0439
1 0.776555 0.87169 0.0222154 0.02146
1 0.807185 0.66427 0.0203455 0.02106
1 0.782886 0.7079 0.0197561 0.0232
1 0.752907 0.60165 0.0275203 0.02666
1 0.797165 0.75263 0.0325813 0.02278
1 0.791697 0.73511 0.0165244 0.01978
