2 0.471883 0.260153 0.0210469 0.0660798
2 0.438492 0.372488 0.0532656 0.186244
2 0.580953 0.559425 0.04425 0.110258
2 0.494148 0.354425 0.0381094 0.163122
2 0.537656 0.261362 0.036625 0.0835211
2 0.413617 0.293838 0.0377031 0.114014
2 0.583516 0.34115 0.0326562 0.0703756
2 0.499328 0.435352 0.03375 0.116901
2 0.647969 0.529847 0.0377188 0.0966432
2 0.533734 0.684249 0.0682187 0.0620188
2 0.510203 0.562453 0.0407813 0.126455
2 0.532961 0.509953 0.0276094 0.131408
2 0.520297 0.276221 0.0186875 0.0371831
2 0.443023 0.547054 0.0431406 0.138192
2 0.617219 0.694894 0.0324375 0.0508216
2 0.576258 0.522054 0.0399219 0.0984742
2 0.492328 0.606585 0.059375 0.085892
2 0.612648 0.389953 0.0227969 0.0710798
2 0.371203 0.331103 0.0341875 0.0937089
2 0.473906 0.522371 0.0387813 0.122723
2 0.628547 0.416796 0.0151875 0.0787089
2 0.657125 0.5973 0.0665313 0.10385
2 0.627563 0.594847 0.0914375 0.0979108
2 0.552617 0.380986 0.0421719 0.116244
2 0.585289 0.405751 0.0427969 0.109061
2 0.593242 0.455892 0.0378594 0.0846479
2 0.52607 0.350716 0.0410781 0.142606
2 0.501883 0.240176 0.0417969 0.0797418
2 0.513852 0.522054 0.0371406 0.137019
2 0.496023 0.64608 0.0917031 0.0976526
2 0.669453 0.50777 0.019875 0.0853991
2 0.473047 0.479883 0.020875 0.0885915
2 0.443727 0.627676 0.0434219 0.0755399
2 0.410055 0.45 0.0866094 0.159249
2 0.493852 0.496115 0.0257031 0.123826
2 0.462094 0.362042 0.0340625 0.184225
2 0.53068 0.431174 0.0302344 0.0974648
2 0.421227 0.40216 0.0750781 0.168263
2 0.625219 0.480892 0.0419687 0.0551174
2 0.616016 0.55365 0.0495 0.121103
2 0.39382 0.508122 0.0541406 0.0751174
2 0.392492 0.337817 0.0361719 0.11615
2 0.561805 0.714413 0.0343906 0.108169
2 0.517984 0.230892 0.0155312 0.038216
2 0.446922 0.297594 0.0309063 0.09223
2 0.635188 0.649437 0.0831563 0.0462911
2 0.399281 0.276021 0.02525 0.0864085
2 0.455 0.502852 0.020875 0.0782394
2 0.560523 0.504777 0.0326406 0.137254
2 0.555766 0.278474 0.024875 0.0915962
2 0.357641 0.382805 0.037625 0.116408
