2 0.656445 0.639075 0.149859 0.442459
2 0.981617 0.192717 0.0354844 0.255785
2 0.892734 0.330269 0.213719 0.660539
2 0.567484 0.647248 0.173969 0.431452
2 0.422031 0.63671 0.195219 0.430468
2 0.5525 0.214614 0.34975 0.293864
2 0.331062 0.556311 0.260313 0.434262
2 0.7375 0.185703 0.1505 0.362881
2 0.984117 0.0948126 0.0317656 0.189625
2 0.754828 0.532049 0.255938 0.452529
2 0.318273 0.336604 0.244047 0.5
2 0.375133 0.102002 0.116672 0.137681
2 0.68268 0.267342 0.0971406 0.184941
2 0.306445 0.0934426 0.102234 0.186885
2 0.849367 0.465714 0.269547 0.387728
2 0.577898 0.0528103 0.0562969 0.105621
2 0.465398 0.0446956 0.132797 0.0800703
2 0.648516 0.111148 0.137281 0.222295
2 0.267383 0.254098 0.0899219 0.16103
2 0.443305 0.382529 0.170359 0.485714
