2 0.0265078 0.151066 0.0525781 0.140679
2 0.335164 0.270047 0.0393281 0.152272
2 0.0582812 0.57897 0.0658125 0.137424
2 0.0979141 0.920422 0.0394531 0.140234
2 0.143008 0.32411 0.0787656 0.185129
2 0.09675 0.183946 0.0475625 0.12822
2 0.0712578 0.880703 0.0319219 0.140094
2 0.136844 0.300304 0.0985938 0.181733
2 0.18068 0.307201 0.0627656 0.182693
2 0.0846641 0.419005 0.0359219 0.0940749
2 0.0548359 0.625269 0.0594219 0.171241
2 0.222117 0.083829 0.0539219 0.167283
2 0.153195 0.635773 0.0468281 0.163349
2 0.141477 0.622881 0.0481719 0.153817
2 0.0750625 0.166768 0.0415312 0.137799
2 0.255789 0.0494496 0.0693281 0.0988993
2 0.201898 0.0869204 0.0355469 0.160351
2 0.300203 0.180644 0.0362813 0.0861593
2 0.0805078 0.313852 0.0459844 0.124098
2 0.107367 0.731581 0.0511094 0.0674239
2 0.149984 0.709871 0.0403437 0.07
2 0.0515234 0.962775 0.0551719 0.0744496
2 0.148617 0.874789 0.0558906 0.101288
2 0.0349062 0.924953 0.0467813 0.101148
2 0.0932344 0.585129 0.049875 0.148103
2 0.122297 0.605094 0.0499375 0.150234
2 0.202289 0.341745 0.0430156 0.166159
2 0.0216016 0.0857143 0.0432031 0.0703513
2 0.117266 0.440211 0.0395625 0.0857143
2 0.15982 0.601112 0.0767344 0.144614
2 0.225672 0.302834 0.0589688 0.18829
2 0.295711 0.285269 0.0289219 0.0562529
2 0.0759375 0.692143 0.0295625 0.0671897
2 0.16432 0.0774473 0.0365469 0.154895
2 0.157 0.41034 0.0407187 0.0527635
2 0.265711 0.137061 0.0367344 0.0982904
2 0.36375 0.26678 0.0503125 0.124052
2 0.0922266 0.717436 0.0521406 0.0753864
2 0.158844 0.907869 0.0190625 0.0933489
2 0.299867 0.128267 0.0382969 0.0975644
2 0.137086 0.0709016 0.0569219 0.139742
2 0.0219844 0.125925 0.0439688 0.108712
2 0.120586 0.888466 0.0689219 0.128689
2 0.135172 0.0273536 0.0552188 0.0547073
2 0.231352 0.0637588 0.0491094 0.127518
2 0.110406 0.304625 0.0406875 0.0876581
2 0.15143 0.142248 0.0343906 0.0575644
2 0.287617 0.218255 0.0430469 0.111405
2 0.0459687 0.169227 0.0326562 0.169742
2 0.147039 0.44897 0.0331719 0.0728337
