2 0.401125 0.227365 0.0315 0.0477049
2 0.457289 0.214028 0.0332031 0.0415457
2 0.484656 0.243326 0.0689687 0.074192
2 0.471063 0.305246 0.0895937 0.128384
2 0.534719 0.291534 0.046375 0.0140749
2 0.357016 0.256464 0.071875 0.0613115
2 0.41875 0.194461 0.055 0.064192
2 0.465914 0.189567 0.0651406 0.0366042
2 0.584969 0.18041 0.038125 0.0599766
2 0.378461 0.207307 0.0425781 0.0470258
2 0.499352 0.206628 0.0219219 0.0224356
2 0.523906 0.271382 0.0421562 0.0406557
2 0.588703 0.238056 0.0378125 0.0587354
