2 0.871438 0.0795781 0.0815417 0.159156
2 0.956667 0.221953 0.0866667 0.134125
2 0.227573 0.508461 0.236771 0.106078
2 0.229292 0.421727 0.156625 0.151797
2 0.571 0.431102 0.1725 0.155078
2 0.614802 0.26107 0.0621875 0.149797
2 0.301583 0.345641 0.0397917 0.09325
2 0.43925 0.612922 0.0719583 0.129719
2 0.83349 0.197695 0.108188 0.229203
2 0.7325 0.0770391 0.124792 0.154078
2 0.965854 0.131406 0.063125 0.0982187
2 0.593812 0.558391 0.143583 0.064875
2 0.938021 0.096625 0.0957083 0.19325
2 0.949875 0.353695 0.10025 0.0722656
2 0.51475 0.203313 0.059875 0.10875
2 0.351104 0.461508 0.0750833 0.146328
2 0.463802 0.301234 0.104188 0.2205
2 0.226021 0.457578 0.209667 0.129594
2 0.988448 0.04975 0.0231042 0.0995
2 0.520604 0.65482 0.102583 0.210047
2 0.758656 0.367938 0.140146 0.132969
2 0.582125 0.601797 0.165125 0.101531
2 0.609365 0.161406 0.0600625 0.113437
2 0.358969 0.355922 0.0607292 0.148281
2 0.899979 0.441156 0.19625 0.121281
2 0.683552 0.464453 0.195312 0.124219
2 0.558906 0.278867 0.0711875 0.222828
2 0.685198 0.373664 0.132146 0.155984
2 0.724479 0.550695 0.231292 0.0781094
2 0.264813 0.646789 0.0548333 0.0361406
2 0.503875 0.31693 0.0831667 0.207609
2 0.696458 0.520164 0.292667 0.0880781
2 0.229646 0.567789 0.216375 0.0733906
2 0.866583 0.267617 0.0922917 0.159234
2 0.875854 0.32468 0.111333 0.141328
2 0.302802 0.42632 0.0944792 0.203891
2 0.56299 0.628148 0.153854 0.154266
2 0.890667 0.400117 0.1585 0.100984
2 0.277156 0.429828 0.109563 0.175281
2 0.718458 0.32575 0.140083 0.146812
2 0.948615 0.501469 0.102771 0.0615313
2 0.480219 0.534273 0.166313 0.0343594
2 0.244302 0.337797 0.0473958 0.0669375
2 0.584938 0.324742 0.061875 0.154109
2 0.410573 0.508234 0.0510208 0.0303125
2 0.319802 0.450195 0.0919375 0.154891
2 0.769719 0.0592344 0.0779375 0.114875
2 0.832552 0.163453 0.129354 0.269031
2 0.80501 0.0488672 0.0653542 0.0977344
2 0.58525 0.49493 0.0819167 0.155047
2 0.8115 0.504469 0.21625 0.0546562
2 0.434021 0.470953 0.111458 0.144875
2 0.458302 0.15718 0.0533125 0.0701719
2 0.350021 0.238891 0.0334167 0.08575
2 0.557438 0.154539 0.0505833 0.0607656
2 0.463229 0.186789 0.0550417 0.0807656
2 0.42249 0.395969 0.0811042 0.0782188
2 0.426812 0.298891 0.1305 0.222688
