0 0.780907 0.871495 0.239624 0.224722
0 0.823407 0.703105 0.226781 0.203987
0 0.277296 0.388595 0.539984 0.580654
0 0.724395 0.508848 0.164837 0.146454
0 0.657892 0.665082 0.176307 0.179118
0 0.537925 0.217516 0.077451 0.0619608
0 0.606168 0.778668 0.20799 0.206585
0 0.675621 0.394109 0.134641 0.103742
0 0.843513 0.50585 0.107582 0.113301
0 0.936111 0.547802 0.125817 0.113578
0 0.954502 0.466748 0.0909967 0.0779412
0 0.606291 0.365082 0.0322222 0.0677778
0 0.572974 0.261789 0.0834967 0.0926307
0 0.641977 0.470106 0.0820915 0.130735
0 0.973309 0.397827 0.0510294 0.0715359
0 0.456667 0.15482 0.0268301 0.0287908
0 0.509453 0.166642 0.0812582 0.0523366
0 0.597181 0.558456 0.0723039 0.150768
0 0.864379 0.439943 0.124608 0.0938399
0 0.925564 0.633971 0.148873 0.136667
