2 0.29 0.965792 0.00765625 0.0256667
2 0.328422 0.989615 0.0177813 0.00847917
2 0.31882 0.971885 0.00851563 0.0265625
2 0.276914 0.906667 0.00789063 0.0266667
2 0.280523 0.966917 0.00795313 0.028
2 0.262219 0.911625 0.0152812 0.020375
2 0.281859 0.909542 0.00996875 0.0185
2 0.272125 0.987187 0.0199063 0.00958333
2 0.285359 0.915594 0.0165313 0.0124375
2 0.265938 0.880729 0.007 0.019875
2 0.27018 0.908719 0.00595313 0.0302708
2 0.270523 0.97999 0.0155781 0.00922917
2 0.274406 0.972437 0.015 0.0177083
2 0.259492 0.882615 0.0105781 0.0169375
2 0.299656 0.984885 0.0203438 0.0128958
2 0.308352 0.973125 0.0117344 0.0288333
2 0.339602 0.965875 0.00826563 0.0135833
2 0.316758 0.955594 0.0117344 0.0156458
2 0.338008 0.974844 0.0163594 0.00939583
2 0.283352 0.893844 0.0155781 0.0076875
2 0.32193 0.972604 0.0121406 0.022
2 0.284406 0.965135 0.00403125 0.0123125
2 0.254312 0.894104 0.0165313 0.00770833
2 0.255508 0.928938 0.0183594 0.0215
