5 0.740321 0.589359 0.0876152 0.0334375
5 0.505862 0.737047 0.0478357 0.0255312
5 0.804188 0.672875 0.0452505 0.02025
5 0.624238 0.637367 0.0885972 0.0257969
5 0.647365 0.586078 0.0454709 0.0332812
5 0.402996 0.583375 0.0253106 0.0310312
5 0.352515 0.75575 0.0431463 0.0599375
5 0.795711 0.609398 0.051022 0.0257344
5 0.343377 0.658625 0.042024 0.03525
5 0.735511 0.659547 0.0808818 0.0310312
5 0.2952 0.711914 0.036493 0.0289844
5 0.899529 0.704812 0.0659118 0.0299063
5 0.418908 0.658695 0.0275551 0.0267969
5 0.914178 0.632867 0.0756112 0.0269219
5 0.440471 0.557898 0.0397796 0.0412969
