2 0.372108 0.177281 0.0439344 0.061375
2 0.405703 0.268836 0.0657845 0.0643906
2 0.433759 0.158039 0.0311241 0.0410469
2 0.505609 0.133805 0.0352459 0.0369844
2 0.330328 0.252477 0.037377 0.0469219
2 0.414251 0.217914 0.0244262 0.0597969
2 0.372131 0.33282 0.0933489 0.0245781
2 0.337061 0.201156 0.0402576 0.039625
2 0.436733 0.0910078 0.0262998 0.0922031
2 0.359485 0.178875 0.0459953 0.0531875
2 0.391604 0.285367 0.0775878 0.0508906
2 0.353068 0.244531 0.0296956 0.03625
2 0.363642 0.14718 0.0224122 0.0252969
2 0.460773 0.152617 0.0285714 0.0554844
2 0.378056 0.224961 0.0303513 0.0533906
2 0.561183 0.172258 0.0348712 0.0338594
2 0.386663 0.150391 0.0262061 0.066
2 0.448009 0.123398 0.0329274 0.0471406
2 0.351276 0.119195 0.0619906 0.0454219
2 0.404532 0.172195 0.0262529 0.0710781
2 0.475913 0.160484 0.0236768 0.0615313
2 0.372037 0.309461 0.0983138 0.0368594
2 0.371803 0.248711 0.034192 0.0474219
2 0.382974 0.0992891 0.0652927 0.0694531
2 0.371557 0.292531 0.108361 0.0481562
2 0.470468 0.103602 0.0354567 0.0670156
2 0.510504 0.11432 0.0449415 0.0649844
2 0.409953 0.241867 0.046089 0.0663906
