2 0.502868 0.80425 0.135946 0.18934
2 0.888724 0.8412 0.218889 0.25528
2 0.105195 0.85082 0.21039 0.16052
2 0.251351 0.27039 0.0727327 0.03866
2 0.702357 0.9026 0.136907 0.15244
2 0.26991 0.93207 0.0974775 0.04926
2 0.567763 0.20268 0.0621922 0.12496
2 0.565661 0.82257 0.106096 0.16154
2 0.154414 0.87798 0.237237 0.1302
2 0.57509 0.94474 0.123574 0.06456
2 0.365526 0.28344 0.0845646 0.03888
2 0.341111 0.79976 0.206006 0.16932
2 0.393724 0.84025 0.19021 0.17882
2 0.611456 0.25636 0.0518619 0.0974
2 0.35452 0.19379 0.0530631 0.05558
2 0.514745 0.22225 0.0554354 0.09994
2 0.343589 0.15723 0.0511411 0.03898
2 0.569474 0.28281 0.0487988 0.04654
2 0.83548 0.8206 0.125315 0.17324
2 0.618784 0.18828 0.0561261 0.1118
2 0.69464 0.29527 0.0564865 0.04438
2 0.435736 0.25224 0.0559159 0.08368
2 0.0295045 0.93895 0.059009 0.06882
2 0.195541 0.8094 0.235766 0.13416
2 0.392012 0.90059 0.178078 0.19882
2 0.386321 0.25231 0.0564865 0.04154
2 0.635661 0.84006 0.145676 0.2272
2 0.313468 0.18885 0.0381081 0.04994
2 0.758859 0.87441 0.093033 0.15026
2 0.691952 0.19077 0.093033 0.11694
2 0.0611712 0.79727 0.116937 0.11802
2 0.700495 0.23987 0.111502 0.11462
2 0.40497 0.28615 0.0330631 0.02922
2 0.15467 0.9401 0.192943 0.1152
2 0.386351 0.19376 0.0569069 0.07564
2 0.84542 0.8573 0.16033 0.21256
2 0.513739 0.28059 0.0818919 0.04638
2 0.280435 0.18816 0.0399099 0.03532
2 0.484129 0.27045 0.0565465 0.04334
2 0.986922 0.90324 0.0261562 0.03676
2 0.373213 0.23218 0.0797598 0.03564
2 0.966306 0.66671 0.0673874 0.01842
2 0.451862 0.17663 0.0958559 0.1369
2 0.265165 0.22773 0.0524324 0.04938
2 0.276006 0.88903 0.102643 0.0641
2 0.474384 0.92441 0.130691 0.11646
2 0.661186 0.21334 0.0591892 0.12384
2 0.489489 0.17232 0.0515916 0.0718
2 0.0272072 0.77405 0.0544144 0.1229
2 0.320075 0.2563 0.102372 0.0666
2 0.618378 0.29213 0.0602402 0.0387
2 0.300736 0.22879 0.0582282 0.04938
2 0.964384 0.69619 0.0687087 0.05222
2 0.704369 0.78638 0.201351 0.15964
0 0.80506 0.52741 0.106757 0.08166
0 0.490886 0.55497 0.161051 0.09854
0 0.318679 0.71358 0.18048 0.1204
0 0.0733183 0.67487 0.146637 0.10822
0 0.606817 0.61868 0.142222 0.1018
0 0.980405 0.56156 0.0391892 0.04728
0 0.885225 0.54884 0.135616 0.09252
0 0.970045 0.49711 0.0599099 0.08206
0 0.826517 0.66749 0.161261 0.1133
0 0.498529 0.65776 0.16997 0.10644
0 0.876411 0.45671 0.149459 0.09898
0 0.635075 0.52211 0.154174 0.10974
0 0.987778 0.4239 0.0207808 0.05752
0 0.19506 0.6017 0.150841 0.11564
0 0.320375 0.65761 0.165856 0.06818
0 0.737402 0.5433 0.0791291 0.02212
0 0.973453 0.61904 0.0530931 0.08152
0 0.34524 0.57524 0.161952 0.10848
0 0.861697 0.60061 0.149339 0.09982
0 0.287568 0.61408 0.0540541 0.04636
0 0.931066 0.51054 0.113844 0.09584
0 0.729865 0.59956 0.150661 0.10376
