4 0.763594 0.0958542 0.00775 0.010625
4 0.805203 0.402104 0.0133437 0.0210417
4 0.840695 0.236198 0.0102031 0.0115625
4 0.862586 0.259813 0.00904687 0.0110833
4 0.825477 0.372729 0.00901562 0.012375
4 0.843508 0.149521 0.0107656 0.00958333
4 0.835266 0.207021 0.00846875 0.0112917
4 0.847086 0.34049 0.0128281 0.0127292
4 0.794023 0.203563 0.0132344 0.0172917
4 0.876891 0.411833 0.0125625 0.0139167
4 0.871813 0.349333 0.0137187 0.00675
4 0.898508 0.103594 0.0112344 0.0144375
4 0.871008 0.384292 0.0134219 0.0143333
4 0.840336 0.227104 0.0110469 0.013125
4 0.898992 0.370333 0.0115781 0.0149167
4 0.890914 0.155135 0.00970312 0.0076875
4 0.94293 0.597771 0.0181719 0.0223333
4 0.786523 0.377365 0.0144219 0.0198542
4 0.922156 0.414479 0.0128125 0.015375
4 0.768117 0.336156 0.0152344 0.0191875
4 0.857687 0.16424 0.00971875 0.0137708
4 0.774016 0.245688 0.010625 0.011
4 0.815234 0.165365 0.0103438 0.0137708
4 0.80818 0.34876 0.0100781 0.0132292
4 0.810789 0.258594 0.00614063 0.00702083
4 0.815758 0.119146 0.0102969 0.0163333
4 0.974086 0.516208 0.0107656 0.01225
4 0.799758 0.237323 0.0110469 0.0177292
4 0.877594 0.128969 0.0066875 0.00972917
4 0.766984 0.106885 0.0111562 0.0143125
4 0.906547 0.377135 0.0155 0.0181875
4 0.760469 0.232646 0.0121875 0.0145833
4 0.83957 0.392802 0.0137656 0.0183542
4 0.888469 0.318458 0.00578125 0.00883333
4 0.950242 0.516344 0.0103281 0.0104375
4 0.872148 0.398073 0.0136406 0.0154375
4 0.835383 0.350323 0.00879687 0.0121458
4 0.942492 0.520031 0.0125156 0.0194792
4 0.775547 0.239427 0.0079375 0.00472917
4 0.915336 0.511729 0.00970312 0.0113333
4 0.852258 0.253323 0.00660938 0.0124375
4 0.792375 0.37175 0.0116562 0.014125
4 0.978453 0.220271 0.0127188 0.0148333
4 0.914391 0.543521 0.0121563 0.013875
4 0.761242 0.340156 0.0101094 0.0150208
4 0.947148 0.614594 0.0119844 0.0137708
4 0.857273 0.396562 0.0152969 0.0184583
4 0.802781 0.362125 0.0131562 0.020875
4 0.781945 0.127656 0.0109219 0.0135625
4 0.89593 0.396052 0.0129531 0.0181875
4 0.885797 0.333531 0.00990625 0.0178958
4 0.879625 0.370604 0.00934375 0.0157083
4 0.839187 0.144354 0.0117813 0.0143333
4 0.821227 0.212271 0.0115781 0.0160833
4 0.970703 0.151104 0.01075 0.0129583
4 0.807391 0.116833 0.0121875 0.0155
4 0.96257 0.117052 0.00870313 0.0085625
4 0.874766 0.148427 0.006625 0.00985417
4 0.781547 0.388833 0.0150937 0.0184583
4 0.860766 0.354708 0.010625 0.0132917
4 0.958336 0.605896 0.0127969 0.0135
4 0.866789 0.104625 0.00870313 0.0143333
4 0.792672 0.213802 0.0129688 0.0151875
4 0.975453 0.557438 0.014875 0.0167917
4 0.977461 0.540906 0.0127344 0.0173958
4 0.750414 0.397667 0.00992188 0.0135
4 0.921648 0.515219 0.00985938 0.0124375
4 0.889813 0.34374 0.0096875 0.0111875
4 0.799531 0.126792 0.0109063 0.0150417
4 0.827547 0.200792 0.0105313 0.013125
4 0.864508 0.329896 0.0119844 0.0157083
4 0.977141 0.243427 0.00965625 0.00964583
4 0.839969 0.108115 0.00996875 0.0130208
4 0.847141 0.290156 0.0235625 0.0116042
4 0.937148 0.5405 0.0151094 0.0197917
4 0.878953 0.114823 0.010625 0.0155208
4 0.799938 0.35124 0.00640625 0.00714583
4 0.81668 0.34426 0.00945312 0.0133125
4 0.812414 0.15301 0.0133594 0.0129375
4 0.927016 0.379583 0.0122188 0.0189167
4 0.875766 0.215833 0.0080625 0.00633333
4 0.941352 0.560937 0.00479687 0.00833333
4 0.906336 0.332781 0.00929687 0.0126875
4 0.780977 0.142552 0.0112656 0.0145208
4 0.778141 0.147792 0.0115625 0.0135
4 0.832578 0.104302 0.00759375 0.0090625
4 0.956359 0.160948 0.00859375 0.0167708
4 0.817164 0.325646 0.00504688 0.0124167
4 0.795758 0.10999 0.0101094 0.0106458
4 0.759281 0.355063 0.0122188 0.0115417
4 0.781633 0.0923438 0.00751562 0.00939583
0 0.830477 0.621146 0.0524844 0.0662083
0 0.694484 0.561948 0.049125 0.0688958
0 0.643641 0.588052 0.0451875 0.0401875
0 0.320633 0.330073 0.0356719 0.0475625
0 0.782 0.595969 0.049 0.0442292
0 0.356867 0.250333 0.0347031 0.03775
0 0.675977 0.635979 0.0505469 0.0566667
0 0.822734 0.574615 0.04375 0.0493125
0 0.784039 0.637927 0.0544531 0.0552708
0 0.757266 0.56626 0.0425625 0.0493125
0 0.309547 0.373417 0.0388437 0.0504167
0 0.381047 0.3295 0.0345937 0.0319583
0 0.726422 0.633271 0.0483125 0.0565417
0 0.736641 0.575292 0.0474375 0.0573333
0 0.408516 0.315885 0.0345625 0.0446875
0 0.326883 0.403729 0.0379844 0.0428333
0 0.354984 0.308656 0.0339062 0.0441458
0 0.29007 0.404583 0.0362344 0.038875
0 0.782352 0.6185 0.0505469 0.0433333
0 0.39943 0.239542 0.0354844 0.04675
0 0.735477 0.619969 0.0427656 0.0542708
0 0.357383 0.381781 0.0352969 0.0487708
0 0.685508 0.61375 0.0466094 0.056875
0 0.389539 0.274885 0.0297344 0.0311458
0 0.421961 0.26726 0.0336094 0.0409792
0 0.326734 0.270271 0.0352188 0.038875
0 0.388938 0.396865 0.0315 0.0276458
0 0.640523 0.619531 0.0492344 0.0656458
0 0.646141 0.558417 0.05025 0.050625
1 0.175234 0.158438 0.0387813 0.0475
1 0.144711 0.178823 0.0246406 0.0314375
1 0.126211 0.209021 0.0400469 0.0230417
1 0.204062 0.182646 0.0266562 0.0286667
1 0.0419453 0.338281 0.0454531 0.0606042
1 0.119945 0.18801 0.0278594 0.0257292
1 0.102469 0.304948 0.0446875 0.0559375
1 0.139961 0.156802 0.0357344 0.0435208
1 0.0868203 0.264865 0.0437344 0.0473958
1 0.109039 0.379531 0.0412344 0.0489792
1 0.124844 0.346615 0.0389375 0.0466875
1 0.178133 0.195688 0.0265156 0.0276667
1 0.0945781 0.401125 0.039875 0.0285833
1 0.194422 0.20851 0.027125 0.0411458
1 0.0847109 0.338896 0.0469531 0.059
1 0.163805 0.208125 0.0373594 0.0255833
1 0.105883 0.207854 0.0235469 0.0263333
1 0.0226562 0.374521 0.0453125 0.0629583
1 0.0630703 0.299583 0.0394219 0.0485417
1 0.139859 0.312604 0.0384375 0.0472083
2 0.710422 0.444781 0.041375 0.0311042
2 0.690266 0.490115 0.0242188 0.0877292
2 0.707492 0.192208 0.0347031 0.0427083
2 0.630313 0.188896 0.0530625 0.0552917
2 0.590148 0.474604 0.0832344 0.0470417
2 0.795078 0.527698 0.0385 0.107104
2 0.715133 0.498125 0.0495781 0.105792
2 0.584414 0.464333 0.0754531 0.07025
2 0.612883 0.513302 0.0793906 0.0386458
2 0.77868 0.525104 0.0206094 0.0862917
2 0.612258 0.19825 0.0290156 0.038125
2 0.815516 0.515437 0.0452813 0.0770833
2 0.622891 0.190187 0.0452188 0.0563333
2 0.670906 0.192969 0.0334688 0.0448958
2 0.694141 0.195365 0.0194375 0.0413542
2 0.604719 0.5225 0.0789375 0.0516667
2 0.717922 0.492729 0.046375 0.111125
2 0.592453 0.485729 0.086625 0.0387917
