0 0.251773 0.654615 0.107859 0.274139
0 0.353094 0.686484 0.109594 0.267399
0 0.311555 0.422106 0.108234 0.284359
0 0.369188 0.518132 0.0502187 0.130769
3 0.701258 0.793004 0.0988281 0.200293
3 0.669398 0.62989 0.0681094 0.169084
3 0.608445 0.765586 0.0960156 0.21652
3 0.552422 0.393883 0.0441875 0.0820513
3 0.488148 0.339011 0.0337031 0.0295971
3 0.596258 0.65837 0.0664531 0.11967
2 0.107305 0.661795 0.0966406 0.202784
2 0.134797 0.525476 0.0375625 0.11674
2 0.0840313 0.485861 0.135688 0.238242
2 0.18707 0.561538 0.0893906 0.238022
