2 0.812922 0.563587 0.110844 0.117367
2 0.628828 0.432754 0.07225 0.163478
2 0.669328 0.738019 0.105 0.0812077
2 0.799375 0.39663 0.0965312 0.128671
2 0.763016 0.688986 0.0390937 0.0692754
2 0.705047 0.387174 0.0383437 0.185507
2 0.706344 0.742572 0.0404375 0.0831643
2 0.662469 0.380592 0.0491562 0.171232
2 0.683742 0.484372 0.0474844 0.108261
2 0.864484 0.547826 0.0524063 0.0574396
2 0.751445 0.491449 0.0889844 0.0781159
2 0.724977 0.735797 0.0238594 0.0594686
2 0.645344 0.721365 0.109312 0.0779469
2 0.618844 0.458514 0.0909375 0.130169
2 0.824992 0.608973 0.150828 0.0908454
2 0.659445 0.635592 0.0786406 0.114227
2 0.822961 0.659493 0.132047 0.0827536
2 0.754336 0.37564 0.0625156 0.174372
