1 0.292248 0.759305 0.100703 0.0665469
1 0.540187 0.848656 0.100562 0.0394062
1 0.507026 0.815984 0.0592037 0.054625
1 0.39445 0.739047 0.108056 0.076875
1 0.456733 0.72225 0.0655035 0.0329688
1 0.449379 0.837109 0.104707 0.0400313
1 0.250761 0.798984 0.0947775 0.0373125
1 0.577014 0.746266 0.109297 0.0605625
1 0.376417 0.797922 0.108946 0.0756875
1 0.647541 0.768219 0.0565808 0.0359375
1 0.535761 0.214906 0.0357845 0.00334375
1 0.523548 0.733164 0.0825059 0.0460156
1 0.472436 0.768602 0.103934 0.0714219
1 0.565129 0.793547 0.118548 0.0750625
1 0.226475 0.772031 0.0518267 0.0359375
1 0.623326 0.190141 0.0546604 0.024125
1 0.306557 0.809688 0.0685714 0.04225
1 0.321803 0.785648 0.0167213 0.0133594
1 0.173981 0.787969 0.0888993 0.0361875
1 0.447845 0.808203 0.0571429 0.0293438
1 0.798419 0.206023 0.0585246 0.00992188
1 0.581323 0.199234 0.0719204 0.033375
1 0.611674 0.209164 0.06363 0.0120469
1 0.687881 0.209758 0.0409602 0.00770312
1 0.542283 0.198781 0.0506089 0.0309375
1 0.731323 0.196461 0.0757611 0.0330781
1 0.33507 0.704438 0.0931382 0.0667188
