5 0.983198 0.302633 0.0336042 0.0265469
5 0.752021 0.566641 0.120042 0.078
5 0.871198 0.610844 0.125896 0.105781
5 0.908135 0.293906 0.0528542 0.0364063
5 0.715531 0.66682 0.111937 0.0583281
5 0.937073 0.287594 0.0638125 0.0546875
5 0.738979 0.628836 0.128417 0.0565469
5 0.832125 0.666406 0.132667 0.068125
5 0.681938 0.52375 0.0824583 0.0607188
5 0.83376 0.291328 0.0565625 0.0235938
5 0.781677 0.559617 0.130604 0.0792344
2 0.865604 0.82307 0.166167 0.146922
2 0.954729 0.251852 0.0612917 0.0231406
2 0.602542 0.780078 0.082875 0.0247812
2 0.689187 0.884641 0.170958 0.122281
2 0.907385 0.240187 0.0348125 0.0194375
2 0.934854 0.764719 0.0976667 0.094375
2 0.796146 0.751578 0.124583 0.062375
2 0.906937 0.730586 0.0916667 0.0708281
2 0.685604 0.783523 0.179167 0.0782656
2 0.792583 0.852539 0.114542 0.0882031
2 0.96075 0.816234 0.0785 0.119188
2 0.981781 0.258594 0.0364375 0.0315312
2 0.986083 0.280953 0.0278333 0.0221562
2 0.929542 0.24618 0.0463333 0.0224531
2 0.792344 0.720383 0.141896 0.0801094
