2 0.569445 0.2585 0.0486094 0.0426667
2 0.518164 0.358313 0.0432031 0.0464167
2 0.577156 0.302958 0.055625 0.0656667
2 0.460273 0.310646 0.0409531 0.055125
2 0.607211 0.340635 0.0415469 0.0643542
2 0.570375 0.201417 0.0448125 0.055125
2 0.436508 0.381094 0.0472656 0.0669375
2 0.614672 0.191115 0.0335312 0.0459375
2 0.468688 0.352021 0.0612812 0.042875
2 0.626336 0.216927 0.0378906 0.0446042
2 0.563516 0.352219 0.0611563 0.0716875
2 0.534602 0.404479 0.0578906 0.0617917
2 0.497258 0.249229 0.0402344 0.047625
2 0.450586 0.287625 0.0375469 0.04975
2 0.495492 0.38126 0.0489844 0.0633542
2 0.466805 0.375427 0.0234531 0.0516875
2 0.744422 0.438396 0.0313437 0.0398333
2 0.534055 0.181448 0.0396094 0.0514375
2 0.540375 0.276552 0.0313437 0.0368542
2 0.619555 0.302083 0.0295469 0.0637083
2 0.486437 0.423896 0.0351875 0.0617917
2 0.467266 0.258229 0.03175 0.046625
2 0.530492 0.25376 0.0332656 0.0494792
2 0.4995 0.221896 0.0474687 0.03025
2 0.488156 0.317052 0.0286563 0.0658958
2 0.548016 0.295292 0.0112812 0.0213333
2 0.608836 0.278385 0.0337656 0.0411042
2 0.588078 0.26075 0.0219688 0.0269167
2 0.510883 0.309073 0.0381719 0.0560625
2 0.523469 0.208833 0.0311563 0.05025
2 0.615133 0.244385 0.0511094 0.0498125
2 0.579383 0.395323 0.0385156 0.0563542
