2 0.803812 0.615906 0.296094 0.169125
2 0.542318 0.575898 0.172024 0.123953
2 0.6376 0.613563 0.177741 0.165063
2 0.326353 0.749258 0.146918 0.0932969
2 0.916706 0.47607 0.166588 0.110016
2 0.732494 0.642906 0.219482 0.149562
2 0.295718 0.685555 0.171435 0.0675781
2 0.974106 0.522148 0.0517882 0.0417031
0 0.630059 0.473063 0.207271 0.136844
0 0.933871 0.542117 0.103365 0.0717656
0 0.678729 0.419164 0.138824 0.112172
0 0.686682 0.371266 0.169365 0.0688438
0 0.8186 0.51625 0.237529 0.136656
0 0.324824 0.749336 0.1472 0.0955469
0 0.757894 0.406828 0.0936235 0.0567187
0 0.868306 0.378539 0.258776 0.170359
