4 0.51057 0.188666 0.01218 0.0202639
4 0.40788 0.317082 0.01092 0.0204399
4 0.14379 0.608284 0.02178 0.0269501
4 0.20299 0.529941 0.0169 0.0253959
4 0.53853 0.132038 0.0135 0.0177419
4 0.63137 0.0626393 0.00926 0.0139589
4 0.58062 0.0743255 0.00868 0.0129912
4 0.41106 0.257361 0.0152 0.0235777
4 0.18884 0.586657 0.01528 0.0226979
4 0.17076 0.581217 0.01136 0.0129912
4 0.2938 0.463519 0.01484 0.0245748
4 0.50743 0.102419 0.00986 0.00829912
4 0.56953 0.101642 0.0095 0.0133138
4 0.19691 0.564296 0.0175 0.0230205
4 0.37065 0.391158 0.01254 0.0175073
4 0.64113 0.0754545 0.00986 0.00832845
4 0.43021 0.287111 0.0087 0.0177419
4 0.40655 0.291144 0.01322 0.0196481
4 0.54599 0.173182 0.0157 0.0184457
4 0.36791 0.310381 0.01046 0.016129
4 0.30796 0.354443 0.01032 0.0159824
4 0.37998 0.261994 0.00552 0.00897361
4 0.49251 0.19393 0.01466 0.0167742
4 0.22003 0.53478 0.01362 0.0169501
4 0.16921 0.507918 0.01258 0.017654
4 0.52347 0.181642 0.00734 0.00956012
4 0.49093 0.226569 0.01218 0.0133138
4 0.1206 0.600733 0.01324 0.015132
4 0.26725 0.486466 0.01314 0.0152786
4 0.50649 0.207903 0.01454 0.0132845
4 0.48273 0.22129 0.00822 0.00985337
4 0.32487 0.361452 0.0085 0.0130499
4 0.31844 0.438592 0.0118 0.015132
4 0.44973 0.256041 0.01734 0.0208798
4 0.45129 0.233534 0.01198 0.0224927
4 0.12163 0.579062 0.01774 0.0286804
4 0.46375 0.242639 0.00994 0.0195894
4 0.28008 0.410953 0.012 0.017566
4 0.52355 0.141584 0.0083 0.00651026
4 0.37903 0.320367 0.01226 0.0201466
4 0.47493 0.275264 0.01362 0.0217889
4 0.36086 0.350733 0.01708 0.0270381
4 0.21992 0.472625 0.00888 0.0129912
4 0.22231 0.446848 0.01178 0.0157478
4 0.51549 0.141862 0.00786 0.0115249
4 0.35811 0.286598 0.0093 0.0208798
4 0.54299 0.0846921 0.00598 0.00785924
4 0.24791 0.480425 0.01018 0.0155132
4 0.51677 0.196554 0.0131 0.0209091
4 0.27484 0.454106 0.01792 0.0246921
4 0.38697 0.242977 0.0079 0.0119941
4 0.44243 0.291056 0.01862 0.0188856
4 0.33756 0.313519 0.00708 0.008739
4 0.48538 0.135718 0.00756 0.0153079
4 0.42257 0.214003 0.0093 0.0160411
4 0.44952 0.308988 0.0124 0.0166276
4 0.39371 0.314633 0.0077 0.0140176
4 0.39344 0.28676 0.01344 0.0217889
4 0.62324 0.0655132 0.00868 0.0118475
4 0.18417 0.502507 0.01278 0.018739
4 0.36359 0.383079 0.01238 0.013607
4 0.54495 0.147009 0.01322 0.0157185
4 0.13543 0.526584 0.01006 0.0124047
4 0.50003 0.150499 0.00926 0.015132
4 0.29607 0.376085 0.0181 0.0227273
4 0.5507 0.158196 0.01032 0.0132845
4 0.39188 0.353636 0.0168 0.0194721
4 0.315 0.363284 0.01168 0.0199413
4 0.21379 0.495249 0.0113 0.0169501
4 0.25453 0.443109 0.01274 0.0212903
4 0.50079 0.201657 0.01218 0.0160411
4 0.24253 0.514296 0.01602 0.0247214
4 0.2283 0.479912 0.0072 0.00756598
4 0.46188 0.221129 0.00996 0.0130499
4 0.21118 0.524956 0.00716 0.0156012
4 0.47192 0.1789 0.0126 0.0176833
4 0.30368 0.448123 0.01528 0.0184751
4 0.19801 0.604413 0.00818 0.0128739
4 0.22118 0.552111 0.01392 0.0206452
4 0.30431 0.421056 0.01734 0.0229912
4 0.27867 0.48412 0.01694 0.0193842
4 0.49791 0.220528 0.01082 0.0173021
4 0.35461 0.38868 0.01094 0.0139003
4 0.20221 0.496364 0.0131 0.0164809
4 0.32983 0.449282 0.01278 0.01739
4 0.34849 0.36676 0.0107 0.01
4 0.55584 0.0894868 0.01156 0.0147507
4 0.16343 0.606628 0.0157 0.0208798
4 0.45369 0.198416 0.0127 0.015132
4 0.34257 0.322918 0.01374 0.0175073
4 0.50566 0.11154 0.00956 0.014868
4 0.15611 0.536246 0.01066 0.0120821
4 0.29637 0.441877 0.01186 0.0173607
4 0.34954 0.405777 0.0128 0.0226979
4 0.38642 0.25324 0.01012 0.0108798
4 0.38073 0.374164 0.00786 0.015132
4 0.59665 0.093783 0.01102 0.0142522
4 0.56756 0.170132 0.01224 0.0171554
4 0.52271 0.104619 0.0105 0.0168622
4 0.24358 0.427126 0.01164 0.0108504
4 0.52183 0.0915543 0.0099 0.0130205
4 0.19942 0.484707 0.01672 0.0153959
4 0.15965 0.565249 0.01322 0.0208798
4 0.60145 0.0830352 0.00922 0.0104106
4 0.35247 0.32176 0.01158 0.00985337
4 0.5265 0.155499 0.01508 0.0162757
4 0.38004 0.340704 0.01032 0.0113783
4 0.4811 0.189604 0.01324 0.021261
4 0.47483 0.234575 0.01426 0.0214663
4 0.41501 0.23654 0.01286 0.0161877
4 0.32391 0.371584 0.00774 0.0101466
4 0.18954 0.541965 0.01468 0.0182405
4 0.61069 0.106686 0.00766 0.0108504
4 0.12987 0.559589 0.01466 0.0145455
4 0.31835 0.412082 0.01374 0.0218768
4 0.15176 0.598768 0.01548 0.0226979
4 0.22943 0.511188 0.01218 0.0145161
4 0.34543 0.355997 0.00926 0.0146921
4 0.26848 0.431979 0.01368 0.0174487
4 0.26441 0.502801 0.01682 0.0250733
4 0.14601 0.549296 0.01434 0.0170674
4 0.4253 0.308651 0.0118 0.0198827
4 0.16105 0.547903 0.01642 0.0205572
4 0.39475 0.223021 0.01194 0.018651
4 0.22422 0.48868 0.01516 0.0215836
4 0.40319 0.272962 0.01734 0.0227566
4 0.47989 0.162683 0.0123 0.0160997
4 0.25742 0.517991 0.01156 0.0184457
4 0.5823 0.136642 0.01076 0.0170381
4 0.41079 0.353006 0.01218 0.0145161
4 0.38288 0.300748 0.01316 0.0205572
4 0.15798 0.625411 0.01588 0.0247214
4 0.23686 0.486364 0.01292 0.0217595
4 0.31109 0.399296 0.0105 0.0171848
4 0.16755 0.537625 0.01394 0.0212903
4 0.4297 0.319384 0.01112 0.0185924
4 0.28841 0.420293 0.0157 0.0208798
4 0.14389 0.583944 0.01958 0.0220821
4 0.42877 0.194399 0.0103 0.0164223
4 0.36414 0.269589 0.01212 0.0133138
4 0.24286 0.402727 0.0112 0.0133138
4 0.27039 0.369501 0.00534 0.00821114
4 0.58348 0.152449 0.01136 0.017566
4 0.33499 0.403416 0.01494 0.0176833
4 0.58848 0.0829179 0.00876 0.0103519
4 0.32953 0.420982 0.0139 0.0184457
4 0.42109 0.252595 0.0111 0.0224927
4 0.26357 0.417405 0.01178 0.0160997
4 0.49477 0.114326 0.00854 0.0102933
4 0.30874 0.464663 0.01596 0.0248094
4 0.51399 0.132845 0.01198 0.0133138
4 0.329 0.395821 0.0154 0.0230792
4 0.49062 0.260894 0.00992 0.0184457
4 0.52674 0.131701 0.01132 0.0147214
4 0.31483 0.319472 0.00986 0.013783
4 0.18646 0.528431 0.00972 0.0145161
4 0.23358 0.440704 0.0136 0.025044
4 0.19692 0.503065 0.01584 0.0157478
4 0.42525 0.228226 0.01302 0.0220821
4 0.3233 0.331114 0.00856 0.0177126
4 0.55076 0.0617009 0.0072 0.0173021
4 0.34648 0.425235 0.00848 0.0124047
4 0.59548 0.117097 0.00848 0.012434
4 0.38878 0.380279 0.00928 0.0119941
4 0.56789 0.141466 0.00786 0.0148387
4 0.25505 0.427038 0.01434 0.0201173
4 0.62124 0.105044 0.01328 0.0148974
4 0.44147 0.263871 0.00854 0.0131965
4 0.61068 0.0560264 0.01428 0.0223167
4 0.47585 0.133431 0.00718 0.00733138
4 0.43472 0.252742 0.0146 0.0172727
4 0.19582 0.515411 0.00796 0.0111144
4 0.60042 0.0655425 0.01012 0.0117889
4 0.1811 0.572287 0.01632 0.021173
4 0.24865 0.534751 0.0169 0.0219355
4 0.59201 0.0550293 0.00846 0.0132845
4 0.37862 0.356202 0.01236 0.0170968
4 0.27921 0.379912 0.00846 0.0169501
4 0.52987 0.180132 0.00702 0.0142229
4 0.56018 0.120029 0.00772 0.0136657
4 0.45417 0.156979 0.01094 0.015132
1 0.83941 0.93437 0.10226 0.0580645
1 0.57625 0.805499 0.06838 0.0877126
1 0.73757 0.942375 0.0743 0.0412903
1 0.79376 0.899971 0.07644 0.0871554
1 0.33199 0.899428 0.09006 0.0952786
1 0.89819 0.914589 0.08606 0.0953959
1 0.41776 0.955103 0.05112 0.0163636
1 0.61541 0.866906 0.06274 0.081085
1 0.7221 0.881554 0.0764 0.11607
1 0.51921 0.844428 0.0777 0.118886
1 0.33384 0.941598 0.07404 0.0440762
1 0.46635 0.882742 0.0777 0.114164
1 0.66027 0.820147 0.06654 0.0635777
1 0.40251 0.934457 0.08134 0.0566569
1 0.66932 0.903548 0.08512 0.121232
1 0.95609 0.942023 0.03794 0.0421114
1 0.53773 0.944164 0.05842 0.036129
1 0.61384 0.80324 0.02252 0.0492962
1 0.56809 0.902302 0.06238 0.0647214
1 0.53249 0.91676 0.04462 0.0359824
1 0.26123 0.956701 0.04558 0.0118182
1 0.78829 0.951378 0.07578 0.0228739
1 0.25755 0.916129 0.08154 0.096129
1 0.17949 0.924238 0.09278 0.078739
1 0.60423 0.931891 0.06858 0.0643109
1 0.48118 0.941642 0.07668 0.0427566
1 0.41055 0.909223 0.06062 0.0628446
