2 0.72034 0.548594 0.16185 0.0702812
2 0.335199 0.423289 0.104965 0.0950781
2 0.285925 0.450016 0.0284778 0.0364063
2 0.746335 0.687273 0.123864 0.128391
2 0.681206 0.419891 0.0852225 0.0620625
2 0.838899 0.489828 0.0919438 0.104062
2 0.41733 0.512906 0.0887119 0.0722812
2 0.456218 0.501891 0.134309 0.05625
2 0.557717 0.585312 0.0722951 0.0926562
2 0.749262 0.481609 0.0488759 0.0560312
2 0.490141 0.665016 0.0466511 0.134563
2 0.471616 0.455117 0.0580328 0.0880156
2 0.670082 0.48643 0.0422248 0.0588594
2 0.313454 0.427633 0.0857377 0.0897344
2 0.580843 0.723047 0.109415 0.185563
2 0.464204 0.542547 0.0631616 0.0279063
2 0.754461 0.646805 0.139883 0.118234
2 0.501265 0.611305 0.0596253 0.0660469
2 0.20226 0.625586 0.0844262 0.119047
2 0.217787 0.430734 0.0855504 0.108219
2 0.836136 0.515961 0.101686 0.128766
2 0.675691 0.403859 0.0793443 0.0602812
2 0.336909 0.590625 0.0791101 0.0902188
2 0.515164 0.451883 0.0815222 0.106328
2 0.741241 0.425344 0.0491803 0.0557187
2 0.613208 0.481836 0.0615925 0.0866406
2 0.348712 0.404352 0.134145 0.0669531
2 0.315222 0.515586 0.0812178 0.0631406
2 0.405117 0.550922 0.0505621 0.04375
2 0.256511 0.440391 0.0629508 0.112813
2 0.544672 0.691312 0.122131 0.134531
2 0.323747 0.625055 0.0882436 0.130078
2 0.354157 0.520562 0.0552459 0.0852187
2 0.695656 0.563609 0.164239 0.0775937
2 0.556979 0.47793 0.043185 0.0465469
2 0.633934 0.600664 0.0298361 0.0358594
2 0.227904 0.637586 0.0772131 0.157328
2 0.632553 0.726117 0.0684778 0.161891
2 0.280211 0.5365 0.0179859 0.0281563
2 0.451066 0.590469 0.0417096 0.0216875
2 0.714005 0.37818 0.0277283 0.0104219
2 0.800773 0.514477 0.0640281 0.116766
2 0.638138 0.464055 0.0825995 0.0584531
2 0.437904 0.670891 0.06363 0.146406
2 0.283162 0.635234 0.0579859 0.147406
2 0.704321 0.436047 0.0577283 0.0717812
2 0.721967 0.471227 0.0647307 0.0479531
2 0.691651 0.707641 0.0848946 0.155469
2 0.655714 0.568578 0.0933958 0.0773125
2 0.780585 0.417953 0.0493208 0.0470625
2 0.408689 0.644914 0.0944731 0.112484
2 0.59445 0.579594 0.0597658 0.08975
2 0.567529 0.511344 0.0525761 0.0404062
2 0.742295 0.515828 0.161639 0.0673438
2 0.544485 0.451977 0.115948 0.0875469
