2 0.979273 0.542927 0.0414531 0.0859485
2 0.54443 0.233981 0.0411719 0.0901639
2 0.532734 0.227611 0.02 0.0476815
2 0.55382 0.232717 0.0420156 0.0925527
2 0.570477 0.22267 0.0212031 0.0248712
2 0.646211 0.333864 0.0286719 0.0884309
2 0.518148 0.246815 0.0157031 0.0232787
2 0.966031 0.521979 0.0398437 0.107424
2 0.536617 0.312658 0.0298281 0.0513115
0 0.157602 0.549883 0.0689219 0.0890398
0 0.309945 0.43377 0.0605781 0.079719
0 0.0974375 0.714391 0.0684687 0.104754
0 0.0840547 0.68945 0.0631719 0.0889696
0 0.314641 0.526991 0.0680937 0.0851756
0 0.158766 0.706827 0.104156 0.134122
0 0.248922 0.376674 0.049875 0.0622014
0 0.0908828 0.824391 0.0802031 0.126159
