3 0.208172 0.900282 0.0261562 0.0287793
3 0.251687 0.916514 0.027 0.0373944
3 0.25668 0.944789 0.0265156 0.0359624
3 0.489945 0.633768 0.0110469 0.0143427
3 0.322461 0.920845 0.0284219 0.0410798
3 0.288813 0.9552 0.0259688 0.0506338
3 0.30807 0.943803 0.0254531 0.0416901
3 0.235203 0.885035 0.0344062 0.0378169
3 0.229445 0.910141 0.0253906 0.0237559
3 0.230102 0.930223 0.0252656 0.0271596
3 0.24557 0.984847 0.0338906 0.0303052
3 0.186953 0.909296 0.0272812 0.0323005
3 0.28907 0.872793 0.0245781 0.0325352
3 0.264641 0.895786 0.0315937 0.0343897
3 0.276336 0.97662 0.0309531 0.0467606
3 0.505594 0.639566 0.0126875 0.00899061
3 0.222336 0.977371 0.0264531 0.0452582
3 0.200469 0.972183 0.03275 0.0398122
3 0.205945 0.924108 0.0266094 0.0306103
3 0.466375 0.631878 0.0119688 0.0198122
3 0.480109 0.626913 0.0159063 0.0142488
3 0.292859 0.89973 0.0312187 0.0380986
3 0.264641 0.870012 0.02875 0.0314789
3 0.203102 0.949707 0.0348906 0.0283803
3 0.262695 0.964894 0.0258594 0.032277
3 0.277508 0.920364 0.0278906 0.0365493
3 0.305312 0.913732 0.0265937 0.0371831
3 0.180008 0.938099 0.0259844 0.0364789
3 0.235094 0.948192 0.0316563 0.03277
