1 0.94232 0.821865 0.0278594 0.0346458
1 0.878453 0.821542 0.0263437 0.0338333
1 0.941352 0.789219 0.0205781 0.0099375
1 0.921172 0.805417 0.0231875 0.0147917
1 0.919367 0.824729 0.0278906 0.032375
1 0.956375 0.802323 0.0214062 0.0144375
1 0.863703 0.790073 0.0271875 0.0365625
1 0.902398 0.822052 0.0180781 0.0323125
1 0.850469 0.818333 0.0307812 0.0361667
1 0.954531 0.816854 0.0270625 0.0362917
1 0.923422 0.786833 0.0165937 0.00933333
1 0.899188 0.783073 0.0267812 0.0269792
1 0.883109 0.771385 0.0223125 0.0310208
1 0.869516 0.809156 0.0159688 0.0141042
1 0.917844 0.792854 0.024 0.0142917
1 0.951914 0.794406 0.0186406 0.0118542
1 0.866711 0.777344 0.0279531 0.0277708
1 0.881797 0.797208 0.0149375 0.0109167
1 0.932555 0.799354 0.0239219 0.0137083
2 0.55707 0.393844 0.0132656 0.0456458
2 0.533914 0.453354 0.0146719 0.0504167
2 0.914789 0.427562 0.0236406 0.0536667
2 0.0529609 0.459135 0.0128906 0.0314792
2 0.559758 0.367031 0.0148281 0.0307292
2 0.93182 0.470896 0.0155781 0.044875
2 0.903445 0.367104 0.0152344 0.048
2 0.920586 0.363979 0.0229844 0.0492083
2 0.862297 0.314615 0.019625 0.0389792
2 0.860469 0.371031 0.014625 0.0441042
2 0.0212891 0.454583 0.0121094 0.0161667
2 0.953641 0.459365 0.0136562 0.0274375
2 0.874984 0.438698 0.0160313 0.0569375
2 0.576438 0.422969 0.0117188 0.0402292
2 0.0393516 0.395302 0.0187969 0.0146458
2 0.0810078 0.433313 0.0242969 0.0248333
2 0.514375 0.385115 0.0119375 0.0231875
2 0.0344688 0.496031 0.0174375 0.0331042
2 0.892391 0.353073 0.015 0.0394792
2 0.0535625 0.427948 0.0125 0.0236042
2 0.0567187 0.475646 0.0161563 0.0379583
2 0.913469 0.615104 0.0187187 0.0172917
2 0.897797 0.430385 0.0180937 0.0585208
2 0.886367 0.437031 0.0164844 0.0605208
2 0.881336 0.292052 0.0155781 0.0276875
2 0.586687 0.339042 0.0358125 0.0296667
2 0.890453 0.315594 0.017 0.0448125
2 0.543992 0.38999 0.0134219 0.0407292
2 0.861711 0.49375 0.0137031 0.0512917
2 0.936531 0.281969 0.0282187 0.0335625
2 0.865609 0.456667 0.0142187 0.0369167
2 0.874062 0.493333 0.0160625 0.0656667
2 0.854289 0.370927 0.00723437 0.0426042
2 0.877828 0.600854 0.0074375 0.0198333
2 0.529219 0.39026 0.0161563 0.0389792
2 0.922336 0.280615 0.0264219 0.0321875
2 0.554086 0.40699 0.0127031 0.0583125
2 0.566133 0.407177 0.0119219 0.0405208
2 0.652648 0.758896 0.0117969 0.0312083
2 0.944789 0.305385 0.0203906 0.0281875
2 0.532047 0.427448 0.0094375 0.0171875
2 0.886969 0.51774 0.015 0.0358958
2 0.885703 0.39149 0.0153437 0.0351042
2 0.583914 0.368552 0.0146719 0.0471875
2 0.865656 0.42051 0.0223125 0.0512708
2 0.875805 0.3165 0.0141719 0.041875
2 0.0760156 0.45474 0.0101563 0.0301875
2 0.946109 0.427917 0.0214688 0.0444167
2 0.924469 0.321125 0.030125 0.030125
2 0.911094 0.372698 0.015 0.0489792
2 0.550219 0.456208 0.0210625 0.0387917
2 0.919422 0.336333 0.02 0.0320417
2 0.91368 0.298281 0.0196406 0.0256458
2 0.0888359 0.493719 0.00789063 0.0243542
2 0.902875 0.498698 0.0180312 0.0357292
2 0.873797 0.282146 0.0152812 0.0330833
2 0.896391 0.29049 0.0140313 0.0269375
2 0.0469141 0.396542 0.0155781 0.015125
2 0.542148 0.347437 0.0247969 0.0287083
2 0.556125 0.349896 0.0176563 0.030375
2 0.925031 0.423646 0.029375 0.0534583
2 0.0705469 0.400104 0.00903125 0.0166667
2 0.57125 0.359344 0.0150937 0.0384792
2 0.588266 0.363302 0.0232187 0.0366875
2 0.904453 0.278656 0.0196563 0.0329375
2 0.0284453 0.481667 0.0192344 0.03
2 0.03 0.439302 0.0135625 0.0273542
2 0.937195 0.361365 0.0252969 0.0348542
