0 0.189086 0.729906 0.0395781 0.0473958
0 0.18732 0.610042 0.0347344 0.039125
0 0.291234 0.662135 0.0379688 0.0459375
0 0.222 0.721073 0.037 0.0394792
0 0.669859 0.568479 0.0162813 0.029625
0 0.670703 0.598073 0.02025 0.0303125
0 0.154922 0.687177 0.0451875 0.0528542
0 0.640367 0.603844 0.0217344 0.0276875
0 0.638484 0.54051 0.0235938 0.0344792
0 0.131188 0.646948 0.0298125 0.0305208
0 0.167977 0.644198 0.0401719 0.0535625
0 0.198891 0.572302 0.0297187 0.0451875
0 0.567875 0.487896 0.012625 0.014375
0 0.283445 0.708385 0.0380781 0.0484792
0 0.580195 0.503385 0.0234531 0.0184792
0 0.616 0.518719 0.0186562 0.0251458
0 0.635398 0.524562 0.0260469 0.0162083
0 0.164328 0.610563 0.0165937 0.024625
0 0.136836 0.671594 0.0329531 0.0459792
0 0.21993 0.612365 0.0347031 0.0492292
0 0.593109 0.555688 0.015875 0.0277917
0 0.698836 0.58975 0.0194219 0.0266667
0 0.257773 0.667958 0.0384531 0.0466667
0 0.17257 0.570406 0.0278906 0.0463542
0 0.193742 0.683333 0.0388906 0.047625
0 0.61 0.581844 0.0223125 0.0343542
0 0.251727 0.711542 0.0411094 0.0439167
0 0.631586 0.511323 0.0170781 0.0156875
0 0.575781 0.623365 0.0264062 0.0318125
0 0.233867 0.571365 0.0325156 0.0277292
0 0.684891 0.594615 0.020375 0.0292292
0 0.591414 0.618 0.0244219 0.0322917
0 0.592781 0.584479 0.025 0.0366667
0 0.640648 0.574281 0.0219219 0.0361458
0 0.624492 0.608594 0.0246094 0.0336042
0 0.227086 0.67601 0.0370781 0.0473125
0 0.608656 0.613521 0.025375 0.0315417
0 0.612656 0.501052 0.0198438 0.0185208
0 0.203836 0.638333 0.0380781 0.0525833
0 0.267836 0.623958 0.0383906 0.06
0 0.60393 0.548146 0.0261406 0.035125
0 0.624102 0.575844 0.0237969 0.0358958
0 0.240062 0.643667 0.029625 0.0317917
0 0.68425 0.565344 0.0210938 0.0341458
0 0.655195 0.569198 0.0226719 0.0357292
0 0.2745 0.60225 0.0309375 0.0435417
0 0.313523 0.65424 0.0167344 0.0406042
0 0.140828 0.611542 0.0354063 0.0515
0 0.664773 0.54075 0.0272969 0.032625
0 0.253141 0.547344 0.0347812 0.0471875
0 0.624164 0.544708 0.0236094 0.0374167
0 0.113383 0.590729 0.0316094 0.0495417
0 0.561102 0.626604 0.0173281 0.0295833
0 0.1515 0.737094 0.0449375 0.0523958
0 0.243594 0.621167 0.015 0.0189583
0 0.247281 0.5935 0.029875 0.0427917
0 0.597484 0.503844 0.0205625 0.0169375
0 0.656406 0.601583 0.0198438 0.02975
0 0.581984 0.526135 0.0264688 0.0322292
2 0.231594 0.503229 0.0255625 0.0675
2 0.201148 0.512802 0.0297656 0.0611875
2 0.159211 0.511115 0.0257969 0.0783125
2 0.176391 0.512469 0.0409062 0.0721875
2 0.188641 0.517833 0.0395 0.0699583
2 0.241328 0.493979 0.0238438 0.0612917
2 0.182555 0.505667 0.0105781 0.045375
2 0.208828 0.512948 0.0336562 0.0669375
