0 0.253449 0.572383 0.0373438 0.0262656
0 0.328047 0.630414 0.0493973 0.0307344
0 0.281016 0.57132 0.0270759 0.0176406
0 0.205368 0.560414 0.0454688 0.0107969
0 0.247902 0.301094 0.0276786 0.0196563
0 0.24433 0.289469 0.0133482 0.0048125
0 0.284955 0.553273 0.0444196 0.0297656
0 0.273627 0.601289 0.0470313 0.0227031
0 0.0341741 0.375297 0.0197321 0.0230312
0 0.280781 0.619523 0.0436161 0.0297656
0 0.215815 0.276773 0.0172098 0.00629688
0 0.28577 0.637172 0.0441741 0.01775
0 0.259174 0.292383 0.0276786 0.0112969
0 0.0699777 0.385 0.0379464 0.0221875
0 0.230513 0.555312 0.0198214 0.0250937
0 0.218415 0.300016 0.0306696 0.02
0 0.25558 0.59168 0.0344643 0.0155156
0 0.246551 0.278953 0.0266295 0.0140313
0 0.0922991 0.372734 0.0308929 0.00875
0 0.25442 0.558773 0.0298214 0.00985938
0 0.0580134 0.37868 0.0361607 0.0227031
0 0.23154 0.578898 0.0289286 0.0293906
0 0.247143 0.285211 0.0267857 0.00920312
0 0.306306 0.595117 0.0442187 0.0288906
0 0.277433 0.283914 0.0229911 0.0111406
0 0.256507 0.417133 0.0206473 0.0116719
0 0.311775 0.615508 0.0317634 0.0157656
0 0.237913 0.313125 0.0275223 0.0167813
0 0.264565 0.273727 0.014308 0.0122031
0 0.28019 0.5845 0.0293973 0.0137813
0 0.27192 0.421195 0.0204464 0.00729687
0 0.128806 0.379016 0.0333705 0.0119688
0 0.289609 0.280914 0.0172991 0.00935937
0 0.235513 0.421195 0.00991071 0.00660938
0 0.190134 0.378648 0.0241964 0.0197031
2 0.337433 0.845914 0.0300446 0.0175156
2 0.366183 0.813625 0.0406696 0.017
2 0.0432366 0.44907 0.0250893 0.0152344
2 0.0875781 0.449211 0.0151562 0.0133594
2 0.294866 0.80982 0.0270982 0.0235156
2 0.31894 0.827586 0.0377902 0.0180781
2 0.0650893 0.43593 0.0166964 0.0195469
2 0.314598 0.835453 0.0412054 0.0169687
2 0.304565 0.80225 0.0223437 0.0277187
2 0.0736161 0.451102 0.0155804 0.0118906
2 0.407478 0.841133 0.0234375 0.0249844
2 0.328203 0.823406 0.0307812 0.0151875
2 0.0301339 0.41518 0.0116071 0.0198906
2 0.0507254 0.438484 0.0203348 0.0167813
2 0.217801 0.815078 0.0148438 0.0199375
2 0.26048 0.824773 0.022567 0.0285156
2 0.0970759 0.440922 0.0208929 0.010375
2 0.274185 0.822703 0.028192 0.0301875
2 0.05125 0.432 0.0134821 0.00840625
2 0.335346 0.803227 0.0156027 0.0208594
2 0.331161 0.861602 0.0300893 0.0178906
2 0.0833259 0.43082 0.0166964 0.0233594
2 0.347958 0.840203 0.0231027 0.029
2 0.349754 0.805711 0.0331696 0.0277969
2 0.305658 0.847117 0.0397098 0.0152656
2 0.0975781 0.449531 0.0169866 0.011875
2 0.321507 0.802438 0.0172545 0.0285313
2 0.0628795 0.409453 0.0191071 0.0156875
2 0.078471 0.434437 0.0153795 0.0209375
2 0.0382031 0.411359 0.0206473 0.025875
2 0.396775 0.871859 0.0118973 0.0163438
