2 0.0816406 0.0620519 0.0328437 0.0405189
2 0.539273 0.236592 0.0156094 0.0561085
2 0.262883 0.225743 0.0127656 0.0371934
2 0.216422 0.257818 0.0096875 0.0289858
2 0.526375 0.237146 0.0165 0.0580189
2 0.202406 0.602465 0.010875 0.0175708
2 0.530305 0.601462 0.0151406 0.0361321
2 0.70632 0.605943 0.0122969 0.0490566
2 0.50225 0.597653 0.013375 0.0454953
2 0.802672 0.262583 0.0197813 0.0309198
2 0.0318437 0.593184 0.0147187 0.0279245
2 0.691406 0.52954 0.0238125 0.0630896
2 0.0884141 0.104351 0.0230156 0.0768632
2 0.423539 0.241557 0.0155156 0.0276415
2 0.396344 0.277358 0.0115937 0.0308019
2 0.367945 0.269281 0.00698437 0.0154009
2 0.765047 0.597854 0.04125 0.0333962
2 0.0319844 0.606297 0.0171875 0.0350943
2 0.555648 0.269328 0.0120469 0.0516745
2 0.542141 0.606887 0.0124688 0.0444811
2 0.0599531 0.146757 0.0142813 0.0516274
2 0.249906 0.242606 0.0148437 0.0546462
2 0.307969 0.585259 0.0180312 0.0192453
2 0.0249922 0.0971816 0.0178594 0.0763915
2 0.227164 0.248267 0.0217656 0.0494575
2 0.0291641 0.184328 0.0252344 0.0694575
2 0.290977 0.284929 0.0166719 0.0394811
2 0.812789 0.287358 0.0149219 0.0337264
2 0.0498125 0.589646 0.0225312 0.0524057
2 0.510398 0.574068 0.0128281 0.0324764
2 0.673977 0.6077 0.0200781 0.0461557
2 0.735133 0.598892 0.0151406 0.0228302
2 0.756062 0.619045 0.0293438 0.0421462
2 0.0436875 0.0339623 0.0204375 0.0548585
2 0.754172 0.30533 0.0164687 0.0273113
2 0.399828 0.199363 0.0156563 0.0253774
2 0.0454922 0.592535 0.0145469 0.0508726
2 0.223602 0.590943 0.0184219 0.0251415
2 0.0379609 0.586533 0.0198906 0.0494811
2 0.008625 0.569068 0.0168437 0.0420519
2 0.687883 0.597005 0.0137969 0.0416038
2 0.0120391 0.0539741 0.0174531 0.0737028
2 0.0393828 0.18638 0.0303281 0.0848349
2 0.0585859 0.0355189 0.0197344 0.0582075
2 0.257891 0.607288 0.0101875 0.0143396
2 0.769797 0.623208 0.0343125 0.0463679
2 0.275984 0.259764 0.0170625 0.0443396
2 0.757937 0.297406 0.0129375 0.0241038
2 0.752672 0.374976 0.0105 0.025
2 0.113453 0.589481 0.0284063 0.0317925
2 0.761016 0.340849 0.0091875 0.0275472
2 0.0118828 0.153762 0.0231406 0.0626179
2 0.0241328 0.0280425 0.0160156 0.0559434
2 0.0704141 0.112512 0.0222344 0.0782783
2 0.549422 0.248196 0.0103125 0.0452123
2 0.131227 0.594788 0.0249844 0.0415094
2 0.377695 0.575814 0.0234531 0.0382311
2 0.395336 0.219269 0.0120781 0.0331132
2 0.122992 0.615825 0.0258594 0.0471698
2 0.714219 0.582075 0.0169063 0.0337264
2 0.283391 0.606156 0.0142813 0.0215566
2 0.393094 0.583821 0.0144375 0.0511792
2 0.676953 0.512948 0.0192187 0.0515566
2 0.673711 0.543149 0.0297969 0.0509198
2 0.0448984 0.124611 0.0175156 0.0620519
2 0.635773 0.601026 0.00817188 0.0133255
2 0.0725547 0.0772288 0.0234844 0.0533255
2 0.383125 0.233125 0.0137813 0.0354009
2 0.286195 0.234493 0.0146406 0.028467
2 0.176867 0.590719 0.0100781 0.0213443
2 0.421898 0.578974 0.0197344 0.0430896
2 0.132078 0.62 0.022125 0.0507547
2 0.310016 0.603715 0.0199063 0.0243632
2 0.610703 0.624906 0.0194062 0.0487264
2 0.0343594 0.0512146 0.014125 0.0843632
2 0.104047 0.121439 0.0145 0.0586792
2 0.761203 0.582288 0.0343125 0.0232075
2 0.77768 0.263962 0.0154844 0.0351887
2 0.0137422 0.207229 0.0212656 0.0543632
2 0.488797 0.595 0.0125938 0.0335849
2 0.00311719 0.0798231 0.00623438 0.0433726
2 0.382672 0.594446 0.012125 0.041816
2 0.667586 0.554929 0.0182031 0.0246226
2 0.726289 0.541321 0.0131094 0.0214151
2 0.776086 0.61809 0.0362031 0.0393396
2 0.795352 0.272783 0.0147031 0.034717
2 0.715219 0.635755 0.01575 0.0379717
2 0.417406 0.590837 0.0109687 0.0377123
2 0.0425 0.150825 0.0273438 0.0759906
2 0.171914 0.606804 0.0108906 0.0225708
1 0.0851172 0.271191 0.0236719 0.0311085
1 0.447312 0.539552 0.0193437 0.0287264
1 0.142391 0.520224 0.0224375 0.0317217
1 0.142992 0.546863 0.0211719 0.0263208
1 0.165578 0.550354 0.0215 0.0241981
1 0.376211 0.537323 0.0184844 0.0239858
1 0.560937 0.555896 0.0199063 0.0184434
1 0.354539 0.543561 0.0178281 0.018066
1 0.172406 0.518502 0.0119063 0.00974057
1 0.557109 0.541321 0.0217812 0.0306604
1 0.119617 0.540613 0.0172969 0.0260849
1 0.0802344 0.250153 0.0130938 0.010684
1 0.271203 0.538526 0.021625 0.0342217
1 0.257195 0.551285 0.0216094 0.0225708
1 0.447516 0.560873 0.0207813 0.0230189
1 0.471422 0.553054 0.0177187 0.0192217
1 0.428383 0.551533 0.0134844 0.0206132
1 0.161641 0.530259 0.0230625 0.0266509
1 0.103414 0.27513 0.0171719 0.0287028
1 0.268133 0.520259 0.0162656 0.0128302
1 0.366961 0.583031 0.0126406 0.0369575
1 0.329336 0.552877 0.0166719 0.023066
1 0.436516 0.544127 0.0054375 0.0146226
1 0.540148 0.535601 0.0196406 0.0293632
1 0.473008 0.562075 0.0195781 0.0235377
1 0.390617 0.542005 0.0127031 0.0188679
1 0.283109 0.554281 0.0210938 0.0177123
1 0.341602 0.535024 0.0197656 0.0235849
1 0.489078 0.560943 0.0132188 0.0114151
1 0.54025 0.555637 0.0199063 0.0194811
1 0.255453 0.536415 0.0110625 0.0164151
1 0.233594 0.548903 0.0146563 0.0195047
1 0.157719 0.513715 0.0161563 0.0130896
1 0.338578 0.55441 0.0195625 0.0225472
1 0.225828 0.52342 0.0234688 0.0204245
1 0.287047 0.538844 0.0135937 0.0217925
1 0.621484 0.559741 0.0153125 0.0235849
1 0.241977 0.550778 0.0126094 0.0177358
1 0.180953 0.530448 0.0192187 0.0306132
1 0.574703 0.54013 0.0187187 0.0304953
1 0.458148 0.556816 0.0127656 0.0282075
1 0.367656 0.551875 0.0105313 0.0155425
1 0.303914 0.547854 0.0226094 0.0245755
1 0.209961 0.525307 0.0101719 0.017783
