2 0.428781 0.376458 0.214844 0.133375
2 0.297141 0.606646 0.0296875 0.0814583
2 0.205219 0.516854 0.123125 0.258583
2 0.632508 0.685844 0.0594531 0.338021
2 0.493836 0.562125 0.157641 0.220958
2 0.676711 0.665146 0.100516 0.311125
2 0.648789 0.242833 0.0457344 0.113292
2 0.369711 0.295667 0.223828 0.147625
2 0.780953 0.418823 0.246594 0.0371042
2 0.568836 0.311958 0.0615156 0.093625
2 0.600883 0.247198 0.0696719 0.100979
2 0.762117 0.4965 0.205453 0.181958
2 0.37482 0.47874 0.131547 0.183896
2 0.485555 0.228729 0.0808594 0.07175
2 0.546719 0.239958 0.090375 0.103292
2 0.701023 0.232469 0.0648906 0.129438
2 0.401297 0.218542 0.09925 0.0625417
2 0.391328 0.353469 0.182938 0.0996458
2 0.548281 0.65874 0.098125 0.299188
2 0.494867 0.424281 0.0728906 0.123312
2 0.841562 0.576719 0.0925625 0.0608958
2 0.663992 0.30726 0.0378281 0.0953542
2 0.54418 0.412323 0.0567344 0.125396
2 0.707031 0.642573 0.125094 0.288437
2 0.748555 0.252979 0.0693281 0.0752917
2 0.254063 0.549042 0.0644062 0.275292
2 0.747016 0.402104 0.210188 0.1685
2 0.352797 0.525802 0.114844 0.253188
2 0.86925 0.521979 0.0818125 0.0545417
2 0.729727 0.6155 0.159422 0.270292
2 0.396 0.557031 0.052 0.119854
2 0.581383 0.679844 0.0600781 0.324604
2 0.663836 0.747906 0.0214844 0.104396
2 0.50943 0.617604 0.144266 0.242958
2 0.880617 0.458135 0.136359 0.0655625
2 0.354047 0.59675 0.0455313 0.0915417
2 0.511672 0.283667 0.0673438 0.10325
2 0.574242 0.410469 0.115703 0.157604
2 0.493711 0.674167 0.0299844 0.10025
2 0.706336 0.288302 0.0419219 0.0740625
2 0.749594 0.566219 0.1865 0.207229
2 0.445742 0.461646 0.0808906 0.0685
2 0.23482 0.529344 0.0594531 0.240729
2 0.316867 0.547875 0.0718906 0.268417
2 0.616867 0.329719 0.0591094 0.0821875
2 0.638391 0.377646 0.0620938 0.0508333
3 0.147766 0.114188 0.0264375 0.0372083
3 0.396437 0.0301458 0.02625 0.041375
3 0.482477 0.15399 0.0252031 0.0308542
3 0.271836 0.081 0.0187969 0.027
3 0.444461 0.0626771 0.0177656 0.0250625
3 0.363805 0.0526562 0.0222344 0.0396875
3 0.416414 0.0873646 0.0183594 0.0171042
3 0.409758 0.0614063 0.0237656 0.0341042
3 0.225914 0.0416042 0.0207344 0.031375
3 0.273797 0.0163854 0.0206563 0.0322292
3 0.442539 0.0483021 0.0133906 0.0121875
3 0.311266 0.0519271 0.026 0.0367708
3 0.212805 0.0194583 0.0163906 0.0230417
3 0.294914 0.090375 0.0204219 0.0372083
3 0.503547 0.158271 0.025625 0.0355417
3 0.451891 0.120948 0.0264062 0.0380208
3 0.391531 0.143635 0.01925 0.0326042
3 0.481445 0.0447604 0.0235469 0.0322292
3 0.128398 0.0871563 0.0231406 0.0401458
3 0.416336 0.118969 0.0227344 0.0319792
3 0.262125 0.0435208 0.0179687 0.0347083
3 0.294937 0.0190208 0.023625 0.0370833
3 0.185383 0.10075 0.0242344 0.0342917
3 0.187539 0.0461458 0.0254219 0.0399583
3 0.37918 0.116021 0.0249219 0.0315417
3 0.386813 0.0557917 0.024375 0.0355417
3 0.118461 0.0459063 0.0245781 0.0311458
3 0.462078 0.149917 0.0188437 0.0287083
3 0.376234 0.0200313 0.0219062 0.0361875
3 0.245562 0.0385208 0.0185937 0.0267083
3 0.247758 0.119427 0.0193594 0.0240625
3 0.467187 0.0652917 0.0219062 0.0341667
3 0.147586 0.0471042 0.0271719 0.037
3 0.429914 0.0567187 0.0104531 0.0238958
3 0.58932 0.01675 0.0197344 0.0335
3 0.125523 0.116958 0.0194531 0.0332917
3 0.212109 0.111854 0.0175313 0.0205833
3 0.128812 0.0202708 0.0324375 0.0405417
3 0.207328 0.0399792 0.02025 0.0322083
3 0.493312 0.13049 0.025875 0.0365208
3 0.339977 0.0881667 0.0228906 0.0402917
3 0.191266 0.0208854 0.0221875 0.0160625
3 0.253055 0.0899375 0.0193281 0.0335417
3 0.370422 0.139708 0.0225625 0.0307917
3 0.324727 0.12475 0.0314844 0.03625
3 0.181508 0.0721979 0.0155469 0.0252708
3 0.206828 0.0797396 0.0218125 0.0279792
3 0.543664 0.0492292 0.0229219 0.0270417
3 0.479187 0.0154062 0.0219375 0.0268958
3 0.469313 0.128969 0.0148125 0.0169792
3 0.51243 0.145875 0.0194219 0.0305833
3 0.31982 0.0919479 0.0275469 0.0376875
3 0.503844 0.0528542 0.0248438 0.0327917
3 0.473234 0.109365 0.025625 0.0359375
3 0.288937 0.0478646 0.0272812 0.0334792
3 0.544875 0.0291979 0.0128125 0.0187292
3 0.447578 0.0149063 0.0260312 0.0298125
3 0.354781 0.0192604 0.0241563 0.0385208
3 0.317602 0.027125 0.0244219 0.0225417
3 0.162695 0.0820521 0.0293906 0.0391875
3 0.400023 0.0958229 0.0240781 0.0292292
3 0.494437 0.0296562 0.0167187 0.0245208
3 0.412516 0.147937 0.0250312 0.0314167
3 0.457477 0.0413229 0.0272656 0.0363542
3 0.228836 0.0870937 0.0175781 0.0382708
3 0.57325 0.0199063 0.018125 0.0263958
3 0.344273 0.119438 0.0164844 0.0350417
3 0.281445 0.114875 0.0218906 0.03525
