2 0.664918 0.188309 0.205523 0.0896569
2 0.611528 0.0984232 0.131716 0.17482
2 0.593333 0.038799 0.0533987 0.0759314
2 0.46844 0.0404575 0.0976307 0.080915
2 0.476046 0.0329493 0.0547059 0.0658987
2 0.6875 0.115253 0.132418 0.105441
2 0.800057 0.00906863 0.116291 0.0181373
2 0.634461 0.233129 0.179052 0.125376
2 0.709052 0.0112582 0.0454575 0.0225163
2 0.508366 0.12799 0.049183 0.0999346
2 0.629167 0.053848 0.113987 0.107696
2 0.519175 0.0479493 0.0963562 0.0953758
2 0.804306 0.0251307 0.159722 0.0480065
2 0.530376 0.190498 0.0441503 0.0836111
