1 0.645893 0.66717 0.13808 0.10122
1 0.835613 0.64102 0.154533 0.08052
1 0.61228 0.76116 0.137787 0.10128
1 0.70568 0.61906 0.125227 0.10004
1 0.863813 0.7671 0.15696 0.1126
1 0.537893 0.71156 0.124267 0.09824
1 0.719587 0.70682 0.0684 0.07624
1 0.451613 0.72503 0.0724 0.03282
1 0.9598 0.7148 0.0769333 0.12604
1 0.737027 0.78989 0.14184 0.11822
1 0.862653 0.8626 0.1828 0.07968
1 0.469227 0.71693 0.0160533 0.01282
1 0.680387 0.8625 0.0806667 0.09856
1 0.90556 0.59222 0.12168 0.07948
1 0.796467 0.68687 0.15288 0.10718
2 0.416387 0.60103 0.06632 0.04154
2 0.376293 0.64158 0.08208 0.10524
2 0.345467 0.6834 0.12288 0.04412
2 0.447987 0.63688 0.0652533 0.11012
2 0.49236 0.66589 0.0990133 0.0777
2 0.4084 0.6382 0.0397867 0.03764
2 0.486413 0.64865 0.03352 0.02846
2 0.494867 0.60513 0.0565067 0.08082
