2 0.407953 0.345677 0.192594 0.328021
2 0.510844 0.273344 0.138344 0.334979
2 0.558078 0.314333 0.153531 0.34425
2 0.647633 0.330521 0.111734 0.333333
2 0.682258 0.374812 0.0926094 0.218958
2 0.575094 0.436594 0.123 0.319229
2 0.430773 0.395208 0.0425781 0.0905
2 0.557102 0.45324 0.0832031 0.175896
3 0.692844 0.632938 0.112094 0.207125
3 0.609555 0.66 0.179047 0.243583
3 0.614219 0.861344 0.173937 0.201604
3 0.499805 0.708771 0.136734 0.23025
2 0.352484 0.206479 0.152688 0.154208
2 0.328258 0.337677 0.120328 0.157437
2 0.247758 0.201229 0.109047 0.167667
2 0.19318 0.329615 0.177266 0.179437
2 0.246336 0.455417 0.127797 0.163958
2 0.361023 0.11625 0.106422 0.127667
