3 0.17019 0.643907 0.12274 0.10168
3 0.22944 0.375507 0.05332 0.17128
3 0.34173 0.604547 0.05398 0.0985333
3 0.57029 0.238627 0.09578 0.111173
3 0.10592 0.289133 0.07468 0.13496
3 0.74931 0.256213 0.04446 0.0966933
3 0.42506 0.63212 0.069 0.135173
3 0.53989 0.113267 0.13594 0.0938933
3 0.7446 0.403333 0.0946 0.144107
3 0.68436 0.478027 0.07 0.0995733
3 0.82648 0.50876 0.13404 0.16968
3 0.38551 0.561627 0.06018 0.0717867
3 0.30055 0.582667 0.05862 0.0814933
3 0.38076 0.611053 0.05136 0.0849867
3 0.62937 0.05604 0.04794 0.0794933
3 0.5217 0.24956 0.07268 0.08792
3 0.2762 0.378493 0.08752 0.13128
3 0.35304 0.45252 0.14528 0.19256
3 0.7819 0.347693 0.10312 0.127547
3 0.82429 0.38692 0.04966 0.142053
3 0.25446 0.271267 0.07212 0.08408
3 0.70753 0.188093 0.0625 0.05928
3 0.20224 0.807013 0.05768 0.09472
3 0.58052 0.345213 0.1154 0.134747
3 0.26103 0.19244 0.09422 0.0652533
