2 0.391813 0.815646 0.0801875 0.11025
2 0.545297 0.913823 0.0775937 0.170604
2 0.309023 0.797823 0.0444219 0.0587292
2 0.438641 0.871073 0.0887813 0.157021
2 0.128633 0.882062 0.130359 0.174792
2 0.450133 0.835125 0.0978906 0.127167
2 0.551547 0.992677 0.0372813 0.0146458
2 0.143469 0.868552 0.106875 0.143354
2 0.278367 0.887427 0.152547 0.106896
2 0.401867 0.862177 0.0349531 0.131021
2 0.371148 0.793656 0.0173281 0.0344792
2 0.287625 0.857563 0.1675 0.0730833
2 0.612078 0.909958 0.0390313 0.164125
2 0.376109 0.867552 0.0382813 0.137521
2 0.370258 0.967521 0.110078 0.05975
2 0.263445 0.958073 0.0544219 0.0838542
2 0.373766 0.959708 0.117687 0.0740833
2 0.334383 0.770521 0.0305781 0.0833333
2 0.587187 0.920042 0.036125 0.159917
2 0.133047 0.845615 0.0711563 0.0976458
2 0.283156 0.82975 0.153469 0.0482083
2 0.562664 0.910562 0.0735781 0.168667
2 0.0890781 0.88275 0.0987187 0.176417
2 0.346883 0.786146 0.0152344 0.04225
2 0.185969 0.863437 0.0107188 0.047625
2 0.282547 0.960615 0.0375 0.0787708
2 0.254305 0.909521 0.141766 0.147625
1 0.180758 0.519427 0.0290781 0.0374375
1 0.0783203 0.466146 0.0287344 0.0281667
1 0.0080625 0.423333 0.0148125 0.0333333
1 0.0912812 0.530531 0.0334062 0.0332708
1 0.101609 0.56125 0.0300312 0.0339167
1 0.0666016 0.506667 0.0368594 0.042375
1 0.0288828 0.514875 0.0380781 0.0395
1 0.241469 0.557302 0.0164375 0.0211875
1 0.0370469 0.450958 0.0300938 0.0272083
1 0.199602 0.547865 0.00754687 0.0136042
1 0.108367 0.462104 0.0305781 0.0317917
1 0.121219 0.586198 0.0380313 0.0436042
1 0.058375 0.445781 0.0263437 0.0369375
1 0.171695 0.569198 0.0390469 0.0446458
1 0.151141 0.501281 0.0309687 0.0343542
1 0.0893125 0.570958 0.0315 0.047625
1 0.00726562 0.519219 0.0139687 0.0308958
1 0.031625 0.424365 0.0338437 0.0358958
1 0.0188047 0.406885 0.0283594 0.0299792
1 0.21575 0.540646 0.0280313 0.0360417
1 0.164484 0.530531 0.0296563 0.0377292
1 0.134078 0.528479 0.0355 0.0464583
1 0.120641 0.480042 0.0306875 0.0395
1 0.149695 0.589781 0.0230781 0.0176875
1 0.0692344 0.585313 0.0365313 0.0464167
1 0.0576484 0.552792 0.0352969 0.0442083
1 0.154945 0.550135 0.0291719 0.0367708
1 0.0592031 0.534208 0.0385937 0.0345
1 0.01425 0.453135 0.0279687 0.0331042
1 0.11475 0.548583 0.0219375 0.0323333
1 0.154852 0.477344 0.0277031 0.0247292
1 0.042125 0.569635 0.0196875 0.0188958
1 0.0247656 0.479938 0.0273125 0.0359583
1 0.204234 0.566156 0.0276875 0.0210208
1 0.0344062 0.496542 0.0338437 0.0330833
1 0.0459453 0.476406 0.0232656 0.0261458
1 0.0650625 0.612083 0.0204375 0.021
1 0.0915156 0.606469 0.0338437 0.0225625
1 0.0818281 0.449583 0.02325 0.0259583
1 0.198188 0.572094 0.0186562 0.0203125
1 0.0977891 0.590813 0.0103281 0.016875
1 0.0239609 0.542448 0.0370469 0.0429375
1 0.188617 0.547896 0.0207344 0.0268333
1 0.102461 0.512427 0.0337344 0.0375625
1 0.201539 0.521563 0.0257969 0.0396667
1 0.0876406 0.47851 0.034 0.0319792
1 0.133156 0.554354 0.0157813 0.0112917
1 0.0129219 0.469563 0.0247188 0.0237917
1 0.223281 0.563896 0.0223125 0.017625
