4 0.76765 0.825782 0.02346 0.036645
4 0.82492 0.584414 0.01796 0.0165798
4 0.75923 0.878127 0.02726 0.0359935
4 0.77548 0.694984 0.02144 0.0289902
4 0.90081 0.679919 0.01218 0.0228339
4 0.84776 0.587948 0.02008 0.0327036
4 0.7327 0.685033 0.01548 0.0262215
4 0.84247 0.631401 0.01322 0.0211726
4 0.76823 0.650928 0.01146 0.0260261
4 0.81378 0.921059 0.02108 0.0329967
4 0.77946 0.862492 0.02148 0.0389902
4 0.87 0.699919 0.0212 0.028241
4 0.80374 0.602459 0.01796 0.0253746
4 0.84453 0.699023 0.01602 0.0308795
4 0.79626 0.699414 0.02228 0.0284691
4 0.75721 0.854186 0.02706 0.0289577
4 0.69489 0.804153 0.0093 0.015798
4 0.8255 0.681189 0.0204 0.03
4 0.73951 0.668485 0.01962 0.0302606
4 0.79397 0.616107 0.01922 0.0302606
4 0.7777 0.891922 0.0158 0.0350489
4 0.81127 0.706221 0.01378 0.0181759
4 0.75726 0.698567 0.01356 0.0153094
4 0.81 0.676694 0.0156 0.028241
4 0.89285 0.691857 0.0195 0.0299023
4 0.81076 0.631515 0.02004 0.0342997
4 0.85974 0.620391 0.01428 0.0122476
4 0.99605 0.642085 0.0079 0.0103583
4 0.74734 0.69355 0.00692 0.0205863
4 0.70347 0.681596 0.01034 0.0127687
4 0.81752 0.657199 0.02388 0.0349837
4 0.99348 0.688681 0.00892 0.0286319
4 0.79448 0.936498 0.02236 0.0342997
4 0.85826 0.705147 0.01384 0.0208469
4 0.82661 0.701482 0.01258 0.0253746
4 0.78905 0.903062 0.02174 0.0392834
4 0.81556 0.613795 0.01252 0.0160586
4 0.79542 0.866466 0.01404 0.0264821
4 0.88222 0.654479 0.01684 0.0270684
4 0.84505 0.64956 0.01522 0.017101
4 0.73217 0.82684 0.0161 0.024886
4 0.71637 0.820912 0.02038 0.0256026
4 0.79715 0.65987 0.01726 0.0237785
4 0.73641 0.867231 0.01906 0.0340717
4 0.86696 0.672915 0.02 0.0296091
3 0.71623 0.922638 0.06058 0.10241
3 0.51691 0.889479 0.03054 0.0510749
3 0.62493 0.799365 0.0633 0.0943648
3 0.45038 0.864528 0.05 0.0911401
3 0.50987 0.944104 0.04454 0.0703583
3 0.66518 0.943893 0.06112 0.083355
3 0.50291 0.829414 0.06354 0.0931596
3 0.71021 0.850945 0.03866 0.0496417
3 0.46968 0.911417 0.06692 0.0991857
3 0.5053 0.785489 0.0634 0.0638762
3 0.68252 0.822036 0.02292 0.038013
3 0.62221 0.978208 0.03862 0.0194788
3 0.60702 0.959381 0.0362 0.0547231
3 0.56191 0.937736 0.07378 0.0959283
3 0.56834 0.777443 0.07288 0.100293
3 0.63833 0.78399 0.06666 0.0880456
3 0.67271 0.785163 0.03938 0.0685668
