0 0.291602 0.694646 0.123578 0.156583
0 0.237195 0.585562 0.0898906 0.125958
0 0.342375 0.372177 0.0962187 0.100104
0 0.714063 0.724281 0.117875 0.159771
0 0.258586 0.459125 0.106234 0.149125
0 0.613398 0.769802 0.122859 0.172312
0 0.814844 0.222 0.088125 0.0711667
0 0.363695 0.597865 0.111266 0.117646
0 0.567133 0.236135 0.130328 0.151396
0 0.95268 0.0997604 0.0882344 0.118354
0 0.866078 0.579469 0.139 0.151688
0 0.0334453 0.185 0.0328906 0.0428333
0 0.80125 0.494333 0.131656 0.15075
0 0.45043 0.109854 0.0453906 0.03175
0 0.315297 0.137917 0.0272188 0.0369167
0 0.167195 0.144052 0.0538281 0.0746458
0 0.70268 0.564083 0.106266 0.157958
0 0.869016 0.22125 0.0794375 0.091625
0 0.794555 0.639813 0.0819219 0.124667
0 0.391125 0.101167 0.0323125 0.0495833
0 0.985484 0.145594 0.0290312 0.0784375
0 0.723164 0.0807708 0.0696094 0.0712917
0 0.447336 0.252052 0.0763594 0.0788125
0 0.0223047 0.197219 0.0269844 0.0351875
0 0.407391 0.692438 0.122031 0.174083
0 0.473445 0.164135 0.0575781 0.0593542
0 0.460141 0.317083 0.0915938 0.0715833
0 0.861461 0.0722917 0.0921094 0.125083
0 0.483242 0.522281 0.0787031 0.114812
0 0.484445 0.0530938 0.0363594 0.0546042
0 0.405219 0.0316354 0.0266562 0.0417708
0 0.395172 0.356448 0.0287187 0.0570625
0 0.286156 0.0918438 0.0176875 0.0353958
0 0.530844 0.682646 0.102875 0.143625
0 0.560633 0.3875 0.119703 0.16275
0 0.444039 0.0855833 0.0656094 0.074625
0 0.114602 0.253719 0.0567344 0.0746042
0 0.508445 0.07975 0.0455781 0.0364167
0 0.654586 0.0919375 0.0872656 0.0964583
0 0.353906 0.125052 0.030625 0.0405625
0 0.732398 0.148385 0.0742344 0.0658958
0 0.702922 0.427594 0.0734375 0.0818125
0 0.368719 0.470156 0.100562 0.145896
0 0.93207 0.030625 0.0979531 0.06125
0 0.952969 0.213729 0.0940625 0.107833
0 0.349539 0.290948 0.0870156 0.0981875
0 0.729703 0.304104 0.104125 0.0820417
0 0.786937 0.0508542 0.082875 0.101708
0 0.718773 0.0289375 0.0872031 0.0560417
0 0.521133 0.185906 0.0694219 0.0774375
