4 0.640156 0.324365 0.0101563 0.00997917
4 0.607891 0.330167 0.0095 0.01075
4 0.6155 0.331219 0.00715625 0.00989583
4 0.63007 0.313885 0.0114219 0.0105625
4 0.63943 0.316469 0.0104531 0.0139375
4 0.623414 0.313604 0.00957812 0.008375
4 0.587539 0.322458 0.0101094 0.0112917
4 0.620828 0.33026 0.0094375 0.0111875
4 0.599617 0.330125 0.0112656 0.0109583
4 0.581094 0.327688 0.00846875 0.0112917
1 0.586102 0.663135 0.0369844 0.0407708
1 0.583797 0.688469 0.0362188 0.0382292
1 0.54832 0.730365 0.0368906 0.0282292
1 0.657469 0.713896 0.0341562 0.0224583
1 0.542305 0.697604 0.0142656 0.02225
1 0.589016 0.726875 0.0304687 0.018
1 0.562289 0.711521 0.0354844 0.0261667
1 0.538406 0.682094 0.0158438 0.0476042
1 0.589508 0.7105 0.0289219 0.0230417
1 0.533422 0.69799 0.00615625 0.0386458
1 0.5665 0.728115 0.0233437 0.0197292
1 0.616617 0.719323 0.0340469 0.0211458
0 0.197539 0.128 0.0315469 0.03575
0 0.251047 0.142198 0.0309375 0.0160208
0 0.807023 0.488438 0.0185469 0.0302917
0 0.148055 0.112333 0.0133281 0.0275
0 0.274922 0.147583 0.020625 0.0117917
0 0.201578 0.295354 0.0415312 0.0436667
0 0.190352 0.138573 0.0323281 0.0121458
0 0.113617 0.0747188 0.0201406 0.0348125
0 0.223711 0.127073 0.0306719 0.0386875
0 0.135078 0.109021 0.0243438 0.035375
0 0.168078 0.317375 0.020875 0.0148333
0 0.285672 0.320958 0.0285938 0.01975
0 0.22968 0.319333 0.0302031 0.0184167
0 0.197555 0.31625 0.0380156 0.0225833
0 0.16368 0.0796146 0.0363594 0.0402292
0 0.160156 0.133385 0.0265937 0.0152292
0 0.819148 0.505375 0.0225156 0.0157083
0 0.223742 0.143417 0.0222969 0.00845833
0 0.846273 0.502792 0.0238594 0.0150417
0 0.171937 0.312792 0.0279063 0.024875
0 0.161875 0.28875 0.009875 0.0289583
0 0.311203 0.317042 0.0343437 0.0285
0 0.258875 0.320052 0.0349062 0.0202292
0 0.795555 0.484979 0.0121094 0.0320417
0 0.167398 0.115979 0.0380156 0.0485
0 0.267148 0.300208 0.0313281 0.0337917
0 0.800016 0.506115 0.020875 0.0169792
0 0.238289 0.294354 0.0355469 0.0492917
2 0.367586 0.529104 0.0349844 0.0223333
2 0.605922 0.180031 0.0638438 0.0178958
2 0.572211 0.174302 0.0250469 0.0203542
2 0.545281 0.155312 0.0628125 0.0239167
5 0.507906 0.311417 0.0165625 0.0228333
5 0.493648 0.319115 0.0163594 0.0104792
5 0.391641 0.309646 0.0107813 0.0194583
5 0.425016 0.319854 0.0176563 0.02325
5 0.442477 0.322396 0.0193281 0.0285417
5 0.478727 0.325313 0.0119844 0.0222917
5 0.456297 0.317552 0.0145625 0.0161875
