4 0.687531 0.509 0.0869375 0.111833
4 0.757922 0.353156 0.0855313 0.110104
4 0.687656 0.704542 0.0799375 0.118458
4 0.643852 0.347854 0.0851406 0.102625
4 0.645391 0.254 0.0830313 0.112708
4 0.626078 0.462979 0.083 0.118
4 0.680844 0.401406 0.0840937 0.108396
4 0.72607 0.63501 0.0567969 0.0664375
4 0.736414 0.440354 0.0712031 0.0918333
4 0.719297 0.26976 0.07675 0.108354
4 0.719461 0.555063 0.0800781 0.0969167
4 0.803953 0.503677 0.0770938 0.102771
4 0.592078 0.32 0.0600625 0.104083
4 0.650641 0.61551 0.08075 0.0988542
4 0.606344 0.421552 0.0665 0.0796875
4 0.640125 0.551813 0.0797188 0.07625
4 0.710688 0.335698 0.082125 0.0802708
