2 0.187031 0.431662 0.0385313 0.111012
2 0.899992 0.581676 0.0269219 0.136474
2 0.494437 0.657312 0.0745 0.238382
2 0.110344 0.668642 0.0841875 0.248786
2 0.186711 0.180072 0.0399531 0.241936
2 0.550492 0.340491 0.0254844 0.0416763
2 0.338617 0.46039 0.0613594 0.192225
2 0.195437 0.170448 0.0460625 0.208468
2 0.711383 0.449061 0.0439531 0.129277
2 0.842039 0.602009 0.0690156 0.128642
2 0.875398 0.451763 0.0320781 0.113642
2 0.887039 0.800809 0.0382031 0.248497
2 0.195961 0.668743 0.0551094 0.238526
2 0.659281 0.469277 0.0304063 0.165376
2 0.0658125 0.661185 0.0890937 0.258208
2 0.379516 0.485896 0.0408437 0.112486
2 0.285867 0.712977 0.0799531 0.196994
2 0.59293 0.525202 0.0410469 0.0784971
2 0.275031 0.296965 0.0485312 0.164162
2 0.771875 0.762702 0.037625 0.25211
2 0.186828 0.0387572 0.0610938 0.0640462
2 0.0683516 0.49172 0.0562969 0.173671
2 0.256469 0.0324277 0.0535 0.034104
2 0.587852 0.729538 0.0761719 0.262197
2 0.741586 0.567861 0.0471406 0.108671
2 0.0868984 0.181879 0.0565781 0.201098
2 0.216906 0.186777 0.0292187 0.239451
2 0.246148 0.641532 0.0832969 0.223064
2 0.551008 0.730824 0.0491719 0.243324
2 0.922305 0.809581 0.0407656 0.263844
2 0.254875 0.443107 0.06425 0.188064
2 0.265461 0.47435 0.0547344 0.210665
2 0.434664 0.548844 0.0811406 0.23052
2 0.730992 0.410694 0.0253281 0.136763
2 0.220906 0.29526 0.05625 0.160809
2 0.523352 0.419147 0.0392031 0.087659
2 0.48818 0.546243 0.0469219 0.147399
2 0.225703 0.175477 0.048 0.222341
2 0.131211 0.149451 0.0872656 0.182775
2 0.746063 0.763136 0.0943125 0.225231
2 0.0573828 0.610275 0.0874219 0.260549
2 0.801609 0.770246 0.0440625 0.267254
2 0.87368 0.597847 0.0456094 0.171879
2 0.390781 0.448786 0.034 0.138902
2 0.888641 0.386936 0.0325 0.0779769
2 0.788594 0.394783 0.0553438 0.0699711
2 0.143547 0.618309 0.0529687 0.158006
2 0.644172 0.770665 0.0559063 0.257803
2 0.81807 0.452298 0.0235469 0.0359827
2 0.924555 0.598237 0.0432969 0.179306
2 0.03675 0.459335 0.0561562 0.102601
2 0.0906875 0.454422 0.0533438 0.131098
2 0.622258 0.453512 0.0425781 0.126561
2 0.780625 0.482659 0.079375 0.152832
2 0.705758 0.412529 0.0435781 0.146734
2 0.720672 0.601705 0.0300938 0.134971
2 0.103391 0.324942 0.0615938 0.0939884
2 0.346227 0.683844 0.0899531 0.22
2 0.311781 0.718974 0.0898125 0.237948
2 0.5195 0.549841 0.03 0.136156
2 0.533531 0.722197 0.0512188 0.242659
2 0.117125 0.173699 0.06425 0.218439
2 0.680656 0.444393 0.0204063 0.141561
2 0.15968 0.6675 0.0685156 0.240491
2 0.213047 0.439653 0.0215 0.0638728
2 0.0696797 0.172572 0.0629531 0.172832
2 0.246953 0.312746 0.0497812 0.186994
2 0.574453 0.469841 0.0349375 0.18078
2 0.45543 0.572327 0.0550156 0.248931
2 0.602141 0.447081 0.0223125 0.107457
2 0.434703 0.686416 0.0386875 0.26422
2 0.667711 0.779986 0.0347969 0.248179
2 0.216961 0.465303 0.0580781 0.13263
2 0.0249609 0.60526 0.0461094 0.193931
2 0.545336 0.554566 0.0429844 0.161329
2 0.480273 0.665983 0.0456094 0.218092
2 0.846375 0.445506 0.0352188 0.116676
2 0.651938 0.433497 0.0261875 0.124798
2 0.133633 0.37591 0.0334531 0.0846532
2 0.160219 0.383844 0.030625 0.103584
2 0.277391 0.699191 0.0602188 0.181503
2 0.408797 0.438598 0.0579375 0.156676
2 0.906148 0.426532 0.0489219 0.10948
2 0.0501172 0.612529 0.0736406 0.218468
2 0.548133 0.434827 0.0241406 0.118728
2 0.448516 0.676806 0.0670313 0.246792
2 0.170609 0.102731 0.0530937 0.132746
2 0.606422 0.626127 0.0480938 0.0998266
2 0.705945 0.78396 0.0427344 0.251908
2 0.636086 0.596431 0.0283281 0.101127
2 0.819383 0.560419 0.0940469 0.100145
2 0.815445 0.539176 0.113547 0.127543
2 0.356297 0.406257 0.0188437 0.0628613
2 0.859547 0.775491 0.067125 0.233468
2 0.379297 0.540072 0.0364688 0.199566
2 0.651883 0.662746 0.0588281 0.0859538
2 0.573977 0.382673 0.0350469 0.091185
2 0.225383 0.668844 0.0572656 0.253931
2 0.945672 0.603685 0.0651562 0.233324
2 0.155852 0.510737 0.0617656 0.182283
2 0.697867 0.583569 0.0202344 0.0905491
2 0.0620156 0.48198 0.0593437 0.117717
2 0.466203 0.452283 0.0219375 0.0583237
2 0.114234 0.467153 0.0341562 0.126156
2 0.741437 0.434639 0.0303125 0.127659
2 0.742867 0.751879 0.0491094 0.246705
2 0.644078 0.538324 0.0205625 0.06
2 0.623914 0.398974 0.0348594 0.0863295
2 0.148039 0.498714 0.0137969 0.107254
2 0.288031 0.484595 0.041875 0.211098
2 0.316562 0.470549 0.04875 0.207688
2 0.115586 0.365954 0.0393594 0.0885549
2 0.152906 0.0844798 0.0285625 0.0664162
2 0.0825078 0.380014 0.0531094 0.0318208
2 0.95068 0.79487 0.0650781 0.251647
2 0.5245 0.368685 0.034375 0.0945376
2 0.571109 0.749364 0.04075 0.275145
2 0.134977 0.489075 0.0367344 0.131734
2 0.374641 0.40539 0.0206563 0.0774277
2 0.834922 0.395231 0.0219062 0.0469364
2 0.616797 0.569812 0.022125 0.0492775
2 0.0289531 0.445 0.0556875 0.0915607
2 0.676922 0.577428 0.0454375 0.0976879
2 0.333313 0.639046 0.0575312 0.176127
