2 0.620383 0.444683 0.0178594 0.0272066
2 0.575164 0.747664 0.0243594 0.0266901
2 0.654188 0.971854 0.00528125 0.0256338
2 0.151914 0.665763 0.0204219 0.0142958
2 0.236258 0.511138 0.0257344 0.0403052
2 0.131438 0.765505 0.0210938 0.0137324
2 0.279672 0.382066 0.00340625 0.00976526
2 0.577203 0.843192 0.0371563 0.0453052
2 0.383164 0.940164 0.0396406 0.0237559
2 0.0808516 0.909636 0.0527031 0.0511502
2 0.594516 0.778486 0.0169687 0.0493192
2 0.487305 0.651385 0.00382813 0.013662
2 0.507703 0.493732 0.0179375 0.0120188
2 0.263633 0.330117 0.0153594 0.0166667
2 0.642266 0.705023 0.03325 0.0124883
2 0.67925 0.627054 0.0105625 0.0403521
2 0.368555 0.432735 0.0100781 0.00847418
2 0.286641 0.431455 0.0172813 0.0167606
2 0.448117 0.472101 0.00729687 0.0289906
2 0.485445 0.515763 0.0145469 0.0214789
2 0.585961 0.425411 0.0206406 0.0312911
2 0.944523 0.663369 0.00820313 0.0226056
2 0.0423359 0.663451 0.0276406 0.0410329
2 0.381016 0.36473 0.010375 0.0119014
2 0.120688 0.76439 0.0334375 0.0366667
2 0.641523 0.470669 0.0116094 0.0162676
2 0.336305 0.703592 0.0235469 0.038216
2 0.311906 0.633451 0.02075 0.0381221
2 0.642141 0.429014 0.0176563 0.0120657
2 0.257539 0.593615 0.0128594 0.0337559
2 0.325305 0.325505 0.00698437 0.0135915
2 0.190281 0.681138 0.0301875 0.0225587
2 0.963977 0.710775 0.0104844 0.0238498
2 0.566008 0.864049 0.0414531 0.0349061
2 0.942352 0.694143 0.0166094 0.0292723
2 0.365117 0.331479 0.0136406 0.00971831
2 0.496859 0.68007 0.0081875 0.0530986
2 0.19268 0.695469 0.0230469 0.0175117
2 0.443844 0.641925 0.0086875 0.0221596
2 0.126867 0.806843 0.0266094 0.0400235
2 0.0568984 0.825716 0.0347969 0.0179577
2 0.93357 0.978756 0.0552656 0.0410329
2 0.0411875 0.692101 0.0400625 0.0180516
2 0.0376797 0.759859 0.0503594 0.0216432
2 0.623156 0.491467 0.0203125 0.0166901
2 0.888289 0.9773 0.0422344 0.02
2 0.540703 0.772547 0.0131875 0.0251408
2 0.248281 0.575728 0.008875 0.0266667
2 0.335641 0.710446 0.0260937 0.0302817
2 0.36607 0.722207 0.00667187 0.0140845
2 0.299563 0.404589 0.00646875 0.0349061
2 0.657773 0.860646 0.0463594 0.0603052
2 0.308937 0.685822 0.0175625 0.0189671
2 0.0564141 0.732277 0.0442031 0.029108
2 0.275719 0.467793 0.0122188 0.0320188
2 0.429664 0.497512 0.00539063 0.0210798
2 0.530953 0.571761 0.0044375 0.0171831
2 0.150125 0.686514 0.0234062 0.0103521
2 0.510336 0.47115 0.0101406 0.0112676
2 0.618945 0.39858 0.0228594 0.0234977
2 0.666484 0.727969 0.00734375 0.0120423
2 0.984594 0.580998 0.013625 0.0252817
2 0.965055 0.693016 0.00845313 0.0238263
2 0.388344 0.508322 0.0148437 0.0102582
2 0.553789 0.442535 0.0142969 0.014554
2 0.359242 0.755728 0.0201406 0.0320657
2 0.582789 0.895387 0.0436719 0.0373474
2 0.285992 0.678134 0.0168906 0.0338732
2 0.273891 0.510704 0.0189062 0.0456338
2 0.250789 0.402465 0.0158906 0.0306103
2 0.982172 0.922723 0.0343125 0.0537089
2 0.465344 0.538063 0.00715625 0.0136385
2 0.311531 0.368028 0.0068125 0.0210329
2 0.617508 0.943979 0.0388906 0.0263615
2 0.456742 0.753768 0.0214844 0.0312911
2 0.491195 0.485399 0.0262031 0.0268545
2 0.99457 0.589202 0.00892187 0.0224413
2 0.50368 0.658967 0.0131719 0.0376995
2 0.177281 0.69108 0.0148437 0.0105164
2 0.241773 0.508568 0.0228594 0.0384507
2 0.608742 0.379366 0.0139844 0.018216
2 0.327336 0.471761 0.0192969 0.0176056
2 0.0660469 0.786373 0.0253125 0.039554
2 0.668391 0.620599 0.0110312 0.0276291
2 0.432445 0.554824 0.0121094 0.0207746
2 0.676281 0.975012 0.013125 0.0285681
2 0.911258 0.928052 0.0453906 0.035446
2 0.698641 0.825986 0.0179063 0.018216
2 0.633648 0.507113 0.0168906 0.0243662
2 0.0507187 0.879155 0.0351875 0.0576056
2 0.554375 0.696796 0.0075 0.00795775
2 0.0716328 0.816972 0.0288281 0.0248826
2 0.89675 0.949178 0.0447813 0.0361972
2 0.292547 0.980423 0.0342812 0.0376995
2 0.276977 0.678685 0.0149844 0.0429577
2 0.431945 0.5925 0.00945312 0.026784
2 0.933852 0.926221 0.0450781 0.0314085
2 0.220523 0.413357 0.0184219 0.0189671
2 0.59125 0.945387 0.031125 0.0465023
2 0.53482 0.621972 0.0157344 0.0304695
2 0.0112656 0.742394 0.0161563 0.0519249
2 0.381266 0.34608 0.0145 0.0115493
2 0.59157 0.636491 0.0187656 0.0366901
2 0.366164 0.703991 0.0184219 0.0338498
2 0.550945 0.852899 0.0358281 0.0556573
2 0.667547 0.785399 0.027 0.023662
2 0.598859 0.425599 0.015875 0.0289906
2 0.399156 0.502946 0.00978125 0.0254225
2 0.253422 0.556232 0.0145625 0.052277
2 0.580336 0.724378 0.0359844 0.0223239
2 0.39293 0.35446 0.0137031 0.0130047
2 0.651516 0.650376 0.031875 0.0233333
2 0.327156 0.644836 0.0284687 0.0259155
2 0.295836 0.679401 0.0198906 0.0235915
2 0.0347109 0.65838 0.0250781 0.0492488
2 0.602992 0.482042 0.0246406 0.0126761
2 0.301125 0.58439 0.00509375 0.0224883
2 0.326156 0.979988 0.0503125 0.0400235
2 0.605016 0.424225 0.0145313 0.0242723
2 0.400234 0.408873 0.0081875 0.0248826
2 0.460938 0.873439 0.030375 0.0469249
2 0.141156 0.790305 0.0122813 0.0110329
2 0.405766 0.449894 0.0101563 0.0254695
2 0.547086 0.536514 0.00835937 0.0102582
2 0.104914 0.865634 0.0197969 0.0513146
2 0.974992 0.600352 0.00545313 0.0138498
2 0.526875 0.765775 0.0277187 0.0187324
2 0.632586 0.872488 0.0443906 0.0266667
2 0.929023 0.99115 0.0199531 0.0176995
2 0.425742 0.422218 0.0156719 0.007723
2 0.230484 0.374507 0.0172187 0.0261502
2 0.617437 0.500188 0.023875 0.0161502
2 0.535289 0.438803 0.0269531 0.0220657
2 0.532633 0.424941 0.0316719 0.0148122
2 0.276 0.364495 0.0104063 0.0335915
2 0.0423203 0.778263 0.0304844 0.0196244
2 0.322484 0.440528 0.0219688 0.00969484
2 0.273469 0.417477 0.00853125 0.0330751
2 0.559695 0.402523 0.0251094 0.0227934
2 0.293961 0.564319 0.00964062 0.0369953
2 0.28393 0.403075 0.00604688 0.0218779
2 0.603906 0.395552 0.021125 0.0188498
2 0.591211 0.85777 0.0182656 0.018216
2 0.543773 0.687242 0.0206719 0.0257981
2 0.191953 0.709613 0.030875 0.0125587
2 0.0209063 0.776021 0.0374688 0.0237324
2 0.460062 0.501467 0.0167187 0.0115258
2 0.0102813 0.906455 0.019 0.0553052
2 0.0881797 0.836995 0.0240469 0.0325822
2 0.478594 0.623873 0.01825 0.0212676
2 0.565289 0.463885 0.0212031 0.0148122
2 0.359219 0.971573 0.0134687 0.0220657
2 0.970688 0.603052 0.00478125 0.0105164
2 0.950039 0.879718 0.0453281 0.0358685
2 0.614992 0.963474 0.0366094 0.019061
2 0.241414 0.586608 0.0119531 0.0257512
2 0.372484 0.46439 0.0055 0.0256338
2 0.957047 0.544178 0.0081875 0.0102817
2 0.544469 0.480305 0.0117813 0.0123005
2 0.939937 0.961162 0.0403125 0.0445775
