2 0.376203 0.84959 0.0516875 0.170937
2 0.335047 0.88459 0.0396562 0.0552693
2 0.257438 0.858009 0.0411875 0.0697424
2 0.336711 0.814789 0.0682031 0.140258
2 0.265766 0.92589 0.14975 0.074637
2 0.177664 0.754415 0.0434219 0.10822
2 0.307602 0.700773 0.120172 0.10726
2 0.206656 0.721792 0.02 0.0625527
2 0.207844 0.808208 0.0374375 0.085644
2 0.228586 0.731581 0.0452969 0.0479391
2 0.12743 0.802014 0.0573281 0.0876347
2 0.228109 0.679227 0.0406875 0.0487119
2 0.294258 0.875246 0.0427344 0.0399532
2 0.171023 0.804356 0.0499219 0.0692272
2 0.282977 0.775234 0.0675156 0.1826
2 0.244539 0.801534 0.0428594 0.102178
2 0.221414 0.874532 0.0346094 0.041007
2 0.32168 0.768583 0.0487344 0.0633489
1 0.850172 0.530691 0.10975 0.151546
1 0.518906 0.616171 0.104406 0.161101
1 0.780938 0.6087 0.110875 0.138571
1 0.601352 0.569356 0.0958906 0.147939
