2 0.52329 0.622003 0.0397 0.0669578
2 0.74179 0.659157 0.04106 0.0854217
2 0.64352 0.561114 0.04084 0.0703012
2 0.55211 0.779955 0.04794 0.0846084
2 0.65871 0.676024 0.0507 0.0583133
2 0.75288 0.633328 0.04672 0.0687048
2 0.35984 0.393569 0.03464 0.0538855
2 0.70187 0.785361 0.05398 0.120723
2 0.79404 0.70003 0.01604 0.0721084
2 0.76609 0.702666 0.04518 0.0952711
2 0.64108 0.756822 0.05788 0.0721386
2 0.66722 0.626928 0.03528 0.0518072
2 0.67891 0.549925 0.06562 0.0720181
2 0.62041 0.697319 0.02834 0.0470482
2 0.51267 0.249669 0.04398 0.0350602
2 0.56511 0.600873 0.05794 0.0727711
2 0.63705 0.713328 0.04722 0.0533434
2 0.57036 0.727831 0.0548 0.0490964
2 0.7392 0.745813 0.0362 0.0670482
2 0.23711 0.585889 0.01874 0.0166566
