4 0.183267 0.779983 0.133911 0.120667
4 0.6137 0.677025 0.0876222 0.0774833
4 0.300456 0.7516 0.130022 0.0851333
4 0.959622 0.669725 0.0786667 0.0695833
4 0.716067 0.618958 0.0762667 0.0545167
4 0.690667 0.70545 0.0928444 0.0426333
4 0.812356 0.638667 0.115511 0.0563667
4 0.880211 0.676708 0.126156 0.0686167
4 0.3028 0.840758 0.165644 0.10065
4 0.0633778 0.763333 0.123556 0.0864
4 0.1257 0.706225 0.128333 0.07695
4 0.326867 0.690733 0.0710222 0.0703
4 0.880644 0.615283 0.0936 0.0625
4 0.644844 0.774883 0.133689 0.132333
4 0.558789 0.709492 0.106778 0.09465
4 0.559744 0.783517 0.079 0.0868667
4 0.522833 0.862775 0.177311 0.10215
4 0.734467 0.813733 0.114267 0.0935
4 0.873178 0.7455 0.148844 0.0762667
4 0.733778 0.750017 0.0823111 0.0636333
4 0.461422 0.773375 0.144756 0.10745
4 0.444644 0.71765 0.1196 0.0589667
4 0.864189 0.815158 0.156244 0.104983
4 0.786622 0.695717 0.159956 0.0903333
4 0.786078 0.600125 0.0826 0.0538167
4 0.239422 0.687692 0.1056 0.0963833
4 0.413211 0.694775 0.1646 0.09075
2 0.393356 0.530642 0.7812 0.301083
