0 0.836461 0.458624 0.0283281 0.0412
0 0.798773 0.490294 0.0171406 0.0423765
0 0.804359 0.524106 0.0231562 0.0333412
0 0.614539 0.575129 0.0439219 0.0651294
0 0.858352 0.481318 0.0217969 0.0274353
0 0.551055 0.534212 0.0471406 0.0541647
0 0.597352 0.518729 0.0484844 0.0573647
0 0.633844 0.631012 0.0438438 0.0601882
0 0.65768 0.614553 0.0313281 0.0516
0 0.580609 0.595929 0.0263125 0.0688471
0 0.64682 0.616718 0.0325156 0.0533412
0 0.808859 0.478071 0.0349062 0.0484706
0 0.710641 0.593118 0.0288125 0.0513176
0 0.654805 0.550129 0.0420156 0.0581882
0 0.674859 0.483318 0.0334062 0.0418824
0 0.641117 0.479094 0.0368906 0.0375765
0 0.780258 0.491812 0.0347344 0.0443765
0 0.7395 0.525682 0.0337187 0.0476941
0 0.737531 0.571341 0.0132812 0.0428235
0 0.715688 0.479812 0.0151562 0.02
0 0.695758 0.506024 0.0255469 0.0366588
0 0.699438 0.547776 0.0368437 0.0512235
0 0.756602 0.502035 0.0342656 0.0339059
0 0.730563 0.577071 0.024 0.0456706
0 0.609984 0.643671 0.038375 0.0599529
0 0.772984 0.546906 0.0193125 0.042
0 0.705016 0.501776 0.0250625 0.0400706
0 0.638844 0.507624 0.0394375 0.0448941
0 0.775078 0.460282 0.032 0.0404706
0 0.637922 0.56 0.037125 0.0594824
0 0.826922 0.512047 0.0299687 0.0446118
0 0.591406 0.650929 0.042875 0.0584706
0 0.80957 0.437024 0.0279219 0.0251059
0 0.592258 0.582176 0.0377031 0.0774353
0 0.848367 0.436671 0.0272344 0.0323059
0 0.728258 0.469153 0.0145156 0.0203765
0 0.836555 0.504024 0.0237344 0.0448
