2 0.250635 0.469719 0.308563 0.099
2 0.267958 0.532914 0.311708 0.137703
2 0.433083 0.70018 0.127 0.228391
2 0.639583 0.624812 0.178083 0.245469
2 0.742583 0.631008 0.176333 0.181984
2 0.310333 0.683547 0.128625 0.171969
2 0.535896 0.647078 0.0969167 0.261969
2 0.690552 0.693016 0.0943542 0.207969
2 0.810833 0.54 0.160667 0.1
2 0.402031 0.629602 0.184521 0.235891
2 0.566969 0.70318 0.104271 0.242766
2 0.730177 0.556359 0.277313 0.181406
2 0.311573 0.591211 0.259896 0.196797
2 0.167958 0.585336 0.154417 0.0488906
2 0.751344 0.470516 0.313854 0.104094
