2 0.928469 0.0818229 0.141937 0.162896
2 0.252664 0.735729 0.200453 0.233958
2 0.726477 0.526698 0.402109 0.146937
2 0.0782109 0.302396 0.156422 0.139083
2 0.0950312 0.443594 0.188188 0.221271
2 0.334477 0.554615 0.174453 0.204687
2 0.153133 0.421938 0.0674219 0.0895
2 0.0278906 0.528583 0.0535312 0.100875
2 0.303133 0.106885 0.100172 0.183854
2 0.496563 0.748365 0.132375 0.317896
2 0.570719 0.651823 0.181906 0.240979
2 0.777148 0.276927 0.252703 0.177354
2 0.111797 0.892375 0.11325 0.199792
2 0.694133 0.141781 0.0812656 0.0936458
2 0.763852 0.714927 0.203078 0.106146
2 0.66282 0.0981458 0.196609 0.155208
2 0.0638281 0.242635 0.127656 0.0645625
2 0.481406 0.248562 0.151719 0.133542
2 0.439164 0.122052 0.191141 0.122063
2 0.886398 0.394688 0.0763594 0.177458
2 0.707172 0.450292 0.355125 0.123958
2 0.266555 0.266573 0.0862656 0.116021
2 0.144258 0.0773542 0.277172 0.154708
2 0.631922 0.40976 0.254219 0.177688
2 0.649898 0.776312 0.215891 0.1665
2 0.240781 0.40499 0.125312 0.297438
2 0.186766 0.0889792 0.165375 0.177958
2 0.944078 0.31801 0.094125 0.233813
2 0.726055 0.231073 0.302641 0.154354
2 0.474789 0.505563 0.0814219 0.0929583
2 0.196453 0.587531 0.130875 0.140813
2 0.343133 0.322135 0.126516 0.347812
2 0.684852 0.60574 0.329109 0.180063
2 0.8675 0.148135 0.116344 0.0546875
2 0.557094 0.259 0.0725937 0.08225
2 0.530203 0.188885 0.136344 0.0623125
2 0.567 0.161969 0.154562 0.135562
2 0.773508 0.0669479 0.0705156 0.131062
2 0.529977 0.0421771 0.317953 0.0843542
2 0.0798906 0.203333 0.159781 0.0755417
2 0.43657 0.411583 0.174703 0.245083
2 0.839039 0.0838437 0.125766 0.167687
2 0.17032 0.309062 0.116859 0.165708
2 0.172914 0.779802 0.116328 0.258521
2 0.376133 0.232385 0.215703 0.158688
2 0.257625 0.847396 0.098875 0.187167
2 0.0638906 0.797208 0.127781 0.237792
2 0.862758 0.617854 0.0664531 0.0920417
2 0.981516 0.264385 0.035375 0.134438
2 0.0200625 0.624302 0.040125 0.107896
2 0.0778437 0.593729 0.123812 0.140667
2 0.136758 0.167667 0.190609 0.07225
2 0.527195 0.358229 0.260734 0.124708
2 0.411313 0.662156 0.159062 0.252604
2 0.840195 0.289521 0.159984 0.177417
2 0.788727 0.374271 0.0918281 0.0513333
2 0.362086 0.823302 0.0929531 0.101979
