2 0.419016 0.576958 0.0897813 0.0860833
2 0.307922 0.640229 0.156562 0.112417
2 0.219875 0.640354 0.116531 0.0680417
2 0.548047 0.74001 0.138719 0.0720625
2 0.445398 0.687802 0.0961719 0.166021
2 0.366375 0.650542 0.131562 0.10125
2 0.231773 0.430188 0.105297 0.073375
2 0.498641 0.423677 0.112469 0.200729
2 0.502812 0.39051 0.084375 0.172938
2 0.315758 0.734594 0.166047 0.0996875
2 0.517344 0.277594 0.108625 0.0863958
2 0.337422 0.861729 0.113 0.0877083
2 0.44143 0.400688 0.105578 0.19375
2 0.555531 0.670458 0.141156 0.116833
2 0.275602 0.516031 0.110859 0.122187
2 0.511 0.613948 0.0879687 0.100354
2 0.375383 0.312281 0.168141 0.109729
2 0.376766 0.731437 0.106719 0.176125
2 0.232195 0.52374 0.0763594 0.118354
2 0.491984 0.794854 0.0756563 0.122417
2 0.324102 0.542375 0.0934844 0.152
2 0.266719 0.576385 0.0761563 0.0993125
2 0.292445 0.871104 0.0594219 0.100708
2 0.278984 0.82701 0.0895312 0.0882292
2 0.259188 0.72699 0.11575 0.0673542
2 0.293359 0.428583 0.113312 0.0993333
2 0.269453 0.644073 0.168594 0.0980625
2 0.484781 0.203063 0.0567813 0.208083
