4 0.643625 0.186165 0.0158125 0.0233882
4 0.364336 0.229329 0.0170469 0.0228471
4 0.231937 0.210353 0.018125 0.0293647
4 0.67193 0.217118 0.0201094 0.0187059
4 0.242414 0.192282 0.0185781 0.0261647
4 0.673656 0.163553 0.020375 0.0208941
4 0.277641 0.243812 0.0134062 0.0215059
4 0.677578 0.239259 0.02075 0.0257647
4 0.68143 0.140353 0.0197656 0.0202824
4 0.306664 0.274906 0.0187344 0.0225647
4 0.644633 0.160988 0.0176406 0.0227765
4 0.691328 0.169329 0.0169375 0.0262353
4 0.253211 0.218188 0.0162656 0.0221647
4 0.288031 0.231071 0.0212188 0.0231765
4 0.659711 0.150894 0.0155156 0.0226353
4 0.310492 0.254635 0.0225781 0.0244235
4 0.669266 0.200812 0.0171563 0.0231765
4 0.308797 0.163059 0.0153437 0.0171765
4 0.734578 0.181024 0.0190937 0.0276941
4 0.727219 0.199518 0.0158125 0.0185176
4 0.747148 0.278247 0.0177031 0.0210118
4 0.779539 0.219353 0.0206094 0.0248706
4 0.725906 0.252871 0.0261875 0.0355765
4 0.296102 0.177906 0.0240156 0.0302588
4 0.726656 0.174435 0.0175 0.0256706
4 0.301445 0.204188 0.0182344 0.0279529
4 0.258227 0.181341 0.0173594 0.0272471
4 0.350898 0.174906 0.0205781 0.0269882
4 0.278625 0.191482 0.01825 0.0332235
4 0.688937 0.278706 0.0139687 0.0164235
4 0.24618 0.247553 0.0167656 0.0246118
4 0.283641 0.163741 0.0233125 0.0297882
4 0.33507 0.229929 0.0234844 0.0220235
4 0.65207 0.205612 0.0166719 0.0190353
4 0.746125 0.212659 0.017875 0.0245647
4 0.281719 0.218765 0.0165 0.0261412
4 0.694922 0.195071 0.0199375 0.0264235
