0 0.690188 0.883056 0.0239375 0.0404918
0 0.715242 0.88637 0.0264531 0.0399532
0 0.699437 0.808244 0.0140625 0.00992974
0 0.706594 0.824157 0.02575 0.0370726
0 0.685719 0.826768 0.0211562 0.0361124
0 0.731352 0.821405 0.0263281 0.0366745
0 0.737844 0.894274 0.0245 0.0347775
0 0.729922 0.865785 0.027875 0.0382201
0 0.753086 0.849426 0.0278594 0.0359016
0 0.714164 0.910117 0.0258906 0.0348478
0 0.703328 0.852892 0.0266562 0.0437705
0 0.690617 0.859625 0.0198594 0.0357845
0 0.749977 0.817295 0.0257969 0.0360422
