1 0.193625 0.185023 0.298906 0.322629
1 0.38768 0.0987207 0.124609 0.197441
1 0.156539 0.0704695 0.227984 0.132582
1 0.346539 0.0536854 0.0781719 0.107371
2 0.795398 0.216526 0.185703 0.210188
2 0.564445 0.0836737 0.168234 0.167347
2 0.953039 0.338768 0.0939219 0.253122
2 0.821266 0.0701408 0.164313 0.118873
2 0.3305 0.320986 0.206406 0.332441
2 0.698586 0.264742 0.119422 0.168451
2 0.853219 0.389108 0.12 0.165164
2 0.485742 0.2198 0.154453 0.217817
2 0.936875 0.175023 0.12625 0.159531
2 0.667133 0.101925 0.147703 0.196808
2 0.928594 0.362946 0.142813 0.245751
2 0.490313 0.509319 0.212469 0.335869
4 0.894383 0.560634 0.102953 0.185962
4 0.964555 0.891678 0.0708906 0.216643
4 0.747617 0.826303 0.160078 0.193826
4 0.582922 0.314096 0.113844 0.181103
4 0.731664 0.356291 0.145797 0.166761
4 0.860641 0.776491 0.191125 0.259836
4 0.826305 0.608169 0.108609 0.137324
4 0.663008 0.724859 0.123109 0.193756
4 0.973437 0.741115 0.053125 0.129178
4 0.648797 0.470962 0.143531 0.177277
4 0.952492 0.611937 0.0924219 0.205235
4 0.790945 0.511502 0.114328 0.188451
4 0.781086 0.935047 0.0967656 0.113052
4 0.713133 0.563662 0.118328 0.20446
4 0.622289 0.643204 0.117047 0.169272
4 0.760938 0.67054 0.110781 0.130657
4 0.875367 0.92946 0.168141 0.14108
4 0.706891 0.955211 0.143125 0.0895775
