0 0.60875 0.88201 0.192625 0.232188
0 0.929531 0.42475 0.14025 0.249875
0 0.136156 0.40276 0.199844 0.251646
0 0.178063 0.778375 0.199281 0.261958
0 0.142234 0.176083 0.17475 0.228167
0 0.94575 0.173552 0.1085 0.347104
0 0.492812 0.143604 0.216156 0.287208
0 0.450195 0.383594 0.195766 0.249229
0 0.769258 0.520229 0.197422 0.260708
0 0.709398 0.668135 0.199672 0.284271
0 0.795563 0.800615 0.205625 0.280188
0 0.203141 0.601938 0.181094 0.213292
0 0.923898 0.654021 0.152203 0.246667
0 0.388133 0.602281 0.201828 0.263021
0 0.634945 0.378042 0.177859 0.231
0 0.753859 0.186833 0.288844 0.371542
