2 0.303922 0.568592 0.065125 0.0864319
2 0.566992 0.373122 0.0326406 0.0815023
2 0.430188 0.701549 0.086375 0.109155
2 0.444617 0.35392 0.0658594 0.0807981
2 0.641273 0.55804 0.0491719 0.0933099
2 0.506563 0.346467 0.0627812 0.0919484
2 0.42307 0.527441 0.0718906 0.109343
2 0.6405 0.407183 0.057125 0.08
2 0.688305 0.56081 0.0572031 0.0817606
2 0.457453 0.646174 0.0855313 0.100329
2 0.561195 0.478498 0.0560156 0.119624
2 0.630648 0.481808 0.0745156 0.0938498
2 0.490023 0.509589 0.0841406 0.085939
2 0.451445 0.449284 0.0618906 0.0753756
2 0.364906 0.628333 0.0751875 0.106432
2 0.337727 0.47993 0.0620156 0.0914554
2 0.624211 0.341103 0.0472656 0.0886854
2 0.368258 0.38669 0.104422 0.109296
2 0.497922 0.576714 0.0739375 0.0940845
2 0.39093 0.325692 0.0421094 0.0697418
2 0.604547 0.648169 0.0762812 0.0876056
2 0.71693 0.436397 0.0580469 0.118709
