0 0.680422 0.133023 0.0314375 0.0822385
0 0.763984 0.0689749 0.034875 0.0677406
0 0.804219 0.105042 0.083125 0.116025
0 0.720609 0.0579393 0.05825 0.0757531
0 0.678078 0.0226883 0.071125 0.0453766
0 0.698336 0.0883368 0.0796406 0.106046
0 0.738984 0.130387 0.0875625 0.0702301
0 0.592773 0.0310251 0.0862344 0.0620502
0 0.800047 0.0311402 0.082125 0.0622803
0 0.672031 0.25749 0.0161563 0.0645188
0 0.735609 0.0235251 0.0472813 0.0463389
0 0.649656 0.0489017 0.0334375 0.0619874
1 0.367305 0.120262 0.0294531 0.100021
1 0.435031 0.069749 0.0844688 0.119163
1 0.400703 0.14477 0.0512188 0.0945607
1 0.347359 0.0184519 0.0358438 0.0369038
1 0.436008 0.0150732 0.0632656 0.0301464
1 0.380867 0.0528766 0.0716719 0.10341
2 0.892406 0.0460669 0.0535625 0.0913389
2 0.962453 0.0544142 0.0536875 0.108828
2 0.847258 0.0257113 0.0296406 0.0514226
2 0.958945 0.0985669 0.0612656 0.146297
2 0.908914 0.08159 0.0474531 0.151381
2 0.989703 0.0557008 0.0205938 0.111402
2 0.864492 0.0957741 0.0462969 0.0830544
