2 0.43143 0.557438 0.0315469 0.014875
2 0.644383 0.558844 0.0192969 0.0109375
2 0.503273 0.559469 0.0630781 0.0242292
2 0.547734 0.55675 0.0115937 0.0135417
2 0.695414 0.560781 0.0329844 0.0138958
2 0.648562 0.570948 0.0510312 0.0153958
2 0.403781 0.566698 0.05125 0.0264792
2 0.308844 0.579094 0.0285313 0.0178542
2 0.610516 0.557958 0.02025 0.0184583
2 0.411492 0.546688 0.0331406 0.0150833
2 0.547313 0.573281 0.059125 0.0248542
2 0.476492 0.542271 0.0318906 0.0126667
2 0.462094 0.563479 0.0279375 0.0305
2 0.522516 0.545552 0.04975 0.0176875
2 0.672562 0.564365 0.0176563 0.0216458
2 0.724328 0.556719 0.020375 0.0158958
2 0.374641 0.573771 0.009125 0.0160417
2 0.34075 0.576531 0.0186562 0.0141042
2 0.733914 0.573417 0.0105156 0.0129583
2 0.554875 0.548906 0.00615625 0.00872917
