0 0.524094 0.709343 0.019625 0.0288732
0 0.353766 0.70939 0.02175 0.0275587
0 0.745492 0.80865 0.0109531 0.0276291
0 0.357641 0.810211 0.0225 0.0257746
0 0.58525 0.808732 0.0247188 0.0285446
0 0.914773 0.75466 0.0197344 0.0261737
0 0.570477 0.797852 0.0276719 0.0412911
0 0.601758 0.699566 0.0225156 0.0347653
0 0.477836 0.789108 0.0221094 0.0344601
0 0.484711 0.80811 0.0233594 0.0311033
0 0.314961 0.80885 0.0283594 0.0276056
0 0.536492 0.760458 0.0227344 0.0300704
0 0.709477 0.806538 0.0256094 0.0338263
0 0.48032 0.729507 0.0208594 0.0319718
0 0.93425 0.787113 0.0214375 0.0275117
0 0.751281 0.769953 0.0243438 0.033615
0 0.995664 0.703826 0.00867187 0.0239437
0 0.322602 0.785575 0.0247656 0.0383333
0 0.498922 0.736326 0.0233437 0.0300704
0 0.686227 0.811643 0.0249219 0.0259155
0 0.673086 0.767864 0.0248281 0.0297183
0 0.707523 0.720951 0.0232344 0.0323709
0 0.378672 0.80216 0.0247812 0.0390141
0 0.383148 0.745035 0.0181719 0.0307277
0 0.507484 0.813838 0.0214688 0.020493
0 0.731453 0.80757 0.0233437 0.0310563
0 0.303312 0.779577 0.0218125 0.0318779
0 0.555359 0.690082 0.0173437 0.0193662
0 0.33625 0.813944 0.0177813 0.0165728
0 0.623477 0.814613 0.0113594 0.0183803
0 0.340945 0.797547 0.0197031 0.0288967
0 0.594719 0.74743 0.0219688 0.0444366
0 0.969094 0.797148 0.01875 0.0260329
0 0.62468 0.787077 0.0266406 0.0353756
0 0.940695 0.754906 0.0205469 0.024507
0 0.638453 0.722899 0.0179687 0.0279108
0 0.611352 0.808498 0.0235469 0.0310329
0 0.65093 0.699754 0.0211719 0.03223
0 0.657914 0.71858 0.0244219 0.02777
0 0.542172 0.69723 0.02025 0.0313615
0 0.954602 0.770786 0.0161094 0.0145775
0 0.498352 0.694448 0.0182969 0.012277
0 0.948188 0.803263 0.019375 0.0286854
0 0.715258 0.781878 0.0259844 0.0334742
0 0.630047 0.764108 0.0192187 0.0304225
0 0.553039 0.810516 0.0228906 0.026385
0 0.510422 0.753216 0.022875 0.0355399
0 0.628398 0.744871 0.0187969 0.018615
0 0.327539 0.746831 0.0214531 0.0325822
0 0.538211 0.721491 0.0156406 0.0118545
0 0.693445 0.710117 0.0187969 0.025446
0 0.979375 0.754401 0.0248438 0.0220423
0 0.587797 0.727617 0.024 0.021385
0 0.501703 0.794542 0.0235938 0.0379108
0 0.715539 0.743263 0.0233281 0.0346009
0 0.561273 0.760399 0.0225156 0.0360094
0 0.917133 0.733603 0.0175469 0.0133568
0 0.605102 0.725587 0.0107656 0.00915493
0 0.736055 0.781033 0.0230156 0.0350235
0 0.348305 0.750669 0.0242031 0.037723
0 0.653367 0.730904 0.0245156 0.0233568
0 0.519453 0.7275 0.0194062 0.0180047
0 0.36625 0.738028 0.0240938 0.0392958
0 0.649625 0.779566 0.0254063 0.0400235
0 0.523633 0.747371 0.0179219 0.0338967
0 0.691641 0.784554 0.0245312 0.0342254
0 0.98843 0.795 0.0195469 0.0251643
0 0.359289 0.779953 0.0187969 0.0366197
0 0.297617 0.806362 0.0231406 0.0334742
0 0.553805 0.718462 0.0210156 0.0307277
0 0.378867 0.759085 0.0236719 0.019108
0 0.346852 0.724836 0.0227969 0.0304225
0 0.579023 0.703392 0.0230469 0.0334977
0 0.491367 0.766291 0.0222969 0.0329108
0 0.503398 0.712265 0.0230469 0.0296948
0 0.521617 0.783052 0.0216719 0.039108
0 0.472 0.771303 0.0195938 0.0294601
0 0.374586 0.719636 0.0241719 0.0257512
0 0.638164 0.809073 0.0293906 0.0305399
0 0.684562 0.698157 0.01425 0.00776995
0 0.57982 0.687641 0.0208594 0.0270657
0 0.331727 0.71419 0.0225469 0.0361268
0 0.576961 0.749343 0.0188281 0.0286854
0 0.530953 0.806831 0.0218125 0.0341315
0 0.691516 0.739824 0.0256875 0.0360329
0 0.482141 0.697371 0.0189375 0.0360563
0 0.610102 0.764413 0.0284844 0.0370423
0 0.95118 0.783427 0.0191094 0.0276056
0 0.611516 0.740575 0.01675 0.0202113
0 0.738781 0.73277 0.0223125 0.0347418
0 0.597164 0.788192 0.0245156 0.036385
0 0.373023 0.701737 0.0218906 0.0198592
0 0.546188 0.782993 0.0255937 0.0364554
0 0.667797 0.798451 0.0249688 0.0371831
0 0.952336 0.731373 0.0198281 0.0189437
0 0.668523 0.700939 0.0204219 0.0310329
2 0.765531 0.700951 0.0109375 0.00838028
2 0.799703 0.797946 0.0210625 0.0291784
2 0.734227 0.704847 0.0188281 0.0242488
2 0.77368 0.807394 0.0187656 0.0276995
2 0.736211 0.690962 0.0175781 0.0174178
2 0.753906 0.807899 0.018125 0.0276291
2 0.838219 0.8073 0.0216562 0.029061
2 0.716875 0.702101 0.0134687 0.0179577
2 0.799555 0.758169 0.0203281 0.0292019
2 0.789281 0.809742 0.01425 0.0235681
2 0.790438 0.776596 0.0158438 0.0238028
2 0.810148 0.815082 0.0177969 0.01223
2 0.80925 0.777136 0.0189062 0.0258685
2 0.797742 0.721596 0.0171406 0.0285446
2 0.775375 0.715411 0.0188437 0.025
2 0.801711 0.705622 0.0166094 0.0184272
2 0.815383 0.753146 0.0179219 0.0246948
2 0.780883 0.784777 0.0203281 0.0301174
2 0.792289 0.744354 0.0271094 0.0190376
2 0.826508 0.786984 0.0180469 0.0320892
2 0.431648 0.725164 0.0293906 0.0441784
2 0.822648 0.806397 0.0141094 0.0199296
2 0.777406 0.759296 0.0251875 0.0238967
2 0.761742 0.731491 0.0340156 0.0399765
2 0.762016 0.754085 0.0169687 0.0239906
