2 0.561078 0.878896 0.0710313 0.05275
2 0.235664 0.391615 0.0344531 0.0583542
2 0.626664 0.660833 0.0478906 0.074875
2 0.593477 0.811719 0.0533594 0.0864792
2 0.657516 0.313552 0.0470313 0.0294792
2 0.226852 0.57174 0.0546094 0.0603958
2 0.325945 0.465104 0.0464844 0.0657083
2 0.454883 0.596813 0.0456406 0.072375
2 0.470508 0.545687 0.0364844 0.0499583
2 0.73443 0.275625 0.0364219 0.078875
2 0.192039 0.517167 0.0599219 0.0599167
2 0.335805 0.542094 0.0450156 0.0537708
2 0.253008 0.847979 0.0637031 0.078875
2 0.662602 0.708771 0.0376094 0.0534167
2 0.341336 0.678021 0.0510156 0.0739583
2 0.350367 0.447437 0.0185469 0.0263333
2 0.500836 0.934167 0.0538281 0.079375
2 0.826672 0.401333 0.0419375 0.042
2 0.261516 0.466823 0.0555625 0.0978542
2 0.389313 0.463479 0.04075 0.0590833
2 0.213414 0.759792 0.0827031 0.08
2 0.406172 0.659354 0.0519063 0.0789583
2 0.400437 0.212781 0.038375 0.0550208
2 0.688672 0.757656 0.0285 0.0786042
2 0.331695 0.274385 0.0537031 0.0619792
2 0.801617 0.808333 0.0334531 0.0725833
2 0.746227 0.695937 0.0446719 0.0726667
2 0.765188 0.873302 0.07275 0.0879375
2 0.834039 0.432479 0.0319219 0.024875
2 0.719406 0.304812 0.0204375 0.0462917
2 0.772313 0.759667 0.0542188 0.0787083
2 0.819258 0.557344 0.0394219 0.0522708
2 0.377461 0.423677 0.0416719 0.104479
2 0.374516 0.286531 0.0397188 0.0623958
2 0.435 0.691854 0.0609688 0.0517917
2 0.385031 0.219448 0.0115937 0.0128125
2 0.190359 0.701979 0.0551875 0.0520833
2 0.695453 0.589771 0.032125 0.048875
2 0.583164 0.185177 0.0530156 0.0716042
2 0.751633 0.583083 0.0422656 0.0855
2 0.571945 0.22524 0.0381719 0.0521458
2 0.255023 0.517823 0.0498281 0.0735208
2 0.520016 0.852302 0.0593437 0.0804375
2 0.611961 0.879385 0.0436719 0.0633125
2 0.265055 0.702667 0.0742344 0.07
2 0.213563 0.420948 0.0387813 0.0632708
2 0.35357 0.792792 0.0632031 0.0625417
2 0.507211 0.276854 0.0377031 0.0833333
2 0.5205 0.645042 0.039625 0.0536667
2 0.772055 0.297896 0.0377656 0.0626667
2 0.631789 0.953823 0.0502344 0.0341875
2 0.470219 0.953573 0.0545625 0.0430625
2 0.706633 0.395385 0.0453906 0.0584792
2 0.345125 0.579635 0.0451562 0.0393958
2 0.777867 0.524406 0.0246094 0.0605208
2 0.417266 0.935906 0.0629375 0.0672292
2 0.709883 0.24601 0.0376719 0.0343958
2 0.682 0.368719 0.0451875 0.0687292
2 0.415422 0.243969 0.0227812 0.0351875
2 0.301008 0.372292 0.0352031 0.0617917
2 0.33743 0.619281 0.0713281 0.0736875
2 0.28732 0.835385 0.0591719 0.0808542
2 0.610844 0.209135 0.0465625 0.0468542
2 0.825766 0.738219 0.040625 0.0477708
2 0.426711 0.734281 0.0346094 0.0438542
2 0.757664 0.66199 0.0507656 0.0426042
2 0.340977 0.241906 0.0364219 0.0438958
