1 0.22738 0.79259 0.0458 0.08538
1 0.02236 0.78029 0.04344 0.0609
1 0.17164 0.76525 0.0644 0.03102
1 0.17946 0.83436 0.10744 0.1082
1 0.04442 0.94532 0.08812 0.10444
1 0.23174 0.88714 0.0374 0.08484
1 0.67938 0.08525 0.10624 0.10846
1 0.06105 0.81844 0.04886 0.06608
1 0.52678 0.10232 0.05408 0.10816
1 0.73218 0.13864 0.03616 0.08232
1 0.67344 0.01551 0.0636 0.03102
1 0.59809 0.12735 0.10038 0.09942
1 0.65359 0.0543 0.07078 0.06
1 0.58577 0.23698 0.04822 0.02564
1 0.0992 0.87651 0.10088 0.09914
1 0.64278 0.17755 0.1016 0.09646
1 0.52243 0.03015 0.04462 0.0603
1 0.56296 0.06702 0.05 0.06564
1 0.54714 0.0124 0.013 0.0102
1 0.59913 0.03899 0.10474 0.07798
1 0.66801 0.20356 0.1297 0.09204
1 0.54406 0.19851 0.08796 0.10358
1 0.16811 0.95386 0.13002 0.09228
1 0.15192 0.8039 0.06768 0.06
1 0.7346 0.2138 0.03088 0.07256
1 0.23464 0.96383 0.03072 0.07138
1 0.0876 0.98641 0.04564 0.0241
1 0.72711 0.04345 0.04646 0.08446
1 0.02666 0.84994 0.05332 0.10252
1 0.14319 0.92654 0.10154 0.0936
1 0.09909 0.78937 0.10442 0.07906
0 0.95711 0.70645 0.08578 0.08722
0 0.1528 0.04602 0.0618 0.05616
0 0.03125 0.12841 0.0625 0.06346
0 0.52262 0.52107 0.04384 0.04154
0 0.21771 0.13592 0.06494 0.0682
0 0.84207 0.59387 0.13094 0.10942
0 0.13332 0.18205 0.09872 0.1005
0 0.49562 0.09646 0.0088 0.06128
0 0.45696 0.205 0.08744 0.08796
0 0.4937 0.0432 0.0126 0.05264
0 0.63365 0.68312 0.10086 0.1018
0 0.7307 0.51589 0.03912 0.03026
0 0.60102 0.58324 0.04104 0.03584
0 0.71959 0.56507 0.06074 0.07922
0 0.02473 0.02038 0.0439 0.0364
0 0.84212 0.52339 0.12028 0.04762
0 0.73473 0.68268 0.03242 0.08664
0 0.1007 0.08339 0.04128 0.0359
0 0.6529 0.54632 0.0614 0.05432
0 0.67804 0.51487 0.0624 0.02922
0 0.17806 0.01795 0.06308 0.03486
0 0.0969 0.04108 0.05704 0.05556
0 0.59648 0.54206 0.05864 0.0598
0 0.23415 0.18218 0.03222 0.08744
0 0.94603 0.66031 0.10666 0.1123
0 0.6198 0.51732 0.05488 0.03444
0 0.77207 0.68892 0.04414 0.12156
0 0.06481 0.21679 0.08786 0.06638
0 0.92641 0.56367 0.1087 0.11074
0 0.27816 0.06251 0.05488 0.11754
0 0.53391 0.60146 0.05766 0.03888
0 0.06614 0.17884 0.03616 0.02744
0 0.33539 0.18919 0.15394 0.12218
0 0.52703 0.66829 0.0543 0.09358
0 0.97236 0.54999 0.04676 0.08506
0 0.23126 0.01551 0.0382 0.03102
0 0.4475 0.15877 0.107 0.1077
0 0.58569 0.63572 0.05642 0.07944
0 0.7178 0.63603 0.06512 0.06794
0 0.51346 0.58544 0.02692 0.03948
0 0.09729 0.24186 0.04498 0.01852
0 0.70359 0.60487 0.02142 0.02018
0 0.67842 0.70419 0.14376 0.09386
0 0.12036 0.01705 0.05128 0.03154
0 0.77787 0.56138 0.05558 0.11364
0 0.08627 0.13616 0.0559 0.08
0 0.06717 0.01334 0.04694 0.02668
0 0.17803 0.20367 0.14042 0.09182
0 0.01306 0.08677 0.02612 0.04166
0 0.34213 0.09381 0.13054 0.1077
0 0.43203 0.05914 0.09898 0.10296
0 0.64704 0.60648 0.10348 0.08968
0 0.55249 0.57771 0.05566 0.05386
0 0.56746 0.51788 0.04636 0.03568
0 0.53199 0.62936 0.0643 0.06508
0 0.54017 0.54628 0.05486 0.05
0 0.03296 0.10089 0.05816 0.03942
0 0.01078 0.23403 0.02156 0.0327
0 0.05313 0.07841 0.05542 0.05582
0 0.04074 0.04748 0.05296 0.04888
0 0.27137 0.18849 0.04366 0.1209
0 0.56325 0.71641 0.0859 0.06614
0 0.5674 0.67775 0.03504 0.02546
0 0.83616 0.68863 0.15396 0.12238
0 0.33934 0.02689 0.11788 0.04422
0 0.02768 0.16752 0.05536 0.09392
0 0.22079 0.06568 0.06106 0.07792
0 0.47555 0.10065 0.03322 0.03094
0 0.14749 0.10717 0.10174 0.09066
0 0.47394 0.04862 0.05224 0.0828
0 0.51095 0.73344 0.02214 0.0334
0 0.42478 0.00736 0.0508 0.01472
0 0.5058 0.54607 0.01256 0.03898
