3 0.618508 0.550335 0.0828594 0.0938494
3 0.558031 0.653619 0.0774375 0.0861088
3 0.505156 0.518075 0.07375 0.0748954
3 0.154781 0.631391 0.242656 0.309017
3 0.569484 0.501004 0.0757188 0.0974059
3 0.481242 0.674885 0.0845469 0.113201
3 0.568187 0.586036 0.0362188 0.071318
3 0.508523 0.579749 0.0992344 0.108494
3 0.615094 0.61295 0.063 0.0848536
3 0.564391 0.555031 0.0255 0.0160879
3 0.565656 0.725 0.085625 0.112929
3 0.447578 0.587594 0.0860625 0.10954
3 0.663727 0.653923 0.0666719 0.098682
3 0.327078 0.760251 0.219719 0.279749
3 0.526977 0.771935 0.0750469 0.0793096
3 0.500266 0.730565 0.0572812 0.0946444
3 0.626234 0.700042 0.0660937 0.0915481
