2 0.568977 0.528974 0.0156406 0.0288578
2 0.261969 0.341002 0.0989063 0.0878788
2 0.570789 0.437622 0.0106094 0.0480653
2 0.212945 0.885862 0.0317969 0.0631469
2 0.267523 0.273753 0.0624844 0.13683
2 0.36768 0.590117 0.0243281 0.0508159
2 0.624938 0.461958 0.0167187 0.0873193
2 0.342406 0.593333 0.0125625 0.0459207
2 0.670016 0.578706 0.0344375 0.0376923
2 0.634938 0.738042 0.017125 0.0504895
2 0.950492 0.520862 0.0118906 0.0238228
2 0.220312 0.281294 0.0611875 0.124545
2 0.601617 0.724429 0.0194531 0.0384615
2 0.548633 0.429429 0.0127344 0.0187179
2 0.626812 0.712016 0.011875 0.0431002
2 0.424664 0.430326 0.0203281 0.0302564
2 0.254547 0.735559 0.0294375 0.0831002
2 0.427055 0.5119 0.0156406 0.0344289
2 0.456242 0.398368 0.00595313 0.0203263
2 0.357055 0.496911 0.0184219 0.0479487
2 0.640844 0.503834 0.0169063 0.0884149
2 0.579156 0.692086 0.0125938 0.0467832
2 0.279305 0.692599 0.0282344 0.112611
2 0.703461 0.442774 0.0380469 0.0484848
2 0.335469 0.966445 0.0292812 0.0441259
2 0.685859 0.640443 0.0213125 0.0550117
2 0.570148 0.401189 0.0201406 0.0246154
2 0.336734 0.436492 0.016625 0.055641
2 0.369812 0.462168 0.02425 0.0500699
2 0.389086 0.473322 0.0238906 0.0563869
2 0.691437 0.435664 0.0447813 0.0518881
2 0.957922 0.539161 0.01125 0.0179953
2 0.686586 0.561841 0.0155469 0.042331
2 0.398484 0.40627 0.0397813 0.04
2 0.159539 0.667238 0.105016 0.105851
2 0.578344 0.467902 0.0115312 0.0361772
2 0.282414 0.517587 0.0394219 0.113357
2 0.203602 0.472145 0.0316406 0.164942
2 0.221813 0.830035 0.0438438 0.07331
2 0.65925 0.497145 0.019125 0.094662
2 0.584625 0.643217 0.01325 0.0297436
2 0.283523 0.965466 0.0272656 0.0690676
2 0.278141 0.618252 0.0290938 0.0835897
2 0.671297 0.414033 0.0284063 0.0772028
2 0.16182 0.693741 0.0478594 0.0874359
2 0.541914 0.415023 0.00585938 0.0259441
2 0.625578 0.511247 0.0142813 0.0776923
2 0.23382 0.531166 0.0437344 0.118555
2 0.660453 0.750874 0.0284687 0.0522844
2 0.142477 0.559301 0.0633281 0.110256
2 0.073 0.398135 0.061625 0.162238
2 0.421023 0.423438 0.0183594 0.03331
2 0.549445 0.415991 0.0123906 0.0307692
2 0.308703 0.509196 0.00965625 0.0253846
2 0.583219 0.780198 0.036125 0.0451515
2 0.161906 0.533904 0.0408437 0.126224
2 0.568508 0.476748 0.00998438 0.0395105
2 0.173539 0.469674 0.0287656 0.167599
2 0.193023 0.83493 0.0316094 0.0744755
2 0.382336 0.467832 0.0162656 0.0579021
2 0.349805 0.415 0.0188906 0.0804429
2 0.420008 0.544394 0.0160156 0.0320513
2 0.598812 0.582692 0.0222188 0.0620746
2 0.314164 0.418963 0.0130781 0.064359
2 0.668992 0.539767 0.0346094 0.0659207
2 0.222773 0.693427 0.0392344 0.08662
2 0.369383 0.563182 0.0177656 0.0660373
2 0.0853984 0.398648 0.0507969 0.156364
2 0.423969 0.559476 0.0148125 0.0248718
2 0.206813 0.622145 0.0445938 0.0309557
2 0.392445 0.391247 0.0404531 0.0473427
2 0.624297 0.539464 0.0311563 0.0643823
2 0.390523 0.562063 0.0165156 0.0351282
2 0.33525 0.526294 0.0235313 0.0587879
2 0.561383 0.444697 0.0130469 0.0497203
2 0.610852 0.431072 0.0149531 0.0513753
2 0.608016 0.627389 0.0129062 0.0389744
2 0.212102 0.777401 0.0247969 0.0594172
2 0.544117 0.461002 0.00642188 0.0270862
2 0.412367 0.484545 0.00685937 0.0315152
2 0.665141 0.662063 0.022 0.0536364
2 0.562266 0.601492 0.00925 0.0304429
2 0.971109 0.478287 0.0187812 0.0279953
2 0.25775 0.459161 0.0270625 0.144429
2 0.552969 0.457413 0.012625 0.0407459
2 0.40375 0.603893 0.0078125 0.0296503
2 0.555844 0.547506 0.0104688 0.0262937
2 0.527617 0.530618 0.00448438 0.0128438
