3 0.958219 0.481615 0.0735313 0.0627708
3 0.395258 0.499896 0.0649531 0.110167
3 0.247633 0.378198 0.0452031 0.0707708
3 0.3485 0.442865 0.0817187 0.0635625
3 0.334086 0.559833 0.0887969 0.042375
3 0.489719 0.492469 0.09175 0.0796458
3 0.0404688 0.37051 0.0623125 0.0471875
3 0.658813 0.36174 0.0754062 0.0576875
3 0.504359 0.304552 0.0311563 0.0289792
3 0.0973437 0.380333 0.0763438 0.0669583
3 0.714414 0.398969 0.0694219 0.0661458
3 0.203242 0.311125 0.0422969 0.0415417
3 0.544383 0.372563 0.0824531 0.0895833
3 0.379078 0.682167 0.0998437 0.113833
3 0.685977 0.560042 0.0779219 0.0870833
3 0.214039 0.389406 0.0430781 0.116146
3 0.420656 0.583167 0.0821563 0.111333
3 0.249531 0.312698 0.0547188 0.0618958
3 0.589406 0.457604 0.071875 0.117292
3 0.333922 0.615437 0.102156 0.0789583
3 0.676781 0.469 0.0766875 0.0743333
3 0.954602 0.599875 0.0897969 0.0935833
3 0.466523 0.308333 0.0638594 0.0735833
3 0.355812 0.371281 0.05725 0.0805208
3 0.303641 0.32001 0.0799688 0.0674375
3 0.17725 0.337562 0.0625 0.0561667
3 0.869086 0.475062 0.0908281 0.0749583
3 0.755992 0.384552 0.0593906 0.0421875
3 0.37332 0.298229 0.0728281 0.0459167
