4 0.726773 0.625967 0.0719219 0.173697
4 0.187977 0.490747 0.192203 0.193831
4 0.471773 0.644569 0.183422 0.244234
4 0.560516 0.459416 0.109062 0.127567
4 0.613211 0.552586 0.184016 0.280613
4 0.370195 0.410105 0.0989844 0.112778
4 0.263797 0.622787 0.1415 0.190441
4 0.689492 0.399866 0.147203 0.171992
4 0.819289 0.683429 0.169203 0.253257
4 0.794219 0.479128 0.139187 0.189713
4 0.32125 0.583927 0.136688 0.190345
4 0.71557 0.520872 0.0592031 0.0790613
4 0.400586 0.541561 0.135828 0.163659
4 0.620016 0.75933 0.190531 0.237011
4 0.463258 0.444674 0.160016 0.18249
4 0.580844 0.327787 0.124344 0.156762
0 0.481766 0.0989943 0.207875 0.181743
0 0.625406 0.064751 0.232 0.127088
1 0.24118 0.145556 0.301172 0.291111
1 0.691664 0.131695 0.217109 0.206839
1 0.501258 0.270536 0.307359 0.28682
1 0.823695 0.284761 0.351891 0.4409
1 0.176109 0.347883 0.352219 0.448372
1 0.619414 0.0617816 0.195703 0.12046
