0 0.107867 0.384612 0.129828 0.1688
0 0.145281 0.516482 0.125438 0.1908
3 0.466547 0.343965 0.0844688 0.132259
3 0.521758 0.465235 0.114453 0.165106
3 0.517359 0.917271 0.0241875 0.0393412
3 0.507867 0.758976 0.0362656 0.0556
3 0.480664 0.894753 0.0364531 0.0520471
3 0.509016 0.705812 0.0360313 0.0518588
3 0.581313 0.872518 0.0280313 0.0494588
3 0.542563 0.920776 0.0365313 0.0489882
3 0.47143 0.766741 0.0384219 0.0621412
3 0.538883 0.863153 0.0277656 0.0460706
3 0.486539 0.815894 0.0357656 0.0482118
3 0.498211 0.799271 0.0336406 0.0489882
3 0.549164 0.901259 0.0356406 0.0396
3 0.420977 0.4598 0.0839844 0.142518
3 0.572398 0.721506 0.0402031 0.0557647
3 0.563531 0.881071 0.031 0.0579529
3 0.507859 0.865365 0.0349062 0.06
3 0.593102 0.378741 0.0861719 0.127553
3 0.522469 0.808141 0.0302812 0.0598118
3 0.592664 0.814494 0.0396094 0.0548706
3 0.544805 0.7018 0.0353281 0.0397412
3 0.477359 0.8436 0.0356875 0.0553882
3 0.455508 0.850894 0.0286094 0.0536
3 0.557867 0.828565 0.0339531 0.0523765
3 0.628828 0.503976 0.0942813 0.133506
3 0.455539 0.792306 0.0323594 0.0507765
3 0.445258 0.812388 0.0338906 0.0566824
3 0.466344 0.575694 0.0995 0.1464
3 0.5935 0.761012 0.0209688 0.0545882
3 0.574516 0.773553 0.0352188 0.0554824
3 0.547633 0.805341 0.0334219 0.0516235
3 0.477023 0.713306 0.0446719 0.0517412
3 0.547 0.772176 0.0226562 0.0202588
