2 0.40893 0.141091 0.0852656 0.0923285
2 0.559492 0.379418 0.0872344 0.111933
2 0.509992 0.502786 0.0993594 0.129272
2 0.506281 0.355291 0.0754375 0.11262
2 0.307211 0.298482 0.0645781 0.139168
2 0.418453 0.794044 0.101625 0.0989813
2 0.642461 0.191923 0.0294531 0.0310395
2 0.744773 0.639397 0.0557969 0.0597505
2 0.232156 0.417827 0.100937 0.0872557
2 0.650305 0.410042 0.0767656 0.072973
2 0.436086 0.132713 0.0778906 0.101268
2 0.129609 0.226029 0.105781 0.12341
2 0.260531 0.537588 0.0613125 0.0819958
2 0.257914 0.632827 0.0647031 0.0832017
2 0.552945 0.482755 0.0357344 0.0345738
2 0.339977 0.725561 0.0885156 0.148462
2 0.20325 0.437079 0.0980625 0.0855509
2 0.326109 0.79106 0.0965625 0.113181
2 0.571102 0.179553 0.0824531 0.104802
2 0.330672 0.625447 0.06725 0.0985031
2 0.470031 0.710676 0.0274687 0.0993971
2 0.679852 0.630156 0.0883906 0.129792
2 0.272227 0.339563 0.0290781 0.110437
2 0.29818 0.431549 0.0592969 0.126466
2 0.217031 0.504314 0.105281 0.0855509
2 0.537133 0.71341 0.0984531 0.0557588
2 0.446867 0.113098 0.0755156 0.0945114
2 0.588719 0.118254 0.111406 0.140416
2 0.522539 0.780946 0.113641 0.116985
2 0.377648 0.0640748 0.0688906 0.0667775
2 0.204578 0.121798 0.111437 0.122017
2 0.232109 0.654886 0.0890312 0.0969231
