3 0.602976 0.691859 0.0398687 0.0230937
3 0.426641 0.602516 0.048512 0.034125
3 0.541674 0.485391 0.0295186 0.0181562
3 0.425219 0.529578 0.0317068 0.0230937
3 0.196368 0.42457 0.0113348 0.00723437
3 0.539453 0.661297 0.0370678 0.013625
3 0.850339 0.931977 0.0485996 0.0327344
3 0.777374 0.665211 0.024814 0.00873437
3 0.287691 0.493148 0.0269365 0.0100156
3 0.654573 0.68993 0.0115098 0.0114844
3 0.605952 0.527313 0.0290591 0.0200625
3 0.370777 0.600922 0.030919 0.0266875
3 0.698796 0.575641 0.0273085 0.005125
3 0.411072 0.422383 0.0156674 0.00579687
3 0.366947 0.614648 0.020372 0.00826563
3 0.613063 0.584383 0.0278337 0.00910937
3 0.819989 0.620945 0.0255799 0.0157344
3 0.748753 0.667797 0.0398687 0.01925
3 0.345317 0.42682 0.0109409 0.00585938
3 0.394431 0.463063 0.0233479 0.0123125
3 0.677385 0.611234 0.0327571 0.0095
3 0.794934 0.628906 0.0233479 0.0055625
3 0.676521 0.634898 0.0179431 0.0117969
3 0.888304 0.922617 0.055558 0.0410156
3 0.915536 0.945242 0.052954 0.0259219
3 0.580022 0.508 0.0322538 0.0175625
3 0.133414 0.427719 0.0222757 0.0110312
3 0.390427 0.610555 0.0345077 0.0202344
3 0.461302 0.551828 0.0334136 0.0251563
3 0.392954 0.505594 0.0301532 0.0215312
3 0.58023 0.610844 0.0383151 0.0169687
3 0.35267 0.609602 0.0402626 0.0104219
3 0.700788 0.676914 0.0242013 0.00617188
3 0.474015 0.566273 0.0161707 0.00692187
3 0.301083 0.45225 0.0129759 0.00978125
3 0.455197 0.456391 0.0214223 0.0115312
3 0.362582 0.44568 0.00573304 0.00539063
3 0.76558 0.599289 0.0348359 0.0143594
3 0.551641 0.540125 0.02407 0.012
3 0.603775 0.648883 0.0441794 0.0248906
3 0.425842 0.479477 0.0275274 0.0197031
3 0.470361 0.498156 0.0272867 0.0184687
3 0.317801 0.410328 0.0137637 0.0081875
3 0.258053 0.417461 0.00717724 0.00435938
3 0.802462 0.664617 0.028337 0.0172344
3 0.87605 0.953945 0.0499125 0.0217969
3 0.35884 0.488844 0.0276586 0.0182187
3 0.256794 0.478781 0.0219037 0.0115312
3 0.212319 0.438594 0.00739606 0.00628125
3 0.694902 0.641617 0.0211816 0.0122969
3 0.322352 0.470313 0.0168709 0.00846875
3 0.503468 0.520797 0.0302188 0.0233437
3 0.283873 0.432812 0.011116 0.00628125
