3 0.827789 0.841469 0.0580156 0.0485208
3 0.698828 0.858615 0.0685625 0.0348958
3 0.420656 0.736583 0.02875 0.026
3 0.827469 0.92674 0.0587188 0.0646458
3 0.699547 0.828781 0.0592188 0.0292292
3 0.4695 0.736302 0.0544063 0.0234792
3 0.837594 0.880188 0.0390313 0.034
3 0.765469 0.916396 0.0771875 0.0280417
3 0.522477 0.877125 0.0677969 0.0414583
3 0.776031 0.901208 0.0751875 0.0228333
3 0.762586 0.854781 0.0884531 0.0214375
3 0.691609 0.896302 0.079375 0.0457708
3 0.692172 0.843323 0.0614688 0.0192292
3 0.788836 0.887052 0.0894219 0.0274375
3 0.689219 0.870052 0.0815312 0.0298542
3 0.774125 0.874229 0.0838437 0.0279583
3 0.652211 0.925385 0.0391094 0.0176458
