2 0.23299 0.718873 0.0503268 0.148399
2 0.404967 0.86027 0.0416667 0.145637
2 0.321944 0.46348 0.0778758 0.114248
2 0.664951 0.87384 0.0870261 0.162026
2 0.130098 0.722533 0.0355229 0.134542
2 0.929469 0.342157 0.0669118 0.088268
2 0.844984 0.883758 0.0797712 0.158268
2 0.851266 0.857492 0.0836111 0.149036
2 0.788685 0.714346 0.061781 0.135098
2 0.81192 0.467859 0.0686438 0.0974183
2 0.646201 0.867614 0.0435458 0.12768
2 0.0942157 0.875637 0.0769281 0.136405
2 0.89741 0.334796 0.0670098 0.066781
2 0.215221 0.458268 0.0528268 0.104118
2 0.775294 0.447067 0.0730392 0.101781
2 0.114763 0.474469 0.0761601 0.0625654
2 0.28558 0.33424 0.0526634 0.0971405
2 0.351136 0.720515 0.0543627 0.111291
2 0.136275 0.365629 0.0621242 0.106193
2 0.7729 0.376577 0.0301144 0.0339379
2 0.511242 0.45969 0.0401634 0.146471
2 0.543105 0.310114 0.0885948 0.0909477
2 0.687835 0.857933 0.0790686 0.118742
2 0.624265 0.421789 0.0317974 0.059232
2 0.537982 0.454363 0.0284804 0.115948
2 0.294052 0.853505 0.0759804 0.138186
2 0.333252 0.728407 0.0289869 0.112565
2 0.945261 0.883783 0.0286275 0.147402
2 0.785874 0.339183 0.0743954 0.0428758
2 0.223399 0.673391 0.0281699 0.0826307
2 0.941985 0.737443 0.0412255 0.113807
2 0.724412 0.872949 0.085098 0.161193
2 0.829044 0.698456 0.0625654 0.0910294
2 0.44058 0.861152 0.0539706 0.151356
2 0.359395 0.702778 0.0669935 0.0964379
2 0.633578 0.346029 0.0264052 0.0987255
2 0.16768 0.47192 0.0320588 0.12384
2 0.487672 0.451364 0.0504085 0.1125
2 0.580106 0.726332 0.0356373 0.105899
2 0.361234 0.805417 0.0418791 0.0569118
2 0.517345 0.687083 0.0655719 0.108742
2 0.660801 0.455057 0.0628105 0.132042
2 0.27549 0.327034 0.072549 0.100376
2 0.552475 0.722304 0.0497549 0.1
2 0.172492 0.360629 0.0412582 0.0812255
2 0.957222 0.703105 0.0106209 0.101307
2 0.571275 0.874199 0.0407516 0.160392
2 0.73433 0.35518 0.0908497 0.0783333
2 0.19152 0.861667 0.0628105 0.148464
2 0.196912 0.819355 0.0248693 0.102827
2 0.197328 0.699191 0.0371732 0.142827
2 0.837574 0.433203 0.0508007 0.119183
2 0.814984 0.431283 0.0410131 0.0974346
2 0.625792 0.690817 0.0626634 0.128137
2 0.604265 0.468194 0.0911765 0.113676
2 0.122059 0.871307 0.0836928 0.14
2 0.256879 0.316021 0.0893464 0.0893627
2 0.421389 0.406266 0.0449673 0.0259967
2 0.676201 0.364763 0.0473693 0.114657
2 0.430368 0.354869 0.0964216 0.0917974
2 0.383627 0.458497 0.0838235 0.0914379
2 0.281985 0.728513 0.0427288 0.137582
2 0.685686 0.713848 0.0248693 0.110245
2 0.463431 0.37143 0.0641503 0.0494608
2 0.603015 0.873938 0.0540359 0.172092
2 0.117435 0.49893 0.0482353 0.054134
2 0.92308 0.882516 0.0569771 0.160033
2 0.70634 0.692132 0.0220915 0.0829248
2 0.613538 0.349542 0.0546569 0.12549
2 0.470613 0.866185 0.0369118 0.15152
2 0.562647 0.480964 0.0418627 0.0815033
2 0.49451 0.699297 0.0403922 0.134052
2 0.149755 0.468276 0.0425163 0.112533
2 0.539338 0.871797 0.0456373 0.173333
2 0.159044 0.849175 0.0625 0.121356
2 0.19799 0.471536 0.0372222 0.118235
2 0.193709 0.36156 0.0311111 0.0792647
2 0.904861 0.734616 0.0510294 0.140507
2 0.567998 0.369232 0.0430882 0.0482026
2 0.604935 0.701691 0.0399673 0.142859
2 0.101266 0.376225 0.0772059 0.106863
2 0.216683 0.359877 0.0389869 0.0934804
2 0.533121 0.30152 0.106732 0.100588
2 0.303333 0.376977 0.0261438 0.0261438
2 0.392083 0.50268 0.0286765 0.0252288
2 0.376863 0.360694 0.0317974 0.105899
2 0.250956 0.724992 0.0329248 0.135278
2 0.663268 0.72375 0.0533987 0.129134
2 0.297206 0.837623 0.0495752 0.0952451
2 0.160629 0.722181 0.0328595 0.135931
2 0.411258 0.459534 0.0553922 0.0938399
2 0.246977 0.465229 0.0320261 0.0585294
2 0.066152 0.827868 0.0535784 0.0910294
2 0.658194 0.342753 0.0259314 0.0870752
2 0.550931 0.678472 0.0206863 0.0558007
2 0.43942 0.753284 0.0357026 0.050915
2 0.771258 0.709616 0.0664052 0.129493
2 0.530294 0.376111 0.0372549 0.0414052
2 0.395212 0.337165 0.044183 0.0706373
2 0.702042 0.448374 0.0759477 0.135343
2 0.579101 0.406977 0.0605229 0.0405229
2 0.443946 0.435466 0.0126307 0.031585
2 0.863072 0.708064 0.0592484 0.101324
2 0.948252 0.457958 0.0323203 0.128203
2 0.406569 0.719387 0.0316013 0.107631
2 0.0707598 0.860441 0.0637745 0.107092
2 0.4654 0.346716 0.0163235 0.0470261
2 0.344085 0.357688 0.0435948 0.104101
2 0.220278 0.865842 0.070915 0.157206
2 0.711634 0.339992 0.0227451 0.0626961
2 0.796446 0.851046 0.053415 0.146797
2 0.311699 0.728382 0.0302614 0.115915
2 0.953243 0.403072 0.0231536 0.0353922
2 0.24299 0.445253 0.0928105 0.0905065
2 0.624044 0.78009 0.0291667 0.058317
2 0.925376 0.817198 0.0552941 0.0491993
2 0.0783088 0.868864 0.0741013 0.151487
2 0.381838 0.46942 0.073219 0.112729
2 0.37442 0.860482 0.0597549 0.15067
2 0.631757 0.662688 0.0609967 0.10201
2 0.736846 0.452279 0.0783007 0.120703
2 0.384175 0.732998 0.0431863 0.10982
2 0.790131 0.883145 0.0477124 0.163415
2 0.892116 0.466487 0.0610294 0.133497
2 0.582851 0.471846 0.0744935 0.120425
2 0.46768 0.442868 0.0619281 0.114788
2 0.489052 0.859894 0.060915 0.156748
2 0.425637 0.687606 0.0635948 0.138284
2 0.318971 0.306119 0.0302614 0.0423039
2 0.293693 0.460605 0.0479739 0.106078
2 0.828701 0.350131 0.0828268 0.0782026
2 0.276299 0.849739 0.0809641 0.15768
2 0.44518 0.506667 0.0533333 0.0302614
2 0.715507 0.706381 0.0692484 0.135441
2 0.717459 0.454428 0.0480556 0.12232
2 0.33067 0.856283 0.0775163 0.163121
2 0.574232 0.310049 0.0646078 0.108203
2 0.171405 0.703897 0.0264052 0.104101
2 0.831609 0.726381 0.0772059 0.147696
2 0.4929 0.769436 0.0664216 0.0394935
2 0.922663 0.457712 0.0388562 0.116863
2 0.876487 0.445139 0.0688235 0.103219
2 0.468562 0.703358 0.0326797 0.12201
2 0.318766 0.447026 0.0230556 0.0822549
2 0.332214 0.341258 0.0561275 0.0928431
2 0.72866 0.328905 0.0351307 0.05
2 0.671266 0.315768 0.0338399 0.05
2 0.504109 0.368186 0.0390359 0.0356536
2 0.957737 0.377116 0.0126634 0.0275654
