2 0.347219 0.616646 0.0320625 0.0913333
2 0.285078 0.432188 0.0237188 0.0567917
2 0.520992 0.962531 0.185266 0.0358958
2 0.0638672 0.574958 0.0733281 0.111125
2 0.483195 0.894094 0.0181719 0.0353125
2 0.678125 0.556719 0.04 0.117938
2 0.652422 0.55 0.0322188 0.130708
2 0.648453 0.570583 0.0407187 0.109125
2 0.584531 0.863542 0.0372813 0.02275
2 0.50068 0.949229 0.0755781 0.0389583
2 0.485187 0.917708 0.012125 0.0144167
2 0.258328 0.788656 0.03425 0.0357708
2 0.657047 0.797229 0.0189687 0.0419167
2 0.673906 0.814865 0.009125 0.0224792
2 0.345828 0.6905 0.0471562 0.103417
