4 0.881789 0.149539 0.127297 0.157986
4 0.436008 0.41965 0.131609 0.103771
4 0.776625 0.183652 0.170187 0.122082
4 0.858586 0.266536 0.144641 0.102218
4 0.571133 0.128456 0.107203 0.1393
4 0.776414 0.11448 0.0800469 0.041314
4 0.544406 0.436348 0.112781 0.0701706
4 0.517 0.356544 0.0971875 0.141109
4 0.751555 0.410998 0.0918906 0.10814
4 0.645539 0.220367 0.0946094 0.110836
4 0.915477 0.329215 0.139703 0.138874
4 0.86568 0.414778 0.143047 0.0966212
4 0.527875 0.239804 0.0672188 0.121075
4 0.794508 0.31686 0.125016 0.14587
4 0.388633 0.429573 0.110047 0.0863823
4 0.481312 0.16436 0.116437 0.11971
4 0.573117 0.27942 0.117016 0.170887
4 0.690477 0.108328 0.0983281 0.109932
4 0.701641 0.306775 0.09625 0.121092
4 0.739344 0.251075 0.0972187 0.0551536
4 0.655375 0.389428 0.123156 0.159608
4 0.614234 0.339138 0.0813438 0.130017
4 0.640102 0.131143 0.0502031 0.082901
4 0.442688 0.296681 0.138719 0.163396
