0 0.32119 0.44948 0.07878 0.113757
0 0.42136 0.683569 0.07968 0.122283
0 0.3708 0.754668 0.07724 0.114884
0 0.22532 0.49237 0.05368 0.0971098
0 0.66528 0.261055 0.06076 0.0664451
0 0.62319 0.559321 0.09046 0.071763
0 0.60973 0.219364 0.0641 0.0828324
0 0.16807 0.50276 0.06862 0.100376
0 0.21549 0.575 0.07458 0.101272
0 0.27552 0.559725 0.06484 0.0957514
0 0.53931 0.319725 0.06566 0.0943064
0 0.25074 0.460506 0.06748 0.0907803
0 0.33635 0.645838 0.0995 0.146416
0 0.4739 0.30146 0.06592 0.10026
0 0.58969 0.155448 0.05006 0.0826879
0 0.36654 0.379769 0.0602 0.0880925
0 0.53971 0.230029 0.06826 0.0971676
0 0.33572 0.53948 0.0728 0.0953757
0 0.43457 0.768179 0.06506 0.0780347
0 0.42948 0.366373 0.07592 0.113208
0 0.25284 0.65289 0.07844 0.114451
3 0.50017 0.663916 0.05774 0.0870809
3 0.48001 0.581199 0.08594 0.105636
3 0.5459 0.612486 0.06676 0.0823121
3 0.46792 0.718497 0.04676 0.0665896
