3 0.433195 0.82109 0.0776094 0.152648
3 0.232836 0.282508 0.0572969 0.15081
3 0.431719 0.685171 0.085625 0.125047
3 0.619531 0.210125 0.0604375 0.137695
4 0.343812 0.354486 0.0551875 0.0762617
4 0.308719 0.363474 0.0326562 0.0597196
4 0.430352 0.174065 0.0417344 0.082648
4 0.695227 0.434922 0.0442344 0.0907788
4 0.322625 0.1781 0.047625 0.0757009
4 0.700211 0.522227 0.0393594 0.104891
4 0.364016 0.152882 0.0479687 0.0941121
4 0.41975 0.254486 0.0410313 0.0823053
4 0.303047 0.845047 0.04725 0.0894704
4 0.386617 0.220343 0.0468906 0.0871028
4 0.653508 0.442741 0.0479844 0.101495
4 0.388414 0.310109 0.0424844 0.098972
4 0.43232 0.34595 0.0473281 0.0915265
4 0.306492 0.299237 0.0511719 0.0815265
4 0.371164 0.844455 0.0492344 0.0767601
4 0.395758 0.170187 0.0295469 0.072648
4 0.457492 0.343583 0.0339531 0.0938318
4 0.35025 0.310919 0.0424062 0.0705607
4 0.335688 0.229766 0.051 0.0891277
4 0.365086 0.254907 0.0301094 0.0783489
