3 0.3317 0.18 0.04576 0.0783467
3 0.62612 0.47736 0.07232 0.06096
3 0.24205 0.141573 0.04122 0.0370667
3 0.76172 0.4886 0.06824 0.0644533
3 0.66892 0.556933 0.03 0.07744
3 0.3208 0.413467 0.05192 0.0469333
3 0.19835 0.135973 0.0297 0.0226667
3 0.54732 0.65712 0.04496 0.05872
3 0.22725 0.869107 0.07134 0.08744
3 0.30916 0.639053 0.04552 0.06488
3 0.5259 0.3506 0.05664 0.06008
3 0.25521 0.529627 0.07806 0.0824533
3 0.83067 0.59224 0.06642 0.108907
3 0.21703 0.29884 0.0679 0.0793333
3 0.37625 0.769707 0.05446 0.0748267
3 0.18032 0.429987 0.058 0.0639733
3 0.37085 0.447947 0.0523 0.0625067
3 0.28602 0.166387 0.05388 0.0549067
