4 0.165047 0.493169 0.0228437 0.040939
4 0.0142187 0.581925 0.0269375 0.0428169
4 0.122234 0.536538 0.0205625 0.0402113
4 0.118828 0.585164 0.0188125 0.029061
4 0.0948594 0.599448 0.02025 0.02777
4 0.200102 0.52561 0.0279844 0.0376995
4 0.136586 0.494437 0.0277969 0.0376995
4 0.173906 0.5448 0.0267188 0.0368779
4 0.176266 0.594002 0.0129688 0.0234038
4 0.0906563 0.463333 0.0199375 0.0159155
4 0.149758 0.558932 0.0228594 0.0271127
4 0.184563 0.502958 0.023875 0.0366667
4 0.139211 0.593181 0.0282031 0.0424178
4 0.182828 0.559542 0.0267812 0.0410563
4 0.227547 0.552641 0.0138125 0.0218075
4 0.0653281 0.4852 0.0265312 0.0270657
4 0.209 0.561444 0.0269375 0.0380516
4 0.0954141 0.538192 0.0266094 0.0243192
4 0.0623359 0.513756 0.0395469 0.0510329
4 0.0985938 0.482383 0.0296875 0.0384742
4 0.159867 0.578322 0.0209844 0.0323709
4 0.21607 0.510129 0.0139844 0.0202582
4 0.0919219 0.503862 0.0244062 0.0417606
4 0.0592812 0.573697 0.02725 0.0270657
3 0.132828 0.702676 0.0279063 0.0526761
3 0.156281 0.734941 0.0446875 0.0361737
3 0.179109 0.697594 0.0240313 0.0403052
3 0.154344 0.696232 0.0249375 0.0400235
3 0.129367 0.760892 0.0186406 0.0315493
3 0.113258 0.753556 0.0255781 0.0379108
