2 0.56525 0.745851 0.00384375 0.0105828
2 0.569539 0.720373 0.00882813 0.0205128
2 0.552945 0.733858 0.0159844 0.014289
2 0.61318 0.950338 0.0110156 0.0437995
2 0.59075 0.735513 0.00928125 0.0238462
2 0.576266 0.749918 0.0139375 0.0118182
2 0.55193 0.715862 0.0156406 0.0225408
2 0.607945 0.750944 0.0112031 0.0148951
2 0.556469 0.746154 0.0197813 0.0138928
2 0.626523 0.963648 0.0203906 0.0331702
2 0.681508 0.949569 0.0153594 0.0334033
2 0.589219 0.964732 0.0215312 0.0274592
2 0.693578 0.969231 0.0244375 0.0189744
2 0.547781 0.712273 0.010125 0.0248718
2 0.654266 0.974184 0.0230625 0.017366
2 0.564625 0.976667 0.0157188 0.0324476
2 0.550344 0.964476 0.0111875 0.0197669
2 0.661977 0.950991 0.0167969 0.0346154
2 0.679211 0.97542 0.00626562 0.0189977
2 0.595313 0.953427 0.0170625 0.0396737
2 0.539672 0.714207 0.007375 0.0275758
2 0.531125 0.738182 0.0139375 0.0138462
2 0.539766 0.992179 0.027375 0.0141026
2 0.544883 0.983333 0.0197969 0.0287179
