0 0.503125 0.380847 0.0054375 0.00668235
0 0.492609 0.399694 0.008 0.00795294
0 0.408766 0.394541 0.0049375 0.00282353
0 0.5325 0.389847 0.00571875 0.00562353
0 0.437633 0.393212 0.00689063 0.0076
0 0.546672 0.387671 0.00478125 0.00334118
0 0.578828 0.389588 0.0054375 0.00665882
0 0.426695 0.395059 0.00754687 0.00611765
0 0.501281 0.386024 0.0075625 0.00696471
0 0.465164 0.377565 0.00698437 0.00792941
0 0.48925 0.388753 0.0101563 0.0118118
0 0.558977 0.390918 0.00792188 0.00503529
0 0.518062 0.384671 0.00715625 0.00717647
0 0.483859 0.383765 0.00740625 0.00592941
0 0.513555 0.374847 0.00629688 0.0064
0 0.461781 0.391494 0.0081875 0.00628235
0 0.441086 0.384282 0.00510938 0.0064
0 0.456812 0.375541 0.00571875 0.00430588
0 0.541633 0.393718 0.00748437 0.00536471
