0 0.846094 0.745767 0.160062 0.276634
0 0.490523 0.319889 0.159703 0.16948
0 0.694125 0.666473 0.148094 0.255965
0 0.633305 0.739517 0.147703 0.343094
0 0.426547 0.50427 0.114312 0.176955
0 0.511383 0.722624 0.129828 0.218762
0 0.584102 0.53005 0.138797 0.249554
0 0.488852 0.470705 0.138109 0.227005
1 0.419531 0.193144 0.0238125 0.117921
1 0.491844 0.184629 0.0866563 0.144109
1 0.330242 0.221683 0.0712656 0.0815842
1 0.198703 0.359579 0.0965938 0.207376
1 0.453336 0.165309 0.0562031 0.143342
1 0.255117 0.223057 0.0996094 0.178886
1 0.366766 0.0942327 0.08925 0.0802475
1 0.404445 0.209493 0.0393594 0.0830941
1 0.290734 0.33005 0.109937 0.18005
1 0.382914 0.312438 0.0749531 0.221262
1 0.206562 0.228403 0.0737187 0.108243
1 0.348094 0.318948 0.0482812 0.19349
1 0.347492 0.151361 0.109172 0.141287
1 0.271055 0.113552 0.119703 0.164431
