3 0.412727 0.192282 0.0185469 0.0122995
3 0.317164 0.26582 0.0165781 0.0179501
3 0.281938 0.238886 0.0302812 0.0312121
3 0.366547 0.329501 0.0130312 0.0150089
3 0.306695 0.330784 0.0256719 0.0324421
3 0.467133 0.259367 0.0150156 0.0152406
3 0.437172 0.28221 0.0267812 0.0257398
3 0.273734 0.281925 0.0235625 0.0238859
3 0.389031 0.353708 0.027875 0.031123
3 0.505242 0.259439 0.0215156 0.0242602
3 0.397328 0.382825 0.0276563 0.0333512
3 0.355313 0.279198 0.0285 0.0333333
3 0.477789 0.360508 0.0208594 0.0211943
3 0.441172 0.347094 0.0215 0.0257041
3 0.511367 0.339617 0.00932812 0.0151693
3 0.401516 0.409697 0.0160313 0.0232442
3 0.493625 0.351408 0.0120938 0.0150089
3 0.373391 0.419011 0.0244375 0.0239394
3 0.373063 0.307451 0.0268125 0.0315152
3 0.327461 0.321283 0.0247656 0.0312656
3 0.412773 0.395383 0.0255469 0.0317647
3 0.337813 0.316988 0.0143125 0.0157932
3 0.361844 0.433868 0.0165 0.0231373
3 0.662891 0.282184 0.0158125 0.0276114
3 0.357406 0.316524 0.0179375 0.0195365
3 0.650656 0.283111 0.0165937 0.0173084
3 0.461734 0.353725 0.0110312 0.0147594
3 0.478859 0.273966 0.01725 0.020303
3 0.378055 0.329643 0.0149531 0.0143316
3 0.369195 0.360232 0.0181406 0.0111943
3 0.509016 0.359153 0.00884375 0.01
3 0.41175 0.231631 0.0152187 0.0131016
3 0.522828 0.355936 0.00709375 0.0054902
3 0.527961 0.334715 0.0122656 0.0181283
3 0.515742 0.282656 0.0254531 0.0259537
3 0.483453 0.335339 0.0123125 0.012852
3 0.633453 0.238556 0.01825 0.0160428
3 0.355758 0.381435 0.0152656 0.0249376
