2 0.513547 0.764604 0.0356875 0.040625
2 0.500352 0.74725 0.0407031 0.0388333
2 0.446492 0.732031 0.0412656 0.0493125
2 0.67768 0.759375 0.0156719 0.020875
2 0.675141 0.736562 0.0193125 0.023
2 0.705602 0.769229 0.0212344 0.0241667
2 0.724 0.742698 0.0185937 0.0236875
2 0.509953 0.731573 0.0273125 0.0281042
2 0.412734 0.725302 0.0353438 0.0348125
2 0.648508 0.764469 0.00507813 0.0194792
2 0.48268 0.70651 0.0278281 0.0283958
2 0.654336 0.757417 0.0139844 0.0202083
2 0.707898 0.731656 0.0192344 0.0117292
2 0.655273 0.737865 0.0139531 0.0145208
2 0.692445 0.73724 0.0143906 0.0111875
2 0.466922 0.704323 0.0198125 0.0203542
2 0.686078 0.721094 0.0141563 0.0122708
2 0.739062 0.754792 0.0241875 0.0240833
2 0.565813 0.708135 0.0298125 0.0236875
2 0.542508 0.72774 0.0335469 0.0314375
2 0.440047 0.709281 0.0331562 0.0158958
2 0.536406 0.70124 0.0260312 0.0250625
2 0.689359 0.773292 0.0223125 0.0222917
2 0.499156 0.695052 0.020125 0.0138542
2 0.480508 0.684677 0.0237344 0.0207292
2 0.462437 0.691594 0.0185937 0.0101875
2 0.482578 0.739396 0.0274687 0.0402083
2 0.65843 0.750656 0.0163281 0.0200208
2 0.696508 0.755271 0.0215781 0.01625
2 0.51143 0.705021 0.0327344 0.0245417
2 0.472133 0.726531 0.0286719 0.0325208
2 0.518047 0.694104 0.022125 0.0175417
2 0.724055 0.72874 0.0164531 0.0115625
2 0.594562 0.723135 0.0162188 0.0142708
2 0.549695 0.749906 0.0215156 0.0431458
2 0.676703 0.778021 0.0219062 0.0192917
