0 0.287594 0.658052 0.143687 0.0546875
0 0.0371406 0.613115 0.0738125 0.0580625
0 0.0456328 0.669979 0.0912656 0.0720833
0 0.471102 0.346281 0.0800781 0.0336458
0 0.476203 0.461531 0.093625 0.0466042
0 0.392062 0.473594 0.0925 0.0538542
0 0.408727 0.697646 0.115891 0.0654583
0 0.453094 0.539323 0.096125 0.0531042
0 0.364461 0.528823 0.0454531 0.0541458
0 0.574062 0.488646 0.0699063 0.0527917
0 0.540312 0.535844 0.117813 0.0536458
0 0.192969 0.625635 0.102313 0.0923125
0 0.359164 0.58225 0.0315469 0.052125
0 0.501977 0.306854 0.0446406 0.0283333
0 0.543578 0.278813 0.0729062 0.0327083
0 0.434375 0.624094 0.113937 0.0654375
0 0.362391 0.224333 0.0630938 0.0211667
0 0.375469 0.304406 0.035375 0.0279375
