4 0.580414 0.38584 0.0860469 0.0803527
4 0.612789 0.627531 0.0575469 0.0992531
4 0.595656 0.509959 0.0295 0.0391701
4 0.527187 0.486535 0.0520312 0.0456846
4 0.568766 0.615633 0.0611563 0.0938797
4 0.664383 0.419824 0.0617969 0.0684855
4 0.620883 0.553019 0.0638281 0.09139
4 0.554492 0.544876 0.0278281 0.0487967
4 0.502805 0.614637 0.0650781 0.0928423
4 0.645086 0.482033 0.0605469 0.0982988
4 0.638008 0.373828 0.0506719 0.0607676
4 0.512711 0.548122 0.0252031 0.0319295
4 0.509469 0.537822 0.043 0.0696266
4 0.553984 0.447977 0.0202813 0.0248755
4 0.601078 0.489243 0.0316563 0.0386515
4 0.538281 0.402137 0.062875 0.0669295
4 0.590078 0.431214 0.03 0.0432573
0 0.409906 0.477085 0.182313 0.23778
