3 0.662312 0.563672 0.138344 0.120983
3 0.734539 0.440105 0.0900156 0.106025
3 0.712164 0.3375 0.0762344 0.0995188
3 0.343891 0.484801 0.0655625 0.146757
3 0.678234 0.458682 0.0664687 0.0748536
3 0.533094 0.249833 0.03875 0.03
3 0.570508 0.481433 0.0919844 0.124079
3 0.131367 0.28704 0.0417969 0.0581381
3 0.767773 0.362552 0.0562031 0.0647699
3 0.356836 0.452176 0.121422 0.265397
3 0.478211 0.111025 0.0530469 0.0719665
3 0.230555 0.175533 0.0798594 0.0747908
2 0.555039 0.676224 0.170047 0.208473
2 0.23043 0.493713 0.0837656 0.0808996
