4 0.367641 0.377037 0.06875 0.0710304
4 0.338023 0.349356 0.0581094 0.0515457
4 0.501242 0.277799 0.0509531 0.0823419
4 0.426398 0.44829 0.0430469 0.0784543
4 0.457336 0.290187 0.0504219 0.075644
4 0.41693 0.327155 0.0657656 0.0698126
4 0.465742 0.399251 0.0443906 0.0671663
4 0.437352 0.360386 0.0548594 0.0633489
4 0.437109 0.390785 0.02675 0.0299063
4 0.322687 0.392272 0.0649687 0.0601874
4 0.334328 0.266124 0.0283438 0.0281733
4 0.518758 0.359122 0.0371406 0.0579625
4 0.378992 0.323888 0.0246406 0.0473536
