2 0.820292 0.590414 0.352375 0.216328
2 0.783552 0.757828 0.423187 0.330625
2 0.802198 0.695836 0.395604 0.292422
2 0.607385 0.730766 0.338021 0.399969
3 0.424031 0.129039 0.193396 0.115609
3 0.168865 0.103203 0.137771 0.123844
3 0.26775 0.0560312 0.124458 0.11
3 0.314448 0.116758 0.108771 0.0932969
3 0.492333 0.166711 0.133667 0.0969219
3 0.34626 0.198539 0.155562 0.108797
3 0.362896 0.285156 0.145667 0.106156
3 0.499698 0.246438 0.143021 0.140937
3 0.0732812 0.151703 0.146562 0.115
3 0.219865 0.16557 0.143104 0.126641
3 0.357344 0.0440234 0.196229 0.0717969
1 0.617052 0.30932 0.229521 0.168547
1 0.24975 0.393461 0.17675 0.127422
1 0.360938 0.480906 0.224875 0.158406
1 0.0506771 0.441664 0.100479 0.0984219
1 0.0969375 0.355703 0.192375 0.151281
1 0.423729 0.36275 0.18625 0.138437
1 0.574896 0.448734 0.2355 0.179844
1 0.144187 0.453641 0.0984583 0.0138437
1 0.801687 0.411281 0.238292 0.168219
