5 0.372648 0.657546 0.121172 0.105946
5 0.411648 0.852035 0.152234 0.12876
5 0.427391 0.713618 0.108187 0.148643
5 0.334969 0.7866 0.173563 0.16593
3 0.489242 0.380008 0.0781406 0.071876
3 0.510758 0.355469 0.0927031 0.121725
3 0.189438 0.440854 0.0758125 0.0986935
3 0.117789 0.508074 0.0957969 0.0447571
3 0.131508 0.463333 0.0863281 0.11598
4 0.239695 0.650209 0.0873906 0.0983417
4 0.296391 0.885486 0.084 0.0692295
4 0.187461 0.84294 0.100172 0.0958626
4 0.288148 0.695335 0.0968281 0.0860804
4 0.29025 0.631826 0.0558438 0.0489112
4 0.139117 0.879322 0.100609 0.0991122
4 0.131359 0.701809 0.0703438 0.0819095
4 0.182266 0.646072 0.0422812 0.0456449
4 0.0936484 0.864698 0.0728594 0.088794
4 0.140758 0.771382 0.0747969 0.0826633
4 0.104445 0.793199 0.0770469 0.0764824
4 0.0954453 0.632303 0.0882969 0.0923116
4 0.14625 0.656273 0.0308125 0.0395142
4 0.187148 0.700092 0.0811094 0.0883585
4 0.325297 0.876173 0.0463125 0.0412228
4 0.200602 0.896801 0.0358906 0.0269347
4 0.0894219 0.910888 0.0507187 0.039598
4 0.277742 0.829397 0.0656719 0.0707538
4 0.0728906 0.729489 0.06125 0.0905025
4 0.216266 0.763811 0.0860937 0.0994137
4 0.241266 0.888283 0.0544063 0.0695645
