2 0.25693 0.078845 0.0183 0.0258772
2 0.22021 0.14557 0.02538 0.0340643
2 0.4197 0.812953 0.01396 0.0360234
2 0.12275 0.153436 0.01786 0.0384503
2 0.27778 0.0509064 0.01728 0.0165497
2 0.20769 0.114459 0.02534 0.0301462
2 0.5094 0.811944 0.03364 0.0294444
2 0.13085 0.161126 0.0167 0.0492105
2 0.23929 0.055307 0.01722 0.0217836
2 0.49344 0.815965 0.01528 0.0269006
2 0.20585 0.136082 0.01722 0.0324561
2 0.20213 0.0687719 0.01838 0.0404678
2 0.20213 0.170278 0.02582 0.0265789
2 0.14122 0.10288 0.02184 0.0642982
2 0.43741 0.805132 0.03494 0.0516667
2 0.24396 0.0853363 0.00908 0.0110819
2 0.21069 0.15902 0.02566 0.0298538
2 0.15318 0.161974 0.02168 0.0740058
2 0.18414 0.0935234 0.03236 0.0473392
2 0.17219 0.0947076 0.0299 0.0520468
2 0.26506 0.0706579 0.02408 0.025117
2 0.16151 0.103538 0.02014 0.0597076
2 0.48055 0.823655 0.00906 0.0128655
2 0.17268 0.155804 0.01136 0.0286257
2 0.14028 0.0478216 0.013 0.0232456
2 0.14232 0.17193 0.01408 0.0643275
2 0.21825 0.0647661 0.02974 0.0281287
2 0.16445 0.0506871 0.0127 0.0290351
2 0.22724 0.0424708 0.01656 0.0111404
2 0.15246 0.0512573 0.01156 0.0295906
2 0.2214 0.112471 0.02704 0.0341228
2 0.11869 0.0640936 0.01878 0.044386
2 0.46747 0.788567 0.03098 0.0778363
2 0.22544 0.132661 0.01152 0.015731
2 0.15462 0.11652 0.01964 0.0625146
2 0.23012 0.0859064 0.02312 0.0287135
2 0.23746 0.110702 0.0424 0.0418713
2 0.22388 0.171623 0.00904 0.0255848
2 0.12496 0.070117 0.02728 0.0511696
2 0.21219 0.0463596 0.01922 0.0189181
2 0.45073 0.804795 0.02858 0.045614
2 0.19544 0.0430556 0.02228 0.0131871
2 0.18746 0.0825439 0.04248 0.0380702
2 0.17837 0.116053 0.02746 0.0498246
2 0.28302 0.0648099 0.01396 0.0182164
2 0.18969 0.144942 0.01294 0.0279532
