4 0.748891 0.460302 0.0179063 0.0256458
4 0.850039 0.48301 0.0205781 0.0305208
4 0.837672 0.608458 0.0186562 0.0220417
4 0.792773 0.496667 0.0277031 0.02975
4 0.914789 0.486792 0.0294219 0.0371667
4 0.87332 0.477302 0.0262656 0.0326458
4 0.772141 0.548969 0.0303125 0.0186875
4 0.765492 0.461219 0.0226094 0.0335208
4 0.920312 0.51501 0.0295625 0.0250625
4 0.865461 0.629365 0.0247969 0.0365208
4 0.827898 0.465385 0.0315469 0.0329375
4 0.837922 0.586323 0.0275 0.0351458
4 0.817734 0.57249 0.0220625 0.0343958
4 0.819992 0.641135 0.0231094 0.0384792
4 0.844602 0.437948 0.0255781 0.0312708
4 0.890633 0.501406 0.0297344 0.0331458
4 0.761734 0.492729 0.0265312 0.0310833
4 0.811469 0.493479 0.023 0.0367917
4 0.842148 0.643115 0.0265156 0.0353542
4 0.859805 0.554896 0.0218281 0.0124167
4 0.785813 0.608125 0.0272812 0.036375
4 0.757562 0.587781 0.0217188 0.0358958
4 0.806914 0.557438 0.0257656 0.0261667
4 0.877523 0.567646 0.0212969 0.0287083
4 0.814688 0.597729 0.030625 0.03775
4 0.802312 0.635792 0.0269688 0.0354583
4 0.870211 0.609844 0.0271406 0.0309375
4 0.785641 0.63 0.02525 0.02175
4 0.863445 0.649104 0.0182656 0.0177083
4 0.894992 0.471677 0.0230156 0.0189792
4 0.85768 0.456792 0.0202031 0.0269167
4 0.817406 0.441594 0.0198125 0.0292292
4 0.869312 0.453771 0.0158125 0.0213333
4 0.83732 0.558156 0.0213594 0.0227292
4 0.784375 0.443198 0.0240625 0.0259792
4 0.869039 0.505104 0.0215156 0.026
4 0.791055 0.584125 0.0263906 0.034375
4 0.762133 0.562958 0.0265469 0.0324167
4 0.823633 0.490323 0.0181406 0.0252292
3 0.188352 0.38725 0.0810781 0.0974167
3 0.173344 0.50474 0.0634062 0.0807292
3 0.209219 0.228344 0.0792188 0.101479
3 0.336008 0.374313 0.0880781 0.152917
3 0.257578 0.350594 0.0701875 0.0898125
3 0.262562 0.467052 0.0838125 0.112354
3 0.139453 0.301958 0.0737812 0.10925
