1 0.274297 0.290531 0.081 0.104271
1 0.127141 0.633031 0.0901875 0.115854
1 0.337883 0.575948 0.0957656 0.125646
1 0.11825 0.496031 0.0848125 0.115646
1 0.0765781 0.291104 0.117906 0.154792
1 0.177156 0.236115 0.08225 0.101437
1 0.297422 0.434937 0.0942813 0.118292
1 0.172766 0.364469 0.0870625 0.110479
1 0.220016 0.558302 0.092875 0.125938
2 0.911422 0.350812 0.062875 0.08
2 0.924969 0.291833 0.0590313 0.0646667
2 0.769766 0.465156 0.0710937 0.0752292
2 0.807516 0.431448 0.052 0.0701458
2 0.73125 0.418385 0.0638438 0.0802708
2 0.813875 0.290479 0.05575 0.0725
2 0.778977 0.350646 0.0671094 0.09975
2 0.862258 0.306792 0.0757344 0.0842917
2 0.869383 0.396615 0.0481094 0.0591458
2 0.8465 0.456667 0.0620313 0.066625
