2 0.755008 0.132135 0.0993906 0.264271
2 0.545711 0.211031 0.0658906 0.319396
2 0.796328 0.123458 0.084 0.243667
2 0.499828 0.210865 0.067 0.338396
2 0.125047 0.452302 0.057875 0.0507292
2 0.0485938 0.297198 0.0971875 0.316562
2 0.683531 0.155677 0.0563125 0.311354
2 0.325672 0.258729 0.0614375 0.299292
2 0.641648 0.15526 0.0697656 0.308313
2 0.10582 0.284719 0.0677656 0.313771
2 0.604016 0.1515 0.080125 0.303
2 0.145648 0.333896 0.0638906 0.27
2 0.288461 0.253885 0.108703 0.293312
2 0.822922 0.253219 0.0519375 0.0638125
2 0.475266 0.202271 0.100312 0.336042
2 0.0665625 0.285135 0.0728125 0.292604
2 0.374375 0.266969 0.0580625 0.321021
2 0.728766 0.225302 0.043125 0.184771
2 0.376969 0.307458 0.0705313 0.28325
2 0.0305234 0.301365 0.0610469 0.329313
2 0.433258 0.218792 0.0709531 0.27475
2 0.540719 0.365073 0.0364063 0.0777292
2 0.42107 0.329167 0.0410156 0.183125
2 0.85225 0.1435 0.0931562 0.287
2 0.0922344 0.467052 0.061375 0.0432708
2 0.309102 0.269344 0.0958281 0.282062
1 0.212242 0.465125 0.0482969 0.0405
1 0.195406 0.443521 0.0432813 0.0507083
1 0.254688 0.464583 0.0411875 0.042375
1 0.274297 0.422135 0.0337812 0.0570208
1 0.20218 0.359594 0.0599531 0.0682292
1 0.237516 0.434688 0.0463438 0.0550417
1 0.1835 0.403688 0.0322812 0.05275
1 0.172969 0.475458 0.0314688 0.023625
1 0.223367 0.391208 0.0525156 0.066125
1 0.267461 0.383021 0.0458906 0.064125
1 0.152516 0.47149 0.0466875 0.0311458
0 0.748023 0.413552 0.0284219 0.0534792
0 0.889258 0.0831667 0.0471719 0.0759167
0 0.903156 0.94324 0.02525 0.0239375
0 0.955805 0.95151 0.0883906 0.0969792
0 0.972438 0.148271 0.0454375 0.0630417
0 0.913891 0.17899 0.044625 0.0322292
0 0.925492 0.980833 0.0830781 0.0367917
0 0.727555 0.38551 0.0479219 0.0625625
0 0.594836 0.90901 0.0947344 0.124646
0 0.686258 0.877615 0.0960156 0.0889792
0 0.570734 0.973573 0.084 0.0509792
0 0.956977 0.180271 0.0451406 0.026875
0 0.943656 0.106427 0.0542813 0.0650208
0 0.983445 0.903344 0.0331094 0.0341458
0 0.842703 0.939042 0.100156 0.119708
0 0.803719 0.82125 0.0920938 0.07825
0 0.990141 0.0319479 0.0197188 0.0495208
0 0.926602 0.146385 0.0502969 0.0600208
0 0.735367 0.332604 0.0539531 0.0585417
0 0.883125 0.325542 0.0494687 0.0723333
0 0.973156 0.346375 0.0535312 0.0665833
0 0.893898 0.85475 0.0656094 0.0239167
0 0.746758 0.843344 0.0697031 0.0350625
0 0.888234 0.389958 0.0354688 0.0425833
0 0.890539 0.976156 0.0437969 0.0456458
0 0.942187 0.407573 0.0504062 0.0614375
0 0.780992 0.912948 0.0290469 0.0461042
0 0.958102 0.0647812 0.0492031 0.0586458
0 0.994437 0.146552 0.011125 0.0479375
0 0.984523 0.0909062 0.0309531 0.0782292
0 0.621766 0.977073 0.0254375 0.0436042
0 0.677555 0.984187 0.0930469 0.031625
0 0.692273 0.329135 0.0428906 0.0540208
0 0.710078 0.431917 0.0559375 0.05175
0 0.958203 0.0243854 0.0564063 0.0443542
0 0.981547 0.286906 0.0365625 0.0741042
0 0.819031 0.844583 0.0823125 0.0402917
0 0.757055 0.360344 0.0248906 0.0568542
0 0.775609 0.306385 0.0375 0.0670625
0 0.807867 0.792677 0.0834844 0.0665625
0 0.672914 0.421792 0.0500469 0.0639167
0 0.90825 0.352698 0.0284687 0.0671042
0 0.683445 0.370823 0.0503281 0.0639375
0 0.889516 0.0373854 0.0555625 0.0530625
0 0.808203 0.97975 0.0969062 0.0405
0 0.656813 0.465781 0.0496562 0.0511875
0 0.751195 0.94449 0.0833281 0.111021
0 0.670023 0.943021 0.0974531 0.098875
0 0.977539 0.415375 0.0449219 0.059125
2 0.761445 0.670417 0.0270469 0.0789167
2 0.617422 0.665563 0.0647188 0.142167
2 0.574328 0.72325 0.0646875 0.10525
2 0.686094 0.730031 0.061375 0.114062
2 0.718109 0.686792 0.058125 0.130542
2 0.676102 0.646469 0.0562969 0.0881042
2 0.746922 0.619938 0.040375 0.123542
2 0.746578 0.736958 0.059375 0.07125
2 0.172922 0.982604 0.0449062 0.0315417
2 0.704477 0.571604 0.0964844 0.070375
2 0.612516 0.750281 0.070875 0.0865208
2 0.64082 0.60349 0.0539531 0.0673125
2 0.659406 0.759281 0.0598437 0.0678125
2 0.0394922 0.957052 0.0720781 0.0858958
2 0.548711 0.758938 0.0425156 0.0392917
2 0.10393 0.976562 0.0543281 0.046875
2 0.714672 0.594188 0.0667813 0.0960417
2 0.0676797 0.96249 0.0751719 0.0750208
2 0.64375 0.705156 0.0634375 0.0933958
2 0.141461 0.953812 0.0763906 0.0917083
2 0.72907 0.76874 0.0576406 0.0294792
3 0.474219 0.439604 0.07125 0.0848333
3 0.17843 0.740885 0.0282656 0.0323542
3 0.12107 0.772083 0.0288281 0.0387917
3 0.203289 0.781073 0.0286094 0.0395625
3 0.225227 0.761208 0.0242656 0.021375
3 0.0959453 0.781844 0.0303281 0.0289792
3 0.527133 0.46551 0.0587344 0.0734375
3 0.122047 0.746146 0.030375 0.031125
3 0.15768 0.763229 0.0475156 0.0410417
3 0.219086 0.751312 0.0240781 0.0249583
3 0.261969 0.777563 0.028375 0.0382083
3 0.231891 0.776708 0.0355313 0.02925
3 0.189383 0.795052 0.0304531 0.0183542
3 0.434063 0.0822708 0.0614375 0.0445
3 0.162875 0.78824 0.0285938 0.0236458
3 0.527508 0.527698 0.0532031 0.0776458
3 0.167836 0.233729 0.0254219 0.04625
3 0.225906 0.806198 0.035625 0.0364792
3 0.584203 0.475833 0.065 0.0835417
3 0.508344 0.571562 0.0560312 0.0310417
3 0.147211 0.238167 0.0396406 0.069
3 0.409172 0.138667 0.0295 0.0609583
3 0.449094 0.568417 0.0599375 0.0325833
3 0.468945 0.529344 0.0795469 0.106062
3 0.137336 0.788708 0.0258281 0.0192917
3 0.195734 0.76025 0.0251875 0.0295417
3 0.608297 0.288635 0.046125 0.0602708
3 0.532742 0.404417 0.0794531 0.0716667
3 0.249922 0.743708 0.0227187 0.023125
3 0.567688 0.538365 0.0569063 0.0793125
3 0.154562 0.740292 0.0257812 0.0283333
