3 0.762594 0.819293 0.129656 0.246413
3 0.933648 0.825688 0.0541406 0.12029
3 0.647563 0.83846 0.105062 0.271123
3 0.753836 0.687862 0.103516 0.117319
3 0.64757 0.722663 0.113016 0.136268
3 0.546328 0.8075 0.119562 0.213261
0 0.246453 0.725 0.125438 0.265362
0 0.129141 0.608804 0.0940312 0.274855
0 0.29 0.603804 0.0780625 0.221087
0 0.22775 0.466576 0.107688 0.258804
0 0.3365 0.379873 0.1055 0.289457
0 0.164578 0.667844 0.101937 0.310543
2 0.395891 0.200453 0.0769062 0.138587
2 0.445352 0.13933 0.149203 0.200616
2 0.489508 0.168152 0.121141 0.121739
2 0.547328 0.15788 0.0557187 0.128587
