3 0.981062 0.939426 0.0371563 0.120867
3 0.939352 0.343876 0.117047 0.217869
3 0.63668 0.0856089 0.132609 0.171218
3 0.929844 0.920515 0.140313 0.15897
3 0.653656 0.625691 0.267687 0.5
3 0.486852 0.220937 0.153109 0.239953
3 0.63118 0.147178 0.0782969 0.116932
3 0.452523 0.0435012 0.0981094 0.0870023
3 0.809047 0.0368501 0.127562 0.0737002
3 0.784031 0.797436 0.107031 0.174262
3 0.604898 0.380867 0.0960156 0.247728
3 0.331664 0.587073 0.433328 0.578454
3 0.615156 0.883841 0.0905938 0.159485
3 0.0916875 0.351183 0.0766875 0.318665
