2 0.50032 0.656365 0.142922 0.120646
2 0.281813 0.671802 0.0834688 0.109229
2 0.522477 0.839677 0.0714219 0.111104
2 0.370344 0.62101 0.0940625 0.108646
2 0.210406 0.745177 0.0949375 0.112896
2 0.434531 0.740729 0.119813 0.155
2 0.322664 0.713906 0.129609 0.142896
2 0.37057 0.811854 0.114328 0.123167
2 0.242445 0.813448 0.102703 0.132229
2 0.597789 0.786448 0.106609 0.151479
2 0.47993 0.844083 0.0651719 0.1995
2 0.530586 0.72501 0.0872031 0.124562
2 0.426141 0.643146 0.0461562 0.0727917
2 0.355844 0.863417 0.142906 0.132917
2 0.391656 0.591948 0.0539063 0.0378125
