2 0.261941 0.934039 0.0892332 0.0642344
2 0.100962 0.737406 0.0786698 0.0735625
2 0.330829 0.816672 0.0909233 0.128875
2 0.178732 0.732859 0.0820344 0.0719687
2 0.119085 0.748188 0.0649609 0.109406
2 0.251956 0.727953 0.0781534 0.0586563
2 0.14374 0.781563 0.0576839 0.0592812
2 0.323114 0.902156 0.0979343 0.0759062
2 0.152371 0.93368 0.104491 0.101234
2 0.134828 0.838133 0.108466 0.0627031
2 0.121792 0.893625 0.0824257 0.082375
2 0.191588 0.917203 0.0623944 0.104188
2 0.239914 0.862758 0.0958842 0.0641406
2 0.199804 0.685875 0.0795775 0.0545312
2 0.370642 0.870187 0.0305477 0.0676875
2 0.291275 0.678609 0.0720657 0.0776563
2 0.242465 0.794914 0.15892 0.114516
2 0.125078 0.843758 0.0786072 0.0709219
