2 0.0322031 0.715773 0.0625625 0.159742
2 0.111078 0.654567 0.104656 0.106183
2 0.172648 0.7237 0.0748906 0.143981
2 0.129219 0.534192 0.0947187 0.0981265
2 0.0949141 0.756534 0.123828 0.138501
2 0.0832734 0.581522 0.112234 0.0876347
2 0.168039 0.611218 0.0449531 0.0864169
2 0.0541406 0.63397 0.0671563 0.0430679
5 0.0720078 0.237869 0.0877031 0.12178
5 0.0622578 0.39123 0.0897656 0.0776815
5 0.0140781 0.378407 0.0277813 0.116721
5 0.0219609 0.236136 0.0439219 0.0929274
5 0.0729609 0.326218 0.115828 0.122365
