5 0.520082 0.553464 0.0463072 0.0449346
5 0.479126 0.537631 0.0552124 0.0416667
5 0.535229 0.542721 0.0337908 0.0451471
5 0.581324 0.55692 0.0333333 0.0425654
5 0.523252 0.496479 0.0502614 0.0524346
5 0.538064 0.472819 0.0220425 0.0205065
5 0.444567 0.544722 0.0226634 0.0354575
5 0.537827 0.573431 0.0243137 0.0219935
5 0.49656 0.511373 0.0532843 0.0324837
5 0.564681 0.551332 0.0310294 0.050768
4 0.419502 0.53076 0.0306046 0.0274673
4 0.378358 0.446593 0.0279575 0.0212908
4 0.378881 0.494534 0.0278595 0.0315523
4 0.451389 0.486593 0.0340523 0.0304739
4 0.403856 0.511544 0.0289869 0.026781
4 0.366618 0.467206 0.0303595 0.031634
4 0.400833 0.446446 0.0210131 0.0274346
4 0.463317 0.50808 0.0202614 0.0279575
4 0.397092 0.485114 0.03 0.0356536
4 0.373701 0.521667 0.0264216 0.0264052
4 0.443072 0.534804 0.0288235 0.0354902
4 0.446985 0.46393 0.0289706 0.0253431
4 0.418342 0.455245 0.0292974 0.0309477
4 0.428644 0.504109 0.0366993 0.0329248
4 0.39183 0.463317 0.0285294 0.0272222
4 0.436789 0.425319 0.0205065 0.0274346
4 0.441773 0.449469 0.0208987 0.0201144
4 0.419208 0.549796 0.0276961 0.0184477
4 0.417925 0.486209 0.0215359 0.0312745
4 0.490866 0.491724 0.0172876 0.0195915
4 0.391675 0.538047 0.0289706 0.0326634
4 0.360196 0.490956 0.03 0.0325654
4 0.471136 0.485261 0.0128268 0.0197386
