2 0.687297 0.315821 0.302438 0.187623
2 0.775922 0.219007 0.1955 0.211103
2 0.896719 0.333762 0.06575 0.137083
2 0.725148 0.283468 0.308422 0.267426
2 0.737984 0.0484559 0.172 0.0682353
2 0.794117 0.139216 0.242703 0.19201
2 0.878586 0.475441 0.0872031 0.1525
2 0.886984 0.443468 0.107375 0.17674
2 0.844773 0.54 0.0220469 0.0273039
1 0.247797 0.43011 0.109406 0.216054
1 0.447063 0.632537 0.184531 0.264926
1 0.693305 0.640821 0.158359 0.255564
0 0.345164 0.450123 0.160422 0.240196
0 0.583281 0.82239 0.150906 0.255613
0 0.581055 0.576225 0.165391 0.262941
0 0.429773 0.0624142 0.122141 0.119632
0 0.771422 0.471054 0.163219 0.248529
0 0.697523 0.649792 0.155016 0.270025
0 0.486734 0.183517 0.139469 0.206544
0 0.427328 0.847647 0.183312 0.28049
0 0.48668 0.38723 0.168109 0.252353
0 0.276586 0.673333 0.168203 0.248725
0 0.748969 0.847708 0.182375 0.28924
0 0.62793 0.409167 0.149141 0.223676
0 0.225461 0.250613 0.104734 0.185735
0 0.509656 0.056973 0.083625 0.112819
0 0.357422 0.0332108 0.0353438 0.0664216
0 0.881305 0.690245 0.205203 0.313627
0 0.609898 0.117586 0.146703 0.216495
