2 0.254 0.668625 0.0609688 0.075875
2 0.838477 0.278281 0.0921719 0.0988125
2 0.180633 0.729948 0.177484 0.226312
2 0.332766 0.766448 0.177844 0.220104
2 0.135281 0.586917 0.131187 0.186583
2 0.18807 0.482 0.112297 0.167167
2 0.225313 0.599271 0.0461562 0.0709583
2 0.615219 0.0383333 0.0990625 0.0766667
2 0.705758 0.472823 0.0817344 0.125646
2 0.167906 0.540083 0.120562 0.135167
2 0.445516 0.0521354 0.0592188 0.0378542
2 0.844273 0.420646 0.0611719 0.12775
2 0.232922 0.190906 0.104188 0.0968542
