4 0.68808 0.036869 0.05332 0.0552077
4 0.54851 0.176406 0.07474 0.102077
4 0.52427 0.560112 0.06282 0.0595847
4 0.68984 0.0623323 0.05224 0.0713738
4 0.68234 0.147476 0.06784 0.120703
4 0.53348 0.0486102 0.07688 0.0780511
4 0.68389 0.262252 0.06486 0.118498
4 0.52954 0.380879 0.07932 0.122332
4 0.61862 0.0707508 0.0774 0.117348
4 0.49696 0.300144 0.0446 0.122141
4 0.57417 0.0832109 0.06426 0.125208
4 0.62566 0.45024 0.06284 0.123355
4 0.56141 0.439824 0.07522 0.102332
4 0.61984 0.556613 0.07004 0.0670288
4 0.67429 0.550128 0.06414 0.0764217
4 0.53805 0.298403 0.0587 0.088115
4 0.49122 0.0386901 0.03204 0.0442812
4 0.67145 0.485144 0.06614 0.104409
4 0.665 0.365176 0.0624 0.109776
4 0.49826 0.458546 0.04568 0.114089
4 0.69149 0.435032 0.05018 0.109808
4 0.48806 0.569026 0.02448 0.0435463
4 0.6112 0.275527 0.07524 0.103834
4 0.50142 0.126837 0.05128 0.114121
4 0.60779 0.359249 0.07582 0.11524
