1 0.550609 0.179219 0.0289687 0.0340937
1 0.639547 0.26732 0.0514687 0.0363281
1 0.547008 0.202148 0.0337656 0.0184844
1 0.513539 0.264008 0.0171094 0.0368594
1 0.499031 0.289687 0.0383125 0.0124375
1 0.54418 0.275531 0.0714219 0.0396875
1 0.564977 0.174867 0.0143594 0.0143594
1 0.59207 0.263977 0.0615156 0.0611719
1 0.624852 0.17375 0.0344844 0.0150937
1 0.593859 0.182312 0.0359375 0.0249688
1 0.566391 0.202305 0.0217812 0.0169219
3 0.0581328 0.265641 0.0383594 0.014875
3 0.0892813 0.189695 0.02 0.00923437
3 0.0579453 0.199133 0.0282031 0.0197344
3 0.0789531 0.250898 0.0212812 0.0182031
3 0.0872109 0.131281 0.0245469 0.02225
3 0.0599766 0.224547 0.0368906 0.038
3 0.0338437 0.23982 0.0395313 0.0328281
3 0.0586875 0.127734 0.03025 0.0210313
3 0.085875 0.202953 0.0284687 0.0238438
3 0.0194531 0.26293 0.015875 0.0241406
3 0.482008 0.713805 0.0367656 0.0474219
3 0.471836 0.799312 0.0376406 0.032
3 0.08475 0.176328 0.0284687 0.0238438
3 0.0185312 0.217383 0.02325 0.0199531
3 0.476648 0.758281 0.0407656 0.0464062
3 0.0112812 0.200695 0.0225625 0.0171719
