2 0.5174 0.29694 0.0874933 0.05848
2 0.620533 0.26074 0.121333 0.13164
2 0.343053 0.35385 0.144293 0.14974
2 0.541667 0.22579 0.116027 0.0805
2 0.606187 0.25064 0.11104 0.09616
2 0.427573 0.23201 0.11568 0.06978
2 0.454893 0.26904 0.13736 0.08884
1 0.440333 0.32765 0.0633867 0.04458
1 0.49996 0.09119 0.2212 0.14746
1 0.690333 0.33359 0.12552 0.09922
1 0.476587 0.39876 0.177547 0.12208
1 0.293213 0.31915 0.117413 0.09398
1 0.2258 0.39408 0.115973 0.0506
2 0.563293 0.50778 0.437893 0.15776
2 0.77452 0.48848 0.0769867 0.0956
2 0.527933 0.47365 0.446427 0.11698
0 0.634707 0.37189 0.16504 0.13106
