3 0.616695 0.414477 0.114047 0.10446
3 0.55693 0.492805 0.112922 0.117666
3 0.785289 0.52635 0.106672 0.126463
3 0.528336 0.605026 0.0603906 0.0951045
3 0.709453 0.585836 0.114062 0.127073
3 0.734773 0.384382 0.111891 0.103467
4 0.202102 0.450261 0.101391 0.098885
4 0.222867 0.584782 0.101797 0.128972
4 0.306305 0.545531 0.0915469 0.0893902
4 0.196992 0.536124 0.0791406 0.0993554
4 0.336039 0.618293 0.149891 0.065122
4 0.28443 0.479974 0.110328 0.125523
4 0.187094 0.406341 0.034 0.0273171
4 0.312297 0.366821 0.0720937 0.10277
4 0.248422 0.362003 0.132625 0.1123
2 0.676 0.839477 0.108094 0.0664808
2 0.780328 0.808336 0.158719 0.12601
2 0.602836 0.741437 0.0692656 0.10601
2 0.195414 0.742247 0.109109 0.0949477
2 0.251375 0.75027 0.136563 0.0758014
2 0.69225 0.750784 0.128906 0.137143
2 0.395672 0.715679 0.112 0.0674913
2 0.351672 0.72966 0.0766563 0.0564286
2 0.504586 0.710287 0.143641 0.0854181
2 0.803273 0.719268 0.130078 0.0828571
2 0.642648 0.824094 0.0536406 0.0963763
