5 0.662891 0.746101 0.0459062 0.124848
5 0.719258 0.765785 0.0315469 0.11096
5 0.452055 0.479988 0.0811719 0.160117
5 0.202719 0.582049 0.0090625 0.0333255
5 0.740297 0.775691 0.0117813 0.0497424
5 0.749547 0.580152 0.00721875 0.0423185
5 0.75857 0.638419 0.00882813 0.0403044
5 0.585367 0.765585 0.101766 0.170422
5 0.697437 0.668372 0.0420625 0.162084
5 0.36968 0.261183 0.0430781 0.133841
5 0.510656 0.765515 0.0492187 0.0718735
5 0.218289 0.639028 0.0131406 0.0355738
5 0.530734 0.618782 0.124937 0.279625
