3 0.550969 0.379479 0.0406875 0.0250833
3 0.503375 0.464177 0.0545 0.0513542
3 0.4625 0.418167 0.0355938 0.05075
3 0.487711 0.387052 0.0481406 0.0479375
3 0.545805 0.417917 0.0551719 0.0666667
3 0.482586 0.412083 0.0503594 0.0542917
3 0.543531 0.496552 0.064 0.0573958
3 0.45168 0.465417 0.0510781 0.0474167
3 0.410156 0.400292 0.0558438 0.059875
3 0.471422 0.515667 0.0554687 0.09225
3 0.578367 0.512021 0.0600469 0.0683333
3 0.601609 0.428229 0.0427187 0.0714583
3 0.601039 0.395323 0.0353906 0.0579792
3 0.363516 0.38725 0.0468438 0.0362917
