3 0.591521 0.783597 0.0355833 0.0543611
3 0.779813 0.902444 0.0619167 0.0801111
3 0.260375 0.190042 0.045125 0.0313056
3 0.791562 0.777903 0.0341667 0.0468056
3 0.29501 0.140958 0.0294375 0.0176944
3 0.768333 0.680028 0.0750833 0.0627222
3 0.712677 0.864611 0.0755625 0.0815556
3 0.714333 0.577333 0.044375 0.0459444
3 0.512219 0.783 0.0311458 0.0407222
3 0.449833 0.872 0.0596667 0.0617222
3 0.759042 0.621167 0.0755833 0.0571667
3 0.627302 0.975792 0.0691875 0.0484167
3 0.548198 0.655 0.0417292 0.0346111
3 0.223531 0.191333 0.0183125 0.0351667
3 0.670677 0.740431 0.0536458 0.0448611
3 0.603323 0.572806 0.0373542 0.0365556
3 0.245156 0.207042 0.0454792 0.0338056
3 0.656344 0.798792 0.0581875 0.0634722
3 0.601167 0.639167 0.063375 0.0703333
3 0.222875 0.149097 0.0190417 0.0289722
3 0.748708 0.750958 0.0809583 0.0794722
3 0.690708 0.539569 0.0268333 0.0423611
