0 0.150484 0.712181 0.0169375 0.0228306
0 0.160992 0.707541 0.0112344 0.0210209
0 0.160977 0.634861 0.0124531 0.01529
0 0.184828 0.627216 0.00940625 0.017123
0 0.196359 0.662459 0.00596875 0.0166589
0 0.200453 0.688213 0.0149062 0.0176334
0 0.162656 0.650244 0.014125 0.0178886
0 0.166273 0.728353 0.0165781 0.0174478
0 0.145945 0.69877 0.0124219 0.0205104
0 0.107086 0.717436 0.00967187 0.0133411
0 0.176227 0.69435 0.0161719 0.0153828
0 0.175117 0.677111 0.0161094 0.0209513
0 0.170133 0.62949 0.0143281 0.0210209
0 0.219961 0.688074 0.00864063 0.0151276
0 0.205977 0.643469 0.0107031 0.0115313
0 0.169227 0.702657 0.0148906 0.0163109
0 0.150781 0.681671 0.0110625 0.012065
0 0.164391 0.719153 0.0119375 0.017471
0 0.162711 0.623608 0.0111406 0.0132483
0 0.161406 0.687564 0.010375 0.012065
0 0.189922 0.719965 0.00846875 0.0133411
0 0.113383 0.67826 0.00364063 0.0102552
2 0.239312 0.582436 0.00828125 0.0187007
2 0.213969 0.57551 0.019375 0.0167749
2 0.24507 0.57123 0.0139531 0.0145244
2 0.225016 0.540418 0.0215312 0.0258469
2 0.197281 0.540104 0.0074375 0.0246172
2 0.211422 0.529617 0.00915625 0.0259165
2 0.18768 0.574606 0.0164219 0.045174
2 0.373266 0.521415 0.0146875 0.0146172
2 0.257016 0.549745 0.014 0.0133179
2 0.224297 0.602483 0.0141563 0.0243619
2 0.230375 0.606044 0.0227187 0.0342227
2 0.218594 0.518492 0.00815625 0.0237587
2 0.264266 0.562842 0.0258437 0.0300928
2 0.201477 0.526543 0.00898437 0.0274246
