4 0.215188 0.3 0.004125 0.00483333
4 0.239078 0.2725 0.0085625 0.01075
4 0.230195 0.21249 0.00595313 0.00589583
4 0.209031 0.214948 0.0079375 0.00927083
4 0.277891 0.202615 0.009625 0.0118125
4 0.23675 0.283896 0.007875 0.0107917
4 0.295617 0.23175 0.00495313 0.009
4 0.233398 0.219573 0.00770312 0.0107708
4 0.242898 0.29826 0.00807813 0.00872917
4 0.212945 0.225958 0.00464063 0.00745833
4 0.205273 0.231573 0.00723437 0.00964583
4 0.215094 0.263125 0.00653125 0.00820833
4 0.310961 0.246969 0.00692187 0.00922917
4 0.212781 0.255396 0.0035625 0.005625
4 0.30618 0.223354 0.00345313 0.00666667
4 0.281648 0.235885 0.00545313 0.0089375
4 0.291609 0.235042 0.00753125 0.01025
4 0.236836 0.250927 0.00548437 0.0078125
4 0.278766 0.249365 0.00634375 0.0084375
4 0.240195 0.311083 0.00729687 0.00845833
4 0.227133 0.263844 0.00576562 0.00614583
4 0.272969 0.207177 0.00615625 0.00922917
4 0.280414 0.260615 0.00645312 0.0102708
4 0.239172 0.228042 0.00871875 0.0127083
4 0.289391 0.279552 0.00759375 0.00847917
4 0.302086 0.282083 0.00695313 0.00991667
