5 0.653008 0.784528 0.137047 0.180722
5 0.308672 0.169264 0.0754688 0.0751944
5 0.696875 0.682347 0.1425 0.186083
5 0.629602 0.637806 0.0539844 0.174167
5 0.683672 0.231542 0.07975 0.116083
5 0.238234 0.453903 0.05675 0.136528
5 0.384531 0.122361 0.0903125 0.122778
5 0.843445 0.276986 0.121828 0.226861
5 0.44157 0.0769722 0.133703 0.118833
5 0.233602 0.318194 0.115016 0.122667
5 0.183141 0.251639 0.0973125 0.115
5 0.506047 0.08225 0.0643125 0.149389
2 0.42975 0.162083 0.124094 0.0868333
2 0.762727 0.696639 0.126172 0.233
2 0.500148 0.281625 0.0502656 0.115472
2 0.888961 0.671694 0.163016 0.172
2 0.54775 0.396764 0.0902188 0.235639
2 0.570195 0.192139 0.119047 0.176278
2 0.355531 0.227819 0.139063 0.0919167
2 0.15443 0.391472 0.0628281 0.202278
2 0.585039 0.0881944 0.117391 0.0931667
2 0.807469 0.375333 0.0985625 0.0781667
4 0.715453 0.447403 0.0871875 0.10875
4 0.282156 0.536792 0.0886563 0.102694
4 0.803445 0.513292 0.0666719 0.140583
4 0.534906 0.584694 0.0789062 0.165944
4 0.58175 0.579472 0.0512813 0.143
4 0.170109 0.583819 0.101813 0.198639
4 0.339914 0.665278 0.0713906 0.163556
