2 0.81945 0.811492 0.0762049 0.110016
2 0.948131 0.834328 0.0788046 0.049
2 0.558985 0.730352 0.202372 0.132672
2 0.688273 0.914906 0.123681 0.0612812
2 0.559478 0.82557 0.202448 0.166641
2 0.306708 0.963734 0.0864326 0.0725313
2 0.649345 0.947438 0.120968 0.0808125
2 0.617505 0.982305 0.0517078 0.0353906
2 0.794934 0.73993 0.182163 0.112891
2 0.948444 0.765227 0.097723 0.102141
2 0.972078 0.820445 0.0558444 0.0376094
2 0.70056 0.802562 0.0947818 0.103594
2 0.43649 0.897133 0.199241 0.147297
2 0.503027 0.859195 0.175693 0.124703
2 0.585256 0.937312 0.111006 0.0558438
2 0.643928 0.830766 0.104061 0.145656
2 0.85851 0.703836 0.0928083 0.132703
2 0.660825 0.822828 0.0974383 0.112281
2 0.87833 0.824867 0.0666793 0.0610156
2 0.528605 0.761055 0.195693 0.145734
2 0.470057 0.792375 0.167666 0.135125
2 0.68777 0.745813 0.123359 0.105375
2 0.756509 0.783898 0.0881594 0.134266
2 0.919222 0.811703 0.0903985 0.0508438
2 0.0998197 0.973406 0.0888615 0.0483438
2 0.723634 0.819711 0.143017 0.153922
2 0.779127 0.841141 0.0836812 0.0812187
2 0.751803 0.678352 0.134611 0.101297
2 0.246831 0.971695 0.0903985 0.0566094
2 0.869393 0.753156 0.105123 0.093375
2 0.824962 0.880297 0.0659013 0.054875
2 0.525683 0.98 0.0560721 0.04
2 0.94982 0.74043 0.100095 0.0943906
2 0.796063 0.66932 0.104573 0.0971719
2 0.363188 0.900219 0.190247 0.119531
2 0.868975 0.860641 0.049222 0.0284687
2 0.910095 0.850359 0.0512713 0.0380937
2 0.572524 0.973594 0.0788235 0.0528125
2 0.455664 0.959828 0.114326 0.0798438
2 0.0443074 0.994641 0.0441366 0.0107188
2 0.762761 0.88943 0.0963757 0.0682031
2 0.0283871 0.987227 0.0567742 0.0255469
2 0.365285 0.97482 0.0448008 0.0464219
2 0.0814042 0.928789 0.0576471 0.0387656
2 0.175209 0.965641 0.0847249 0.0625625
2 0.376262 0.948813 0.157647 0.099375
2 0.0863378 0.921789 0.0565844 0.0392969
