3 0.807609 0.589208 0.0630938 0.144125
3 0.599523 0.730167 0.0717031 0.1
3 0.305102 0.627271 0.0977344 0.0820833
3 0.0941094 0.278083 0.166813 0.122583
3 0.678141 0.07575 0.168656 0.115625
3 0.409984 0.558531 0.0675 0.105729
3 0.270758 0.396875 0.107359 0.127833
3 0.0418594 0.60975 0.0837187 0.0717083
3 0.435266 0.128375 0.0890625 0.13225
3 0.291414 0.514729 0.150953 0.0844167
3 0.134531 0.687729 0.105656 0.109583
3 0.980266 0.481438 0.0394688 0.0820417
3 0.327148 0.263927 0.131297 0.108979
3 0.0757422 0.745583 0.145016 0.130875
3 0.63893 0.367438 0.0937969 0.0729167
3 0.548859 0.548729 0.138781 0.132833
3 0.58575 0.124688 0.0984688 0.09
3 0.0304219 0.518719 0.0608437 0.117104
3 0.374625 0.172135 0.0765625 0.150313
