2 0.519023 0.131417 0.0803281 0.151278
2 0.446758 0.119944 0.0840781 0.134667
2 0.449945 0.335819 0.0830469 0.0833611
2 0.515305 0.224917 0.104516 0.175278
2 0.25732 0.391222 0.0861094 0.171778
2 0.325578 0.359931 0.107781 0.135139
2 0.455969 0.429597 0.0638438 0.120528
2 0.353773 0.482917 0.118141 0.173444
2 0.348516 0.174194 0.0942187 0.155444
2 0.315719 0.275292 0.0950312 0.0936389
2 0.253109 0.548042 0.0939375 0.194861
2 0.487664 0.397847 0.0425469 0.0970833
2 0.362078 0.0979028 0.0850937 0.0756389
2 0.278336 0.172417 0.0815781 0.138056
2 0.579586 0.0879722 0.170547 0.1705
