4 0.676266 0.67178 0.0259062 0.0376581
4 0.65793 0.804075 0.0215156 0.0282436
4 0.595523 0.133044 0.0265781 0.0410304
4 0.639195 0.0864169 0.0163594 0.0199063
4 0.629578 0.706311 0.0225312 0.0314052
4 0.136609 0.157049 0.0302187 0.0420141
4 0.220102 0.144286 0.0208594 0.0320375
4 0.630453 0.910843 0.029875 0.0381733
4 0.600203 0.732822 0.0201563 0.0338407
4 0.196602 0.150281 0.0260781 0.0419204
4 0.705109 0.0739696 0.018875 0.0296253
4 0.70543 0.731803 0.0229844 0.0393911
4 0.615859 0.158724 0.02275 0.0312178
4 0.705078 0.125129 0.0244375 0.0338642
4 0.196211 0.212096 0.0270156 0.0388525
4 0.696047 0.689836 0.018125 0.0297424
4 0.618359 0.0908782 0.0199063 0.0164169
4 0.583977 0.765632 0.0310781 0.0399297
4 0.150664 0.15404 0.0152031 0.0259251
4 0.622867 0.799215 0.0243594 0.0354801
4 0.666656 0.0452927 0.0213438 0.0331148
4 0.687664 0.19959 0.0336719 0.0440515
4 0.648727 0.868677 0.0247656 0.0394145
4 0.642352 0.170714 0.0260156 0.0356674
4 0.580891 0.066897 0.0240313 0.0373536
4 0.147422 0.253841 0.0203438 0.0274473
4 0.134352 0.228384 0.0266406 0.0361593
4 0.710922 0.695902 0.0260625 0.038548
4 0.210687 0.179672 0.0254375 0.0414052
4 0.643078 0.688513 0.0215312 0.0322951
4 0.625266 0.762365 0.025375 0.0401405
4 0.687047 0.62466 0.021375 0.0323185
4 0.188367 0.0930796 0.0135781 0.02274
4 0.602875 0.689965 0.0234375 0.0338876
4 0.595781 0.784614 0.0205938 0.0269789
4 0.671617 0.166663 0.0169219 0.0266745
4 0.122195 0.249344 0.0220156 0.0306792
4 0.169195 0.154906 0.0206094 0.0312646
4 0.692953 0.063911 0.0216875 0.0329274
4 0.248625 0.165258 0.0170937 0.0279391
4 0.183711 0.174286 0.0303906 0.0389227
4 0.601109 0.916335 0.0254688 0.0392272
4 0.162687 0.21137 0.0211562 0.0333255
4 0.165867 0.108185 0.00682812 0.00976581
4 0.246227 0.197436 0.0182969 0.0297658
4 0.612547 0.131663 0.0170937 0.0259016
4 0.712664 0.0882084 0.0128281 0.0166979
4 0.643031 0.743443 0.0189687 0.0331148
4 0.698617 0.657951 0.0234219 0.0359016
4 0.600805 0.0687002 0.0186094 0.026815
4 0.687078 0.712096 0.0211875 0.0384778
4 0.610203 0.108981 0.0184687 0.0251288
4 0.681922 0.143091 0.0195625 0.0276815
4 0.669898 0.703513 0.0179844 0.0286183
4 0.127031 0.185222 0.0210313 0.0312881
4 0.672047 0.113888 0.0258125 0.0394848
4 0.574125 0.0925644 0.02 0.0277049
4 0.641516 0.817108 0.0280313 0.0418033
4 0.207703 0.112881 0.0175 0.024356
4 0.687477 0.104286 0.0152031 0.0242155
4 0.671211 0.0826698 0.0186406 0.0248712
4 0.162156 0.180293 0.0235 0.0347307
4 0.597133 0.890386 0.0220469 0.0307494
4 0.598727 0.83877 0.0203906 0.0319672
4 0.580039 0.875808 0.0319219 0.044637
4 0.653508 0.101288 0.0148281 0.0277283
4 0.659258 0.0626112 0.0236719 0.0322014
4 0.66075 0.83 0.0226875 0.0343794
4 0.658031 0.769368 0.0256563 0.041171
4 0.25393 0.126581 0.0169219 0.0238407
4 0.701219 0.181417 0.01675 0.0261593
4 0.689219 0.164356 0.0191562 0.0281967
4 0.658453 0.147436 0.0261562 0.0364169
4 0.636742 0.124274 0.0263281 0.0366042
4 0.628563 0.151604 0.0210625 0.0312646
4 0.235391 0.173665 0.0128125 0.0285012
4 0.176531 0.12404 0.023625 0.0368384
4 0.226289 0.219426 0.0214844 0.0323888
4 0.723227 0.143548 0.0269844 0.0330913
4 0.603055 0.863232 0.0212031 0.0325527
4 0.610938 0.741792 0.0150937 0.0272834
4 0.168852 0.243618 0.0244844 0.0353864
