4 0.39593 0.756593 0.0587969 0.0726698
4 0.40882 0.563361 0.0371719 0.0780562
4 0.248383 0.611124 0.0557969 0.0689461
4 0.321172 0.590047 0.0345312 0.0502576
4 0.324219 0.64445 0.0290625 0.0659016
4 0.368203 0.637354 0.0658438 0.0796253
4 0.439016 0.652061 0.0703438 0.0703513
4 0.233016 0.707857 0.0311563 0.0539813
4 0.296625 0.531581 0.0593125 0.0705152
4 0.494906 0.563852 0.05675 0.0764169
4 0.449891 0.727436 0.0559687 0.0924356
4 0.280047 0.589379 0.04975 0.0598829
4 0.49468 0.494403 0.0641094 0.075644
4 0.292305 0.654532 0.0434219 0.0684543
4 0.631609 0.51192 0.058625 0.0622951
4 0.572633 0.593326 0.0630781 0.0907728
4 0.275539 0.724988 0.0342344 0.0459485
4 0.18843 0.652108 0.0310469 0.0428571
4 0.540844 0.495129 0.0439375 0.0543794
4 0.544258 0.605691 0.0559219 0.0902108
4 0.539672 0.661464 0.0596563 0.031733
4 0.271625 0.566077 0.0531563 0.0341218
4 0.340656 0.662564 0.0250937 0.0347307
4 0.436648 0.570773 0.0347031 0.0820609
4 0.37657 0.554415 0.0351406 0.0558548
4 0.249758 0.746066 0.0283906 0.0493208
4 0.373281 0.499906 0.04475 0.0604215
4 0.582445 0.553642 0.0481094 0.0702342
4 0.187891 0.700269 0.0509375 0.0578689
4 0.334445 0.494133 0.0449531 0.0696721
4 0.337609 0.54555 0.0399062 0.0553162
4 0.494234 0.625445 0.052625 0.0764169
4 0.19975 0.743478 0.0287813 0.046534
4 0.228922 0.750855 0.0394688 0.0465808
4 0.219781 0.649204 0.0518125 0.0641686
4 0.368961 0.477084 0.0256719 0.025082
4 0.475633 0.666792 0.0266719 0.0535831
4 0.456227 0.522564 0.0394844 0.0651288
4 0.410836 0.517623 0.0418906 0.0392272
4 0.536867 0.534801 0.0477344 0.0474941
4 0.253789 0.676487 0.0426406 0.0697892
4 0.422859 0.633185 0.050125 0.0762998
4 0.334062 0.721101 0.0610625 0.089274
4 0.307836 0.697611 0.0327969 0.0571429
4 0.378438 0.60267 0.0357188 0.0240281
4 0.357383 0.59007 0.0435781 0.0540984
4 0.375242 0.708068 0.0642656 0.09
1 0.0288672 0.724005 0.0577344 0.163372
1 0.67518 0.420773 0.142141 0.201358
1 0.420336 0.441077 0.103422 0.123607
1 0.0281484 0.644133 0.0558906 0.0539344
1 0.570227 0.418618 0.117859 0.184824
1 0.326258 0.487365 0.0793594 0.060726
1 0.198609 0.609169 0.0527813 0.0492037
1 0.116055 0.692084 0.129953 0.151475
1 0.633016 0.290281 0.121406 0.136347
1 0.110188 0.630234 0.119938 0.0826698
1 0.0382734 0.611815 0.0756094 0.0332319
1 0.516766 0.378817 0.112813 0.178478
1 0.217398 0.564403 0.125203 0.124403
1 0.124094 0.556288 0.111281 0.0992272
0 0.674672 0.903747 0.271406 0.192506
0 0.898586 0.958337 0.202828 0.0833255
0 0.542281 0.833899 0.229937 0.332201
