2 0.763435 0.666328 0.472282 0.310688
2 0.963271 0.202977 0.0734588 0.0597031
2 0.226918 0.178055 0.205506 0.0736406
2 0.145871 0.928406 0.122047 0.143187
2 0.0463294 0.933375 0.0915294 0.12975
2 0.762247 0.149922 0.0737176 0.0454062
2 0.386953 0.918258 0.306941 0.163484
2 0.317894 0.699156 0.618894 0.482531
2 0.726988 0.20618 0.0493647 0.0692031
2 0.669529 0.213727 0.0873412 0.0594844
2 0.485753 0.643672 0.776306 0.400656
2 0.348129 0.531867 0.390659 0.243141
2 0.774753 0.193055 0.0553412 0.0462031
2 0.931565 0.198289 0.108824 0.0738906
2 0.992035 0.610492 0.0157882 0.0864219
2 0.299965 0.195156 0.0716941 0.0398125
2 0.756776 0.337719 0.1784 0.33625
2 0.498553 0.57725 0.0868 0.148844
2 0.878165 0.126789 0.243671 0.0610469
2 0.454306 0.186383 0.0824941 0.0570469
2 0.960118 0.164711 0.0797647 0.0553594
2 0.110671 0.512375 0.0465176 0.104531
2 0.265929 0.923609 0.224 0.152781
2 0.857976 0.931734 0.279765 0.133563
2 0.683129 0.599281 0.239341 0.186156
2 0.848882 0.210102 0.0716 0.0566406
2 0.726035 0.920047 0.501812 0.159906
2 0.980824 0.976953 0.0383529 0.0460938
2 0.7842 0.133414 0.158094 0.0708906
2 0.356047 0.192969 0.0551529 0.0434688
2 0.401976 0.194008 0.0418353 0.0413281
2 0.5314 0.212242 0.223224 0.182734
