2 0.207281 0.731047 0.0652708 0.0228125
2 0.28899 0.725672 0.0629792 0.0323437
2 0.417313 0.659555 0.050375 0.0268281
2 0.420229 0.702594 0.0923333 0.0240938
2 0.159833 0.742477 0.028625 0.00914062
2 0.244562 0.713695 0.0584167 0.0322656
2 0.423656 0.683133 0.104562 0.0235781
2 0.412802 0.739516 0.0256875 0.0166875
2 0.341885 0.709625 0.0796875 0.0230312
2 0.43824 0.718383 0.0789375 0.0271094
2 0.408115 0.757422 0.0349792 0.0196563
2 0.267615 0.704195 0.0698125 0.0277031
2 0.257573 0.736547 0.0487292 0.0190625
2 0.377562 0.713086 0.0574583 0.0442656
2 0.410083 0.771531 0.0242917 0.0300312
2 0.478292 0.673484 0.123958 0.0152812
2 0.335042 0.732828 0.082 0.0268437
2 0.18324 0.725766 0.0562292 0.0214375
1 0.264406 0.756914 0.0687292 0.0271719
1 0.325781 0.772766 0.0477292 0.03875
1 0.344573 0.785469 0.0345625 0.0140313
1 0.197104 0.775328 0.0434583 0.0264375
1 0.224104 0.76782 0.03125 0.0150781
1 0.333333 0.546648 0.0212083 0.0107656
1 0.436323 0.839516 0.0106042 0.015375
1 0.299229 0.78543 0.0213333 0.0137969
1 0.544042 0.836148 0.027375 0.0115469
1 0.281448 0.402687 0.0345625 0.0211562
1 0.454156 0.862445 0.0128125 0.0144219
1 0.16749 0.787359 0.0521875 0.015875
1 0.253625 0.777523 0.0374583 0.0307969
1 0.190313 0.79093 0.0295417 0.00679687
1 0.287448 0.773016 0.0373125 0.0254063
1 0.445781 0.851664 0.0153125 0.0197031
1 0.5125 0.836453 0.046875 0.0125625
1 0.166167 0.770781 0.0354167 0.0157813
1 0.233073 0.774492 0.0207292 0.0133281
1 0.428531 0.828703 0.0109375 0.014125
1 0.351937 0.550141 0.0164583 0.00565625
1 0.227229 0.781766 0.02725 0.0098125
1 0.307302 0.754414 0.0229375 0.0112969
1 0.297979 0.549977 0.02325 0.00692187
1 0.127281 0.780625 0.0220625 0.0125625
1 0.640156 0.836102 0.0342708 0.0111094
1 0.68 0.836891 0.0494167 0.0133125
1 0.589469 0.836016 0.0698125 0.0123125
1 0.353688 0.76475 0.0254583 0.0305312
1 0.314833 0.550914 0.0126667 0.00410938
1 0.285 0.790898 0.0422083 0.00667187
1 0.365271 0.78025 0.03625 0.0225625
