0 0.0761641 0.509 0.0874219 0.105542
0 0.244695 0.673708 0.102328 0.131792
0 0.251867 0.362594 0.0815469 0.0995625
0 0.176195 0.363677 0.0787344 0.0946458
0 0.297836 0.163479 0.0667031 0.0953333
0 0.149805 0.217031 0.0730781 0.0832292
0 0.0978359 0.17724 0.0732656 0.102479
0 0.17382 0.609531 0.0936094 0.138354
0 0.180484 0.289469 0.0739375 0.0878542
0 0.16707 0.772948 0.108953 0.131896
0 0.278406 0.223583 0.0692187 0.090875
0 0.166992 0.144594 0.0693281 0.0823958
0 0.248383 0.59 0.0645156 0.0544167
0 0.273281 0.779615 0.104344 0.136104
0 0.160867 0.435573 0.0749844 0.0853542
0 0.0138594 0.767146 0.0277187 0.126792
0 0.235 0.43574 0.0823438 0.0888542
0 0.0379609 0.351115 0.0743906 0.0941875
0 0.183383 0.511698 0.0926406 0.114812
0 0.0698047 0.238021 0.0792969 0.0875417
0 0.029125 0.455625 0.05825 0.104
0 0.0205703 0.541042 0.0411406 0.0989167
0 0.0736172 0.762615 0.107359 0.129896
0 0.0822734 0.643417 0.0966094 0.124667
0 0.140531 0.695594 0.059375 0.0480625
0 0.0526328 0.888698 0.105266 0.135979
0 0.0226797 0.164292 0.0453594 0.06925
0 0.22575 0.986479 0.0836875 0.0270417
0 0.121586 0.977083 0.105641 0.0458333
0 0.250719 0.291323 0.0730313 0.0818125
0 0.0183594 0.646417 0.0367188 0.124042
0 0.0196484 0.238437 0.0392969 0.0950417
0 0.147867 0.899698 0.116984 0.137313
0 0.250289 0.908115 0.102922 0.142771
0 0.115859 0.276094 0.0754062 0.0804375
0 0.20768 0.819719 0.0662031 0.105938
0 0.212844 0.232781 0.0719063 0.0947708
0 0.371469 0.786885 0.0977813 0.127979
0 0.205516 0.719979 0.0529375 0.0937083
0 0.234102 0.167708 0.0676094 0.08
0 0.127805 0.596406 0.0150156 0.0358958
0 0.00821875 0.297281 0.0153437 0.0667292
0 0.121242 0.830333 0.0352031 0.0408333
0 0.128023 0.526833 0.0421719 0.104667
0 0.345773 0.911583 0.0967656 0.130625
0 0.0728828 0.598656 0.0889531 0.0860208
0 0.0368984 0.976354 0.0737969 0.0472917
0 0.0905312 0.423417 0.0814062 0.0953333
0 0.250984 0.518219 0.0597188 0.0978958
0 0.0374453 0.71101 0.0412031 0.0664792
0 0.10975 0.348771 0.0803438 0.096
2 0.680852 0.787615 0.109609 0.129688
2 0.529258 0.22449 0.0395781 0.0960625
2 0.654766 0.186698 0.0649062 0.0746875
2 0.723484 0.41124 0.0878437 0.0951458
2 0.702 0.3405 0.0923438 0.0980833
2 0.553398 0.178667 0.0633906 0.0656667
2 0.408883 0.237635 0.0587031 0.0711875
2 0.486711 0.394906 0.0345156 0.0691458
2 0.634031 0.896729 0.101969 0.139542
2 0.583828 0.446146 0.0264375 0.0845417
2 0.803211 0.975385 0.108047 0.0492292
2 0.443383 0.305094 0.0771719 0.0983125
2 0.470547 0.794771 0.110906 0.12475
2 0.463516 0.573802 0.0880937 0.155229
2 0.424672 0.85874 0.106313 0.128062
2 0.412141 0.950958 0.0756563 0.0965
2 0.731023 0.898604 0.106016 0.133625
2 0.541953 0.906917 0.104906 0.162833
2 0.40632 0.11301 0.0648906 0.0879375
2 0.633961 0.49526 0.0916094 0.111854
2 0.740672 0.594635 0.103813 0.110729
2 0.544562 0.504667 0.0950938 0.113917
2 0.579578 0.989531 0.0938125 0.0209375
2 0.529328 0.331979 0.0907813 0.0863333
2 0.692078 0.970521 0.113844 0.0589583
2 0.558688 0.259052 0.0780625 0.105646
2 0.362398 0.391677 0.0823906 0.0888958
2 0.617844 0.69026 0.102438 0.135146
2 0.462992 0.976365 0.0983906 0.0458542
2 0.653563 0.598115 0.0891875 0.112479
2 0.539906 0.401677 0.0849688 0.115062
2 0.501906 0.952583 0.0798125 0.0948333
2 0.61007 0.268917 0.0300469 0.048125
2 0.46357 0.24876 0.101453 0.0914792
2 0.52493 0.689656 0.0997344 0.117896
2 0.834023 0.903448 0.109703 0.133604
2 0.366531 0.312865 0.07875 0.0962292
2 0.495117 0.172125 0.0646094 0.0891667
2 0.307773 0.286552 0.0500469 0.0519792
2 0.397727 0.302781 0.0292344 0.0678542
2 0.337562 0.204219 0.0556875 0.0328958
2 0.338367 0.243365 0.0980781 0.0929375
2 0.618695 0.334802 0.0819531 0.0940625
2 0.501969 0.446437 0.019625 0.0364583
2 0.606219 0.216958 0.0585 0.0625417
2 0.563398 0.614375 0.0928281 0.117375
2 0.726656 0.698875 0.124906 0.122542
2 0.31068 0.353854 0.0584844 0.0994583
2 0.430172 0.38524 0.0953125 0.111021
2 0.725594 0.502469 0.0881875 0.106188
2 0.301375 0.60951 0.0545 0.0964375
2 0.392391 0.716812 0.0280938 0.044625
2 0.414023 0.466344 0.0186094 0.0829375
2 0.636477 0.416865 0.0999531 0.0901458
2 0.670188 0.372594 0.0361563 0.0465625
2 0.363961 0.481625 0.105297 0.107083
2 0.505164 0.287531 0.0497344 0.0329792
2 0.511117 0.619458 0.0279219 0.02425
2 0.594852 0.55701 0.0439531 0.0669792
2 0.675672 0.534187 0.033125 0.0676667
2 0.371688 0.786417 0.0989688 0.128917
2 0.798102 0.788125 0.116641 0.125542
2 0.358539 0.580698 0.100734 0.118521
2 0.458172 0.465458 0.0862813 0.117375
2 0.587109 0.37751 0.0339375 0.0656458
2 0.654898 0.27226 0.0907969 0.105396
2 0.346547 0.91249 0.0968437 0.131104
2 0.326594 0.683177 0.125656 0.128521
2 0.39982 0.643708 0.0502969 0.0804167
2 0.307578 0.429615 0.0659062 0.0944792
2 0.681344 0.454958 0.0345 0.0504167
2 0.363727 0.173927 0.0677656 0.0874375
2 0.349656 0.987917 0.0840313 0.0219167
2 0.310312 0.516031 0.064875 0.0937708
2 0.432062 0.185594 0.0696875 0.0790208
2 0.57525 0.795865 0.1095 0.131688
2 0.416203 0.55676 0.0566562 0.101688
2 0.479641 0.334854 0.0346562 0.0665
1 0.819688 0.22349 0.0819062 0.0853958
1 0.728195 0.167615 0.0951406 0.111604
1 0.96707 0.160958 0.0658594 0.0865417
1 0.776086 0.412146 0.0668281 0.108583
1 0.923297 0.826177 0.137125 0.180063
1 0.956234 0.455927 0.0875313 0.128646
1 0.749008 0.25124 0.0876094 0.0975208
1 0.905859 0.216667 0.0908125 0.0657083
1 0.805203 0.620146 0.0625 0.127042
1 0.957937 0.293865 0.0200625 0.0387292
1 0.972539 0.232917 0.0549219 0.0983333
1 0.89793 0.141156 0.0864219 0.111896
1 0.825336 0.313594 0.105234 0.123979
1 0.935133 0.362073 0.0999531 0.130062
1 0.985953 0.806688 0.0280938 0.13475
1 0.952555 0.944854 0.0948906 0.110292
1 0.788203 0.509052 0.064 0.0992708
1 0.868328 0.546833 0.122938 0.136625
1 0.981234 0.299885 0.0375313 0.0848958
1 0.814734 0.14899 0.0837813 0.113271
1 0.902148 0.262594 0.0997031 0.142687
1 0.848492 0.429479 0.115109 0.137542
1 0.760445 0.325448 0.0579531 0.0780625
1 0.798383 0.708125 0.0433906 0.0570417
1 0.915937 0.49774 0.0520625 0.0825625
1 0.911375 0.74499 0.119375 0.0968958
1 0.962094 0.571583 0.0758125 0.122417
1 0.977664 0.753594 0.0155156 0.0233958
1 0.877109 0.974281 0.0598437 0.0514375
1 0.971383 0.677687 0.0557969 0.13975
1 0.877203 0.676719 0.140187 0.165896
