3 0.494055 0.516 0.0277031 0.047625
3 0.123617 0.539438 0.0996406 0.072
3 0.719227 0.301635 0.0702344 0.0960208
3 0.764109 0.66276 0.105438 0.142563
3 0.573305 0.473531 0.116672 0.0702292
3 0.684656 0.453875 0.088 0.074125
3 0.296125 0.34799 0.0442188 0.0435208
3 0.851125 0.384646 0.0445313 0.0424167
3 0.164172 0.7045 0.0781875 0.0666667
3 0.627188 0.386562 0.0851875 0.0569167
3 0.744313 0.575448 0.0655625 0.101479
3 0.276484 0.541562 0.0801562 0.0505833
3 0.292484 0.727438 0.0609688 0.0379583
3 0.526594 0.305813 0.105187 0.073
3 0.391516 0.320927 0.0354688 0.0408958
3 0.337891 0.511594 0.175531 0.134812
3 0.907 0.440896 0.0661562 0.0520417
3 0.670117 0.266729 0.0517969 0.048875
