1 0.64922 0.576821 0.24328 0.364507
1 0.95138 0.747478 0.09608 0.248806
1 0.75854 0.485731 0.19956 0.311284
1 0.73943 0.782448 0.08954 0.229373
1 0.85194 0.723179 0.22944 0.338776
1 0.49348 0.768343 0.23836 0.328806
1 0.61355 0.872209 0.2685 0.255582
1 0.97122 0.635254 0.05756 0.206866
2 0.30829 0.505433 0.45622 0.55403
2 0.21568 0.572269 0.42636 0.731522
2 0.10193 0.784015 0.20386 0.294776
5 0.31818 0.27194 0.2544 0.489373
5 0.7027 0.328522 0.13048 0.131254
5 0.45162 0.458224 0.18412 0.235612
5 0.91202 0.443358 0.13648 0.294119
5 0.50398 0.307164 0.16548 0.298388
