2 0.849422 0.680094 0.214406 0.464021
5 0.435914 0.566438 0.0667656 0.0652917
5 0.495469 0.536792 0.0659687 0.0915417
5 0.567406 0.570448 0.088375 0.0895208
5 0.503164 0.424635 0.0434844 0.0602292
5 0.568258 0.462906 0.0672656 0.0828958
5 0.47643 0.61501 0.0514531 0.0812292
5 0.508641 0.471792 0.0575 0.0820417
5 0.579492 0.649917 0.0623906 0.0937917
5 0.54175 0.420219 0.0523125 0.0833958
5 0.522328 0.627208 0.0579687 0.1075
5 0.56175 0.630771 0.0350937 0.034125
5 0.584656 0.507885 0.0557813 0.0581042
