2 0.85393 0.575106 0.274047 0.34162
0 0.240734 0.815892 0.364 0.211878
0 0.670687 0.701984 0.109563 0.109742
0 0.529023 0.640505 0.0969531 0.144812
0 0.61582 0.483192 0.219078 0.261408
0 0.727062 0.660552 0.127125 0.124718
0 0.416336 0.604589 0.0507969 0.109225
0 0.605102 0.682453 0.0910781 0.154437
0 0.389828 0.698779 0.0786563 0.153052
0 0.66543 0.633685 0.119828 0.134554
0 0.475969 0.573357 0.129094 0.207653
0 0.426711 0.504671 0.0552656 0.0680751
0 0.0139141 0.702793 0.0278281 0.105681
0 0.380891 0.57534 0.043 0.0921362
