3 0.08398 0.7548 0.0294 0.0286933
3 0.08624 0.799347 0.01064 0.0182667
3 0.05727 0.75812 0.02974 0.0225867
3 0.10205 0.745213 0.01838 0.0144267
3 0.08578 0.777427 0.02532 0.0334133
3 0.0318 0.749947 0.01996 0.0120533
2 0.39155 0.64644 0.01666 0.01256
2 0.62101 0.92576 0.0283 0.0432533
2 0.60193 0.972573 0.02314 0.0288267
2 0.40667 0.88512 0.02118 0.0684267
2 0.46434 0.49228 0.01124 0.01544
2 0.32557 0.666667 0.01478 0.0154133
2 0.32009 0.655307 0.04102 0.02272
2 0.4345 0.519053 0.01816 0.014
2 0.45129 0.607653 0.02378 0.0144533
2 0.54374 0.893253 0.00476 0.0151467
2 0.91406 0.68996 0.0106 0.0243467
2 0.32102 0.639013 0.03584 0.0192
2 0.47146 0.87784 0.02428 0.0339733
2 0.3908 0.762787 0.02568 0.0164
2 0.42714 0.96284 0.02164 0.07432
2 0.45086 0.558547 0.01528 0.0195467
2 0.4374 0.498413 0.02184 0.0204533
2 0.37013 0.730573 0.02066 0.0452
2 0.52887 0.85776 0.02306 0.0237333
2 0.46232 0.582493 0.02868 0.0167733
2 0.36285 0.620947 0.02646 0.0209333
2 0.47599 0.8318 0.01606 0.0297867
2 0.34394 0.670733 0.02652 0.0249867
2 0.39356 0.63312 0.02496 0.0154133
2 0.39839 0.73532 0.01694 0.0170933
2 0.61371 0.915173 0.01682 0.0299733
2 0.63078 0.953787 0.01472 0.0196267
2 0.90168 0.72436 0.01112 0.0470133
2 0.44467 0.967773 0.01818 0.0644533
2 0.39492 0.863213 0.01372 0.04744
2 0.36563 0.60468 0.03286 0.0160267
2 0.39181 0.901093 0.04234 0.0650133
2 0.43464 0.88316 0.05028 0.0911733
2 0.46645 0.572613 0.02882 0.01984
2 0.47275 0.940453 0.03006 0.0178133
2 0.50094 0.84084 0.00884 0.0353867
2 0.37369 0.65776 0.03302 0.01888
2 0.34541 0.659747 0.02934 0.0223733
2 0.48174 0.9524 0.018 0.0165333
2 0.87463 0.704307 0.01074 0.0478667
2 0.35269 0.612147 0.02546 0.0257333
2 0.4749 0.52568 0.016 0.0110933
2 0.47944 0.917373 0.01768 0.0154933
2 0.45148 0.629653 0.02032 0.0167467
