2 0.841164 0.190115 0.0587656 0.0542708
2 0.801195 0.381635 0.0608594 0.0970625
2 0.756898 0.254677 0.0536719 0.0836875
2 0.81543 0.262698 0.0521719 0.0712708
2 0.779391 0.197854 0.0555937 0.0780833
2 0.845422 0.158208 0.0410625 0.0349167
2 0.705758 0.253208 0.0544219 0.064875
2 0.685859 0.232094 0.0311563 0.0425625
2 0.665563 0.310708 0.0460313 0.0743333
2 0.744969 0.379104 0.057625 0.0809583
2 0.801344 0.226031 0.049375 0.0682708
2 0.781359 0.303042 0.0593125 0.093875
2 0.63375 0.373146 0.053875 0.0747083
2 0.687219 0.375802 0.0598437 0.0630208
2 0.728773 0.223083 0.0559531 0.0684583
2 0.728453 0.312573 0.0386562 0.0707708
2 0.774523 0.160521 0.0567344 0.0528333
2 0.66218 0.215875 0.0269219 0.0338333
2 0.66057 0.269437 0.0451406 0.0575417
2 0.728328 0.182427 0.0359688 0.0325625
