2 0.561289 0.954937 0.0943594 0.0784167
2 0.552016 0.857688 0.0570625 0.099625
2 0.792914 0.834104 0.0653906 0.0873333
2 0.699187 0.839635 0.0816875 0.0788125
2 0.755805 0.952042 0.0907344 0.0936667
2 0.73643 0.875208 0.0757344 0.0935833
2 0.282273 0.461448 0.0528281 0.0542292
2 0.853164 0.83599 0.0568281 0.0956042
2 0.608563 0.899021 0.0806562 0.099625
2 0.674641 0.913896 0.083625 0.0794583
2 0.660852 0.961021 0.0828906 0.0779583
2 0.361109 0.431365 0.0549687 0.0406875
2 0.332914 0.543406 0.0594219 0.0502708
2 0.75257 0.809156 0.0517344 0.0930625
2 0.623031 0.845104 0.0907188 0.0596667
2 0.350734 0.507406 0.044875 0.0535625
2 0.813875 0.904312 0.0854375 0.0752917
2 0.268711 0.50949 0.0509531 0.0553958
