5 0.564758 0.729555 0.0165781 0.0383138
5 0.466234 0.761124 0.0183437 0.0305386
5 0.477336 0.8813 0.0272344 0.0328103
5 0.425766 0.539789 0.0332812 0.0257143
5 0.228562 0.727377 0.038625 0.0762061
5 0.473477 0.419379 0.0368281 0.0500937
5 0.372555 0.828185 0.0445469 0.0618033
5 0.587289 0.792506 0.0424219 0.0870258
5 0.506625 0.532037 0.0295625 0.0309133
5 0.506047 0.400304 0.056625 0.0701171
5 0.534734 0.397459 0.033875 0.0613349
5 0.397766 0.884087 0.0630938 0.0961827
5 0.49343 0.832869 0.0586406 0.0851756
5 0.367312 0.757892 0.0275625 0.0353162
5 0.379227 0.302201 0.0371719 0.0486183
5 0.400563 0.767377 0.0346875 0.0380328
5 0.284078 0.844274 0.0610625 0.0855035
5 0.328719 0.507283 0.0121875 0.0195316
5 0.499141 0.292295 0.0401562 0.0577986
5 0.423797 0.299578 0.0423437 0.0604215
5 0.325086 0.386522 0.0366719 0.0611944
5 0.312836 0.621768 0.0390781 0.0542623
5 0.531375 0.526546 0.0196875 0.0318735
5 0.356609 0.524005 0.0194375 0.0162998
5 0.558 0.844309 0.05525 0.0801874
5 0.378125 0.415105 0.0507812 0.0730211
5 0.34682 0.758419 0.0210156 0.0351991
5 0.374773 0.5324 0.0216719 0.0284075
5 0.436734 0.833794 0.0555625 0.0827166
5 0.474047 0.541663 0.0340312 0.034192
5 0.333477 0.63507 0.0431719 0.07
5 0.343812 0.407623 0.0405625 0.0672365
5 0.440648 0.766183 0.0344844 0.0423888
5 0.342203 0.513888 0.0149375 0.0179391
5 0.431242 0.657002 0.0400469 0.0673068
5 0.392453 0.644297 0.0435625 0.0637237
5 0.309945 0.584005 0.0282969 0.02726
5 0.544484 0.371674 0.0338125 0.0594145
5 0.642375 0.800176 0.0358438 0.0492974
5 0.431813 0.412412 0.051375 0.0703513
5 0.518922 0.643185 0.0348437 0.07274
