2 0.672753 0.766797 0.0562255 0.0572549
2 0.760743 0.768971 0.0325654 0.0579412
2 0.757051 0.691462 0.0553758 0.0376961
2 0.662239 0.816928 0.0634967 0.0615033
2 0.754109 0.724069 0.0462255 0.0538562
2 0.726577 0.781748 0.0413235 0.0227124
2 0.709387 0.727982 0.0579575 0.0654085
2 0.722729 0.766536 0.0505229 0.0415359
2 0.706757 0.811879 0.0505065 0.0579412
2 0.752541 0.675899 0.0556373 0.0456536
5 0.714665 0.613162 0.041585 0.0368464
5 0.683701 0.614665 0.0528268 0.0543627
5 0.673186 0.655768 0.0361438 0.0428105
5 0.727312 0.643897 0.0279575 0.0348856
5 0.747549 0.605776 0.0317974 0.0525654
