2 0.628258 0.424662 0.0106406 0.0508497
2 0.0328906 0.409237 0.0115937 0.0417865
2 0.457617 0.43 0.0147344 0.0477124
2 0.112828 0.432876 0.00825 0.0242266
2 0.772977 0.403464 0.00901562 0.0382135
2 0.792094 0.372963 0.00996875 0.0227451
2 0.596289 0.416928 0.00754687 0.0487146
2 0.579109 0.452266 0.017125 0.0387364
2 0.416375 0.362342 0.006875 0.0103922
2 0.854656 0.425414 0.0108125 0.0248584
2 0.782992 0.410828 0.0117969 0.0359041
2 0.800102 0.376242 0.0161406 0.0390196
2 0.0984063 0.473083 0.00975 0.0569281
2 0.624375 0.487407 0.0117813 0.0523747
2 0.653813 0.455741 0.00721875 0.0344009
2 0.440141 0.406972 0.00771875 0.0307625
2 0.467984 0.438725 0.0103125 0.052963
2 0.539562 0.490251 0.0117813 0.0523094
2 0.944688 0.457582 0.00903125 0.0169499
2 0.960695 0.460261 0.0187656 0.0128105
2 0.834047 0.426939 0.0118125 0.0342266
2 0.350609 0.407397 0.0239375 0.0177996
2 0.742469 0.451133 0.009 0.0384314
2 0.857609 0.4078 0.01025 0.0293682
2 0.953211 0.40585 0.00707813 0.0149237
2 0.0496484 0.409673 0.00782813 0.0459695
2 0.517719 0.395458 0.0066875 0.0438562
2 0.0580312 0.417081 0.00903125 0.0419608
2 0.0580312 0.462092 0.0105938 0.0506318
2 0.636484 0.452778 0.0096875 0.0251198
2 0.698063 0.433824 0.0207813 0.0371895
2 0.333117 0.39659 0.0137969 0.0156209
2 0.963375 0.447397 0.01275 0.0137908
2 0.487477 0.446155 0.00939062 0.0405011
2 0.0745078 0.459891 0.0127969 0.0534641
2 0.552875 0.391155 0.014 0.0256645
2 0.562883 0.428845 0.0191406 0.0484532
2 0.780664 0.456776 0.0125156 0.0345969
2 0.325148 0.382048 0.0127031 0.0194771
2 0.722453 0.39 0.0215312 0.0420479
2 0.478367 0.448976 0.00939062 0.06
2 0.64918 0.481808 0.0167344 0.0519826
2 0.835273 0.457821 0.00976562 0.0202614
2 0.618578 0.424793 0.0114062 0.0505011
2 0.0360547 0.46512 0.0171094 0.056427
2 0.705367 0.397211 0.00760937 0.0330719
2 0.460805 0.396645 0.0111719 0.0228322
2 0.861133 0.364368 0.0178594 0.0256427
2 0.446586 0.399096 0.00764062 0.0233769
2 0.882625 0.440599 0.0123438 0.0125708
2 0.846695 0.41988 0.00607813 0.0212854
2 0.406797 0.369139 0.0075625 0.0194989
2 0.696102 0.397157 0.0127031 0.0346187
2 0.964977 0.510708 0.0160156 0.0261656
2 0.334719 0.369227 0.0211562 0.0117865
2 0.552109 0.426547 0.0206563 0.0426797
2 0.0231797 0.413845 0.0137969 0.0471678
2 0.0510312 0.358943 0.0147813 0.0172767
2 0.348195 0.383638 0.0151406 0.0125926
2 0.492211 0.41 0.0110469 0.0451416
2 0.949938 0.507495 0.0135312 0.0178649
