0 0.288 0.348117 0.0935 0.105641
0 0.198125 0.398328 0.156977 0.103094
0 0.385216 0.340586 0.156932 0.107891
0 0.342852 0.433445 0.161432 0.107797
0 0.514989 0.361641 0.192614 0.143
5 0.570466 0.935961 0.15875 0.0602031
5 0.387273 0.828789 0.0771818 0.0587344
5 0.6135 0.838922 0.110727 0.0718125
5 0.633886 0.901469 0.0745909 0.03925
5 0.694693 0.888242 0.06375 0.0487344
5 0.437523 0.87143 0.0707727 0.0486719
5 0.452989 0.913047 0.0689773 0.0736875
5 0.543034 0.889586 0.111159 0.0748594
5 0.543693 0.827328 0.0688864 0.0553438
5 0.378864 0.933445 0.101455 0.0575469
5 0.473977 0.827273 0.110227 0.0590781
5 0.487375 0.943758 0.0497045 0.0406719
5 0.364886 0.871086 0.0812273 0.0721094
5 0.702295 0.833641 0.0719545 0.049
