2 0.595336 0.625146 0.0718594 0.391042
2 0.90143 0.50924 0.0877031 0.250771
2 0.118195 0.475437 0.0545781 0.221125
2 0.150531 0.429635 0.08075 0.195771
2 0.672547 0.467125 0.0612812 0.22975
2 0.956289 0.449906 0.0607656 0.171604
2 0.796477 0.586333 0.0857344 0.342833
2 0.641484 0.618115 0.0805937 0.339313
2 0.305766 0.512229 0.0525 0.204208
2 0.208687 0.677312 0.109312 0.26375
2 0.712383 0.621771 0.0852656 0.428667
2 0.791906 0.441062 0.054125 0.21725
2 0.892719 0.339948 0.122188 0.124313
2 0.373547 0.499104 0.0692187 0.176667
2 0.237133 0.508198 0.0467344 0.127229
2 0.474117 0.366667 0.0480781 0.06
2 0.627828 0.457385 0.0559063 0.160062
2 0.423461 0.416938 0.0463281 0.192333
2 0.261336 0.727313 0.0777031 0.348458
2 0.0628672 0.703437 0.125734 0.264625
2 0.539883 0.380781 0.0404219 0.123063
2 0.509297 0.4665 0.0712187 0.119125
2 0.560516 0.519271 0.0858437 0.171167
2 0.356133 0.596719 0.0642031 0.372312
2 0.308156 0.731927 0.0838437 0.347937
2 0.381719 0.394354 0.0536563 0.108708
2 0.0167422 0.242927 0.0334844 0.0887292
2 0.0179219 0.606375 0.0358438 0.072625
2 0.742648 0.389417 0.0525781 0.129625
2 0.0261719 0.338292 0.0523438 0.0597917
2 0.523492 0.403615 0.0436719 0.145729
2 0.217227 0.71774 0.113141 0.322188
2 0.278859 0.369573 0.0670625 0.118521
2 0.158844 0.571427 0.0775312 0.239313
2 0.58225 0.403167 0.0813125 0.156625
2 0.292711 0.475792 0.0683906 0.1585
2 0.0349453 0.397771 0.0675781 0.117833
2 0.352695 0.368844 0.0603906 0.0987292
2 0.908977 0.427052 0.0730781 0.244854
2 0.434445 0.362073 0.0460781 0.0799792
2 0.0575078 0.522583 0.114109 0.210458
2 0.0381484 0.715198 0.0317344 0.0736875
2 0.442695 0.450313 0.0415469 0.111292
2 0.488289 0.392469 0.0450781 0.0779792
2 0.00980469 0.521844 0.0184531 0.130771
2 0.149953 0.492573 0.0169687 0.126271
2 0.948211 0.465323 0.0826094 0.248937
2 0.256531 0.434458 0.0442188 0.1395
2 0.0237578 0.299323 0.0475156 0.0547292
2 0.763258 0.613062 0.0617656 0.4
2 0.836875 0.521677 0.0977813 0.318479
2 0.0919062 0.416385 0.0474062 0.105563
2 0.480445 0.472802 0.0498594 0.0970625
2 0.0331641 0.521677 0.0542031 0.115604
2 0.213602 0.38849 0.0323906 0.0785208
2 0.219359 0.443594 0.0540312 0.159479
2 0.202695 0.570135 0.0772656 0.225146
2 0.822789 0.384146 0.0506094 0.0651667
2 0.029125 0.643948 0.0560312 0.222771
