2 0.59194 0.588003 0.09696 0.0683784
2 0.789 0.678168 0.11884 0.153333
2 0.66525 0.671922 0.08194 0.113634
2 0.52522 0.495901 0.05324 0.0321021
2 0.59486 0.638123 0.06 0.0341441
2 0.77945 0.610511 0.1053 0.044024
2 0.62008 0.576456 0.08116 0.0473874
2 0.71199 0.63479 0.0485 0.0856156
2 0.66576 0.52048 0.0876 0.0828829
2 0.73125 0.544595 0.0743 0.105586
2 0.76163 0.569685 0.04114 0.0466967
2 0.52289 0.548333 0.07914 0.0898198
2 0.61824 0.689309 0.0608 0.0836036
2 0.67498 0.608949 0.07108 0.0521922
2 0.58954 0.492868 0.07168 0.0713814
2 0.60229 0.536306 0.09274 0.0622823
3 0.50076 0.746997 0.17484 0.146787
3 0.44722 0.646396 0.04396 0.123844
