0 0.44713 0.493769 0.0285 0.0389489
0 0.38071 0.535916 0.02706 0.0406607
0 0.47814 0.56512 0.0268 0.0328228
0 0.28184 0.471592 0.0196 0.0188589
0 0.52296 0.517568 0.01692 0.0393994
0 0.50653 0.533198 0.0251 0.0330631
0 0.30759 0.532432 0.02842 0.0371772
0 0.43152 0.560781 0.01348 0.0333333
0 0.4124 0.469745 0.02664 0.0410511
0 0.44655 0.459414 0.0263 0.0336036
0 0.46413 0.47482 0.01634 0.0143844
0 0.30967 0.562492 0.02646 0.0325526
0 0.36618 0.475886 0.02524 0.0303303
0 0.37687 0.496411 0.02954 0.0405105
0 0.34239 0.562868 0.02682 0.0338438
0 0.50702 0.568769 0.02716 0.037958
0 0.52703 0.593333 0.0185 0.0415616
0 0.41589 0.528514 0.03058 0.0415315
0 0.38041 0.567432 0.02886 0.0345646
0 0.32638 0.489219 0.02488 0.0330931
0 0.25323 0.534369 0.02818 0.0384685
0 0.50502 0.497282 0.0274 0.0426126
0 0.43135 0.489114 0.01486 0.031021
0 0.34939 0.506156 0.02698 0.0343544
0 0.27787 0.563033 0.02762 0.0340541
0 0.41318 0.562462 0.0292 0.0333333
0 0.32843 0.524144 0.02034 0.0348949
0 0.4452 0.531637 0.02896 0.0403904
0 0.38942 0.45973 0.02672 0.0434234
0 0.47536 0.492958 0.02852 0.0387087
0 0.44856 0.565856 0.02768 0.0344144
0 0.47651 0.528138 0.02818 0.04
0 0.25058 0.563363 0.02104 0.0294294
0 0.52674 0.556021 0.01852 0.0384685
0 0.39223 0.491922 0.01862 0.0350751
0 0.25232 0.473108 0.02852 0.0340841
0 0.51016 0.599715 0.02836 0.039009
0 0.40972 0.501231 0.02496 0.038018
5 0.45852 0.650586 0.02 0.0289189
5 0.26895 0.716321 0.02046 0.0478378
5 0.37736 0.718784 0.02512 0.0343844
5 0.39328 0.621411 0.01436 0.0222823
5 0.41972 0.634369 0.01536 0.017027
5 0.45497 0.717042 0.01462 0.021952
5 0.38747 0.641622 0.01246 0.0161562
5 0.28755 0.638874 0.01358 0.0205105
5 0.40117 0.733814 0.01162 0.021021
5 0.39637 0.708679 0.02006 0.0306306
5 0.50294 0.717162 0.01932 0.0303604
5 0.41403 0.712748 0.0133 0.0232132
5 0.47843 0.650616 0.02158 0.0304204
5 0.41207 0.731712 0.01694 0.0257057
5 0.42647 0.727282 0.01742 0.0271772
5 0.42913 0.616712 0.01526 0.0166667
5 0.26411 0.651517 0.02818 0.042973
5 0.34718 0.65045 0.0296 0.02
5 0.34309 0.673619 0.01854 0.0245345
5 0.28964 0.666757 0.01516 0.0296096
5 0.3213 0.681021 0.02164 0.0126727
5 0.47085 0.718063 0.0183 0.0327027
5 0.31708 0.660375 0.01736 0.0253754
5 0.32693 0.725511 0.0181 0.0376877
5 0.27334 0.619114 0.01388 0.0132432
5 0.44689 0.652673 0.01418 0.0203003
5 0.3908 0.734474 0.01528 0.0171171
5 0.50641 0.651021 0.01938 0.0333934
5 0.48839 0.718559 0.0161 0.028048
5 0.39431 0.608018 0.01406 0.0200601
5 0.303 0.726456 0.0266 0.0413213
5 0.46406 0.727477 0.013 0.0162162
5 0.40971 0.624354 0.02082 0.0276877
5 0.35728 0.682568 0.0152 0.0215315
5 0.34679 0.718093 0.02438 0.0330631
5 0.31802 0.739369 0.01528 0.0211411
