2 0.624273 0.590683 0.00723437 0.00858796
2 0.317484 0.502118 0.00859375 0.0127546
2 0.779695 0.587153 0.0102969 0.00717593
2 0.379531 0.495891 0.00834375 0.0107639
2 0.636633 0.594896 0.00929687 0.0108565
2 0.511992 0.494664 0.00685937 0.010162
2 0.39493 0.469977 0.00989063 0.0134259
2 0.535172 0.477766 0.006 0.00608796
2 0.322859 0.467373 0.0074375 0.0101157
2 0.598773 0.597882 0.0113594 0.0148843
2 0.536687 0.627083 0.0104688 0.0146296
2 0.375242 0.48544 0.0105469 0.0168519
2 0.237016 0.46588 0.00915625 0.0206944
2 0.368109 0.466447 0.0095 0.0186806
2 0.753273 0.597222 0.00801563 0.00490741
2 0.239008 0.455046 0.0122656 0.0140278
2 0.51957 0.488322 0.00692187 0.00636574
2 0.385891 0.486134 0.008875 0.0126852
2 0.569477 0.628194 0.0101094 0.0113889
2 0.635023 0.636794 0.0101406 0.0113194
2 0.553906 0.560046 0.005375 0.00490741
2 0.622133 0.604039 0.0123594 0.00983796
2 0.333508 0.405544 0.00598438 0.00951389
2 0.31875 0.414699 0.0100313 0.0109259
2 0.322102 0.397604 0.00642188 0.00793981
2 0.218734 0.455174 0.0086875 0.0109954
2 0.753812 0.555775 0.0122188 0.0106713
2 0.639352 0.572859 0.00757812 0.00729167
2 0.623453 0.611366 0.010125 0.015
2 0.586352 0.534769 0.0103281 0.00703704
2 0.353469 0.410266 0.00625 0.0104861
2 0.38857 0.453785 0.0102656 0.0119213
2 0.21743 0.468681 0.0109219 0.012963
2 0.347977 0.431944 0.0108594 0.0126389
2 0.530758 0.562813 0.00660938 0.00673611
2 0.312148 0.488611 0.0105781 0.0147685
2 0.306195 0.407454 0.00757812 0.0134722
2 0.302656 0.468981 0.0110625 0.0177315
