0 0.643603 0.52578 0.203649 0.1656
0 0.708152 0.28951 0.102356 0.1025
0 0.426547 0.27182 0.13485 0.0904
0 0.269527 0.49361 0.212079 0.16758
0 0.459954 0.54375 0.171686 0.15074
0 0.73351 0.37284 0.167667 0.09616
0 0.529838 0.43561 0.187621 0.14946
0 0.560012 0.26457 0.114342 0.09922
0 0.147367 0.32722 0.153256 0.14784
0 0.735843 0.46174 0.18739 0.149
0 0.530866 0.32623 0.0601617 0.0573
0 0.618464 0.30838 0.146721 0.13504
2 0.123129 0.53923 0.126813 0.10746
2 0.416998 0.78632 0.157644 0.0606
2 0.145797 0.63265 0.176674 0.09206
2 0.569307 0.33993 0.136443 0.08758
2 0.618245 0.30755 0.148083 0.13402
2 0.10873 0.43307 0.099261 0.11294
2 0.572021 0.76321 0.151109 0.07566
2 0.874388 0.4014 0.144111 0.18884
2 0.212298 0.68842 0.30709 0.26028
2 0.461813 0.38781 0.422194 0.11558
2 0.321074 0.35221 0.343764 0.18514
