4 0.749139 0.404426 0.0668212 0.0856291
4 0.698444 0.36787 0.0498675 0.0654084
4 0.720828 0.281744 0.0540066 0.0322737
4 0.686101 0.311159 0.0264735 0.0530905
4 0.693924 0.25128 0.075 0.0697572
4 0.728775 0.326325 0.0729139 0.0700883
0 0.800944 0.479525 0.0698344 0.145806
0 0.599553 0.586369 0.0922517 0.185497
0 0.849429 0.474536 0.104652 0.0936203
0 0.608394 0.459845 0.0591391 0.0992494
0 0.58952 0.51 0.0961589 0.0917881
0 0.68707 0.456512 0.123377 0.104018
0 0.756341 0.474812 0.0270861 0.0716998
0 0.702806 0.546026 0.131374 0.121104
1 0.756523 0.647704 0.142152 0.205121
1 0.66745 0.660055 0.119106 0.17649
1 0.898974 0.618057 0.14 0.224238
5 0.575745 0.29947 0.082053 0.13894
5 0.580497 0.374735 0.0690397 0.134768
5 0.63231 0.362616 0.061606 0.122892
