3 0.235227 0.33881 0.0454813 0.03986
3 0.755963 0.86485 0.0860963 0.06346
3 0.464746 0.23111 0.0329144 0.01566
3 0.429666 0.29371 0.0459626 0.02282
3 0.401511 0.43515 0.0863904 0.0453
3 0.12135 0.77507 0.0968182 0.0617
3 0.0665241 0.68103 0.0586631 0.0477
3 0.484853 0.27204 0.021631 0.01664
3 0.215762 0.72102 0.053877 0.03128
3 0.301778 0.71864 0.0815241 0.0548
3 0.79496 0.32667 0.0398128 0.01846
3 0.223249 0.78205 0.0626471 0.06358
3 0.837995 0.38416 0.028877 0.01052
3 0.847995 0.44495 0.051016 0.03954
3 0.701912 0.35508 0.0375134 0.03616
3 0.559666 0.30245 0.0408824 0.03018
3 0.565816 0.36621 0.0432353 0.01642
3 0.218489 0.67177 0.0614706 0.0241
3 0.676898 0.41673 0.026738 0.01778
3 0.51004 0.2915 0.0543583 0.03992
3 0.194439 0.85045 0.0660963 0.0507
3 0.359024 0.30454 0.0287968 0.01308
3 0.0442513 0.73766 0.0424064 0.0804
3 0.717473 0.42692 0.0984759 0.0368
3 0.107045 0.81069 0.0857487 0.06078
3 0.651738 0.48328 0.0545455 0.03076
3 0.812701 0.46794 0.0502674 0.03616
3 0.595187 0.48992 0.052139 0.02692
3 0.886631 0.33818 0.0434759 0.02436
3 0.469893 0.37436 0.0428877 0.0164
3 0.801083 0.34989 0.0327005 0.0197
3 0.652821 0.73086 0.0617914 0.02244
3 0.849305 0.39696 0.0681818 0.02152
3 0.972794 0.36685 0.0181551 0.0091
3 0.417674 0.26382 0.0390374 0.0226
3 0.596217 0.3582 0.0191176 0.01588
3 0.430468 0.75096 0.0535561 0.04332
3 0.725013 0.4615 0.032754 0.02712
3 0.963583 0.32482 0.0272727 0.01876
3 0.500762 0.44341 0.0564973 0.03406
3 0.537286 0.81667 0.050615 0.03174
3 0.422861 0.23177 0.0431551 0.0259
3 0.326444 0.81914 0.0896791 0.07148
3 0.99135 0.41955 0.0172995 0.0305
3 0.775214 0.36202 0.0371123 0.02364
3 0.726604 0.33782 0.0414973 0.02128
3 0.887914 0.3845 0.0228877 0.01732
3 0.962607 0.35491 0.0287433 0.01718
3 0.82258 0.3389 0.0423262 0.01952
