2 0.34607 0.52467 0.03358 0.0383516
2 0.77287 0.542995 0.0181 0.0776923
2 0.3369 0.529327 0.01916 0.0270055
2 0.76636 0.586209 0.02044 0.0201648
2 0.76246 0.551003 0.01232 0.0350275
2 0.7462 0.540852 0.02176 0.04
2 0.35089 0.541154 0.02162 0.028022
2 0.74192 0.586635 0.0284 0.0245879
2 0.72675 0.586099 0.01186 0.0196154
2 0.31391 0.545426 0.01702 0.0236538
2 0.32608 0.514423 0.01344 0.00950549
2 0.73723 0.55147 0.03338 0.0417857
2 0.74036 0.572198 0.03028 0.0243956
2 0.36262 0.536813 0.01312 0.0194505
2 0.98926 0.388379 0.01836 0.0495604
4 0.58799 0.627019 0.00902 0.0100275
4 0.53002 0.745481 0.00896 0.0120604
4 0.53557 0.738887 0.00494 0.00837912
4 0.47703 0.750618 0.00842 0.00892857
4 0.51589 0.68783 0.00354 0.00538462
4 0.50796 0.762555 0.00652 0.00923077
4 0.53978 0.701786 0.00536 0.00725275
4 0.58087 0.623338 0.00766 0.00667582
4 0.50864 0.682143 0.00552 0.00725275
4 0.51803 0.759615 0.00614 0.01
4 0.58833 0.614121 0.00418 0.00604396
4 0.41283 0.633558 0.00914 0.00931319
4 0.55955 0.679135 0.00674 0.00826923
4 0.56585 0.662953 0.00634 0.00793956
4 0.54015 0.626456 0.00634 0.00769231
4 0.49143 0.724849 0.00654 0.0064011
4 0.56907 0.64011 0.00622 0.00659341
4 0.5123 0.66217 0.00596 0.00538462
4 0.52204 0.751415 0.00764 0.0110165
4 0.48102 0.759382 0.00484 0.00739011
1 0.22296 0.782102 0.01376 0.0201374
1 0.18968 0.811951 0.01804 0.0288462
1 0.32728 0.766813 0.01924 0.0271429
1 0.23637 0.761717 0.01082 0.0264011
1 0.23552 0.783544 0.01436 0.0201099
1 0.24516 0.819299 0.01512 0.0300275
1 0.30422 0.796841 0.02144 0.0238462
1 0.28709 0.818777 0.01754 0.0364011
1 0.24865 0.762253 0.01738 0.0306593
1 0.20868 0.781099 0.018 0.0273626
1 0.27915 0.763462 0.02182 0.0341209
1 0.32524 0.794766 0.02652 0.0390934
1 0.22603 0.824684 0.02078 0.0193132
1 0.2493 0.785495 0.01364 0.0258791
