1 0.565133 0.679578 0.0287031 0.0510539
1 0.526484 0.671991 0.0330312 0.0387354
1 0.55182 0.651733 0.0309531 0.0500234
1 0.523992 0.631417 0.0355156 0.0505152
1 0.320594 0.609473 0.0211562 0.0287354
1 0.474773 0.632506 0.0200469 0.0401874
1 0.538078 0.691815 0.0283125 0.0303747
1 0.404812 0.594543 0.0173125 0.0201405
1 0.374852 0.60048 0.0137344 0.0129977
1 0.444914 0.697272 0.0312656 0.0429274
1 0.387203 0.606253 0.0171563 0.0111475
1 0.358156 0.609098 0.0111562 0.0102342
1 0.471641 0.689813 0.0367813 0.0460422
1 0.492148 0.6587 0.0372969 0.0537939
1 0.299805 0.609426 0.0290781 0.0299063
1 0.426266 0.678899 0.00784375 0.0251054
1 0.511273 0.565468 0.0208594 0.0527166
1 0.493945 0.60493 0.0357344 0.0545433
1 0.485172 0.582916 0.0280938 0.0495785
1 0.504375 0.689672 0.0285 0.0337705
1 0.442406 0.677342 0.028375 0.0349649
1 0.344219 0.606042 0.0248438 0.0186417
1 0.365078 0.606932 0.0125938 0.00899297
1 0.375203 0.573817 0.01225 0.0134426
1 0.464047 0.715059 0.0210313 0.0123653
1 0.456352 0.640082 0.0150781 0.0188993
1 0.314367 0.571464 0.0181719 0.0229274
4 0.0834453 0.89171 0.0357969 0.0410773
4 0.0143594 0.952728 0.0262188 0.0440515
4 0.104336 0.954602 0.0272656 0.0350117
4 0.0470859 0.920644 0.0312656 0.0456909
4 0.00815625 0.89219 0.0163125 0.0211944
4 0.0275078 0.93911 0.0243594 0.0306792
4 0.0509453 0.973513 0.0287031 0.035644
4 0.0823828 0.929567 0.0396406 0.0430679
4 0.0819062 0.971042 0.042 0.0426932
4 0.0483125 0.88267 0.03175 0.0325527
4 0.0174844 0.871862 0.0295312 0.0350117
