5 0.912477 0.300823 0.0446094 0.0461458
5 0.952617 0.50376 0.0357656 0.0297292
5 0.935148 0.498115 0.0377031 0.0316042
5 0.752023 0.481542 0.0305156 0.065625
5 0.832852 0.25549 0.0246094 0.0225625
5 0.779648 0.496281 0.0419844 0.0452292
5 0.77768 0.458719 0.0290469 0.0379375
5 0.804992 0.459469 0.0301094 0.0383125
5 0.758742 0.442688 0.0374844 0.03175
5 0.845992 0.444812 0.0253594 0.0290417
5 0.810266 0.500125 0.0399687 0.053
5 0.84575 0.513073 0.0251875 0.0312708
5 0.859328 0.485021 0.0248438 0.034125
5 0.895555 0.483583 0.0455781 0.03975
5 0.817766 0.427229 0.0266562 0.0275
5 0.888969 0.513333 0.0361563 0.0287083
5 0.825883 0.514552 0.0297656 0.0312292
5 0.83625 0.463042 0.0371563 0.0435833
5 0.889813 0.243375 0.0175 0.02
5 0.941086 0.310052 0.0170781 0.0376875
