1 0.0754688 0.719276 0.0529063 0.072243
1 0.67893 0.435502 0.0342344 0.0608178
1 0.641344 0.466519 0.0475313 0.0306075
1 0.455508 0.510689 0.0566094 0.0657243
1 0.341344 0.674112 0.0506562 0.0485514
1 0.279078 0.463481 0.04575 0.0669626
1 0.466625 0.343645 0.0397188 0.0501869
1 0.19957 0.43882 0.0581094 0.0521729
1 0.0898359 0.656554 0.0522969 0.0603972
1 0.183383 0.75625 0.0662969 0.0359579
1 0.508797 0.676262 0.0502187 0.0476168
1 0.232578 0.533143 0.060125 0.0797897
1 0.314586 0.602103 0.0454531 0.0645327
1 0.133781 0.517675 0.0377188 0.0842757
1 0.0958906 0.741098 0.041875 0.0561215
1 0.649719 0.40125 0.047875 0.038014
1 0.143008 0.753248 0.0595156 0.0581308
1 0.403742 0.54257 0.0573281 0.0491589
1 0.338664 0.528388 0.0289219 0.0631776
1 0.391906 0.514019 0.054 0.0470093
1 0.224023 0.683201 0.0370156 0.0445794
1 0.151641 0.6759 0.05675 0.0563318
1 0.423445 0.492173 0.0453906 0.0599065
1 0.614766 0.415993 0.02375 0.028715
1 0.127305 0.61472 0.0570156 0.06
1 0.534867 0.593061 0.0394219 0.0657009
1 0.429047 0.712278 0.0557813 0.033715
1 0.167664 0.607033 0.0461406 0.0611215
1 0.612883 0.442418 0.0250781 0.0404439
1 0.469789 0.586799 0.0671406 0.077757
1 0.20825 0.632477 0.038875 0.0570561
1 0.473328 0.495748 0.0675 0.0661682
5 0.437164 0.463867 0.0231406 0.018014
5 0.419438 0.607301 0.033875 0.0575
5 0.137453 0.648551 0.0423125 0.0374766
5 0.436687 0.300245 0.019625 0.024743
5 0.513031 0.342301 0.024375 0.024743
5 0.505359 0.367687 0.03025 0.0298598
5 0.420992 0.367967 0.0303594 0.0228972
5 0.482094 0.384731 0.021875 0.0184346
5 0.498156 0.544054 0.036375 0.0448364
5 0.170828 0.639334 0.0264375 0.0496028
5 0.109844 0.682126 0.0382188 0.0451402
5 0.140586 0.719264 0.0400156 0.0527336
5 0.653805 0.423855 0.0212344 0.0375234
5 0.170898 0.720012 0.0367656 0.0417523
5 0.191828 0.681974 0.0340937 0.0404907
5 0.192602 0.65625 0.0317969 0.0215187
5 0.104945 0.71764 0.0366406 0.0380374
5 0.637617 0.429953 0.0238594 0.0368692
5 0.658508 0.43986 0.0161406 0.0259346
5 0.408508 0.346881 0.0346406 0.0250234
5 0.444172 0.388481 0.0181562 0.0219626
5 0.409844 0.320421 0.0250625 0.0314953
5 0.43818 0.366168 0.0251094 0.0203738
5 0.204695 0.690958 0.0402031 0.0499065
5 0.500617 0.312033 0.00845313 0.0126636
5 0.348453 0.524591 0.0320625 0.0578271
