4 0.911047 0.963333 0.0386562 0.0440833
4 0.858906 0.954354 0.0378125 0.043375
4 0.854313 0.979833 0.0359688 0.0403333
4 0.987836 0.916458 0.0243281 0.0395
4 0.933227 0.988698 0.0382656 0.0226042
4 0.961797 0.906885 0.0302187 0.0459792
4 0.887773 0.939125 0.0290156 0.0426667
4 0.914836 0.922135 0.0353594 0.0447292
4 0.904719 0.847333 0.026625 0.033125
4 0.865219 0.90476 0.028375 0.0291042
4 0.852102 0.922312 0.0134531 0.0282083
4 0.893156 0.97525 0.0365625 0.035375
4 0.991695 0.940542 0.0166094 0.0237917
4 0.974242 0.934167 0.0177656 0.0118333
4 0.857461 0.871698 0.0187969 0.0273125
4 0.930711 0.84351 0.0292344 0.0343542
4 0.927875 0.886646 0.0357188 0.0324167
4 0.946648 0.984938 0.0282344 0.030125
4 0.948719 0.863302 0.0251875 0.0234375
4 0.887352 0.84026 0.0178594 0.0163958
4 0.894797 0.892563 0.0320625 0.0486667
4 0.942297 0.952083 0.0242188 0.0315417
4 0.972594 0.984354 0.025375 0.0312917
