4 0.759164 0.985115 0.0767656 0.0297708
4 0.276438 0.106406 0.0840937 0.131187
4 0.400891 0.0318646 0.0425 0.0637292
4 0.491859 0.91149 0.0974062 0.122562
4 0.713672 0.942823 0.0813438 0.0721458
4 0.446922 0.758219 0.0613437 0.106646
4 0.103742 0.877833 0.0922344 0.114083
4 0.205266 0.0508854 0.0910312 0.101771
4 0.31457 0.855042 0.0969844 0.102625
4 0.115617 0.539469 0.100672 0.139354
4 0.271516 0.0376042 0.0687187 0.0752083
4 0.26975 0.801063 0.10225 0.141083
4 0.59243 0.876365 0.105359 0.122521
4 0.447141 0.971896 0.0871875 0.0562083
4 0.149773 0.0545937 0.0771719 0.109187
4 0.344281 0.0575 0.0867187 0.115
4 0.405031 0.903031 0.108656 0.155146
4 0.0608672 0.670521 0.107078 0.143625
4 0.210945 0.925865 0.111547 0.135687
4 0.3085 0.637 0.112344 0.101583
4 0.370961 0.144063 0.0610781 0.125333
4 0.170375 0.655167 0.105688 0.152125
4 0.16325 0.836781 0.099 0.115479
4 0.28625 0.95701 0.100469 0.0848542
4 0.582578 0.985156 0.0756875 0.0296875
4 0.934852 0.958406 0.103109 0.0831875
4 0.0779297 0.947104 0.108578 0.105792
4 0.500859 0.798177 0.0942187 0.120271
4 0.343984 0.204813 0.08375 0.0742083
4 0.648992 0.937875 0.0565156 0.086125
4 0.544883 0.968042 0.0861719 0.0606667
4 0.153047 0.129521 0.058 0.05225
4 0.41275 0.249281 0.0583125 0.0933125
4 0.0920781 0.730104 0.100125 0.1135
4 0.253445 0.587521 0.0948281 0.117375
4 0.449641 0.834427 0.0445313 0.0623125
4 0.785391 0.968771 0.0448125 0.0455
4 0.358172 0.974688 0.053375 0.0472917
4 0.655586 0.987906 0.0650781 0.0194792
4 0.210477 0.13876 0.0827344 0.0722708
4 0.848844 0.969687 0.106125 0.060625
1 0.815609 0.334708 0.368781 0.576875
0 0.865703 0.038875 0.268594 0.07775
0 0.0610234 0.19949 0.122047 0.371646
2 0.540859 0.548333 0.91625 0.793333
