5 0.26576 0.516846 0.0578268 0.0598366
5 0.331732 0.517132 0.0722549 0.0712908
5 0.243145 0.463505 0.0671405 0.0948529
5 0.419714 0.468374 0.0641667 0.0621732
5 0.355408 0.369281 0.0697386 0.0656536
5 0.301258 0.349951 0.0659804 0.0425817
5 0.430449 0.523203 0.0614216 0.0718301
5 0.382843 0.522443 0.0467974 0.0552778
5 0.289518 0.392582 0.067598 0.0556536
5 0.29857 0.480131 0.0487092 0.0448693
5 0.355188 0.473979 0.073219 0.0611601
5 0.302353 0.435817 0.0734641 0.055098
5 0.418342 0.397876 0.0674346 0.0889542
5 0.454984 0.363186 0.0568954 0.0590196
5 0.450433 0.444011 0.0436111 0.0554085
5 0.275801 0.368015 0.0273203 0.028317
5 0.355899 0.424853 0.0685948 0.0503268
5 0.299665 0.522149 0.0281536 0.0478595
0 0.533015 0.432541 0.103317 0.116618
0 0.57951 0.530948 0.127745 0.0840523
0 0.715572 0.561822 0.0666667 0.0197549
0 0.685703 0.49826 0.121275 0.105637
