2 0.713352 0.929674 0.0261406 0.0484211
2 0.82682 0.91307 0.0228281 0.0259398
2 0.666711 0.94198 0.0403906 0.043208
2 0.592742 0.935677 0.0286094 0.0440351
2 0.659859 0.905251 0.0340312 0.0359148
2 0.589273 0.851065 0.0305469 0.0431328
2 0.713211 0.838772 0.0247969 0.0308772
2 0.640203 0.830414 0.0265625 0.0268421
2 0.563258 0.789499 0.0391406 0.0393484
2 0.595789 0.783108 0.0277969 0.0292732
2 0.627102 0.915739 0.0428281 0.0495238
2 0.845523 0.910088 0.0213281 0.0216291
2 0.634719 0.939373 0.0405937 0.0393484
2 0.558141 0.843734 0.0295 0.0489724
2 0.514172 0.876128 0.0245938 0.0382206
2 0.731187 0.875677 0.02975 0.0463409
2 0.621047 0.835451 0.04075 0.0315539
2 0.69518 0.900464 0.0227031 0.0405263
2 0.511328 0.809098 0.0274687 0.0402506
2 0.533211 0.887306 0.0308281 0.0417794
2 0.719492 0.895952 0.0307656 0.0500501
2 0.62475 0.783935 0.0287813 0.0380451
2 0.529461 0.835238 0.0255469 0.0379449
2 0.545109 0.809073 0.0376875 0.0433083
2 0.540266 0.780338 0.0180625 0.0161654
2 0.689211 0.87411 0.0108594 0.0215539
2 0.648727 0.85985 0.0296406 0.035188
2 0.570547 0.871366 0.0319688 0.0341103
2 0.69 0.83396 0.028125 0.0576942
2 0.675719 0.84703 0.0337187 0.0380702
2 0.55868 0.931867 0.0367656 0.0468421
2 0.539016 0.85802 0.0288438 0.0304261
2 0.768758 0.931667 0.0223594 0.0341103
2 0.674594 0.879511 0.0265937 0.0357143
2 0.638844 0.809336 0.020125 0.0274436
2 0.51293 0.846479 0.0287656 0.0356642
2 0.580172 0.815902 0.03275 0.043584
2 0.600961 0.903559 0.0269219 0.0453133
2 0.568828 0.77188 0.0340312 0.0333333
2 0.806586 0.920789 0.0305156 0.0241353
2 0.637602 0.890263 0.0223281 0.0366667
2 0.623242 0.885777 0.0262031 0.0248872
2 0.704898 0.865025 0.0223594 0.0420301
2 0.596711 0.822669 0.00967187 0.016416
2 0.575305 0.900351 0.0300469 0.0392481
2 0.689023 0.926253 0.0300469 0.0613283
2 0.810203 0.904073 0.0204375 0.016416
2 0.737656 0.917118 0.0253125 0.042807
2 0.689055 0.966541 0.0279531 0.0249624
2 0.660586 0.81287 0.0289219 0.0520551
2 0.55025 0.895489 0.02775 0.0496742
2 0.587805 0.77604 0.00742187 0.0145363
2 0.507602 0.782932 0.0222031 0.0261654
2 0.623313 0.854612 0.039625 0.0451128
2 0.500633 0.828333 0.0314531 0.0348622
2 0.468734 0.790088 0.0378437 0.0301003
2 0.785531 0.91183 0.0284063 0.0368421
2 0.612969 0.807356 0.03675 0.0389724
2 0.601031 0.877644 0.026375 0.0238596
2 0.706133 0.959236 0.0224219 0.0269925
2 0.792437 0.93188 0.0278125 0.0211529
