3 0.751047 0.946281 0.069625 0.0381875
3 0.66775 0.913229 0.0722187 0.029625
3 0.742773 0.962438 0.0757656 0.0377083
3 0.738273 0.874927 0.0755781 0.0307708
3 0.752445 0.935958 0.0667031 0.023
3 0.749203 0.91575 0.0707812 0.034125
3 0.675531 0.878708 0.0570625 0.032
3 0.627328 0.969229 0.0577187 0.0369167
3 0.684508 0.854271 0.0630156 0.041875
3 0.662109 0.95674 0.0720313 0.0386042
3 0.667859 0.942594 0.0752812 0.0358542
3 0.636375 0.98749 0.0829063 0.0250208
3 0.518789 0.904042 0.0670156 0.0573333
3 0.484438 0.719687 0.0505625 0.0243333
3 0.770477 0.983063 0.0372969 0.033875
3 0.728688 0.977823 0.0676875 0.0387292
3 0.527867 0.703083 0.0467344 0.0317917
3 0.740828 0.894333 0.0751875 0.0233333
