2 0.297946 0.944578 0.081385 0.110844
2 0.939131 0.97657 0.0911268 0.0442656
2 0.210047 0.698484 0.0815493 0.0410625
2 0.632911 0.754945 0.121268 0.0908281
2 0.627148 0.820758 0.122512 0.0631406
2 0.463967 0.905141 0.140798 0.0564375
2 0.492465 0.935289 0.109108 0.0389531
2 0.677207 0.921258 0.214648 0.0795781
2 0.819014 0.733805 0.0533803 0.103172
2 0.772101 0.780047 0.060446 0.0798438
2 0.890446 0.837445 0.070892 0.115078
2 0.372277 0.700555 0.0877934 0.0786406
2 0.16811 0.950539 0.0751878 0.0925469
2 0.234131 0.942461 0.064554 0.114266
2 0.153181 0.886727 0.148615 0.0661094
2 0.716502 0.904047 0.180892 0.123281
2 0.0308099 0.471656 0.0511033 0.0151875
2 0.477958 0.261977 0.011784 0.00657812
2 0.370364 0.310172 0.020446 0.0155312
2 0.360845 0.328258 0.0241784 0.0101406
2 0.553897 0.334547 0.024554 0.0201563
2 0.854096 0.879359 0.0851878 0.122812
2 0.749284 0.892375 0.142653 0.14175
2 0.717805 0.791469 0.0709155 0.105438
2 0.572969 0.270883 0.0165962 0.00482812
2 0.415059 0.970734 0.0992254 0.0585312
2 0.797512 0.868898 0.117042 0.127422
2 0.920986 0.89693 0.0832864 0.133578
2 0.88216 0.755469 0.0668075 0.079625
2 0.584354 0.771984 0.0784272 0.06075
2 0.843462 0.960687 0.0740141 0.078625
2 0.0880399 0.927328 0.125939 0.0483125
2 0.690528 0.317078 0.0129343 0.00665625
2 0.642242 0.97507 0.169789 0.0498594
2 0.483286 0.963875 0.136948 0.0715937
2 0.401455 0.324797 0.028216 0.0134375
2 0.653204 0.729602 0.0830282 0.0889844
2 0.495915 0.303273 0.0321127 0.00901562
2 0.524589 0.811562 0.0902582 0.05325
2 0.835423 0.79157 0.0576056 0.0769219
2 0.977265 0.7285 0.0450469 0.0484062
2 0.400258 0.866664 0.137136 0.0967969
2 0.457148 0.875563 0.0951408 0.0350312
2 0.176585 0.734273 0.208333 0.0461094
2 0.602876 0.854172 0.102277 0.0698438
2 0.42054 0.259766 0.0193427 0.00528125
2 0.191279 0.721352 0.193732 0.0598281
2 0.328357 0.840062 0.0626291 0.127875
2 0.551045 0.265055 0.0260798 0.00685937
2 0.471045 0.760219 0.131056 0.048875
2 0.0335681 0.459164 0.0490141 0.0117969
2 0.66527 0.807 0.0945775 0.0965938
2 0.718192 0.32557 0.0312207 0.0114844
2 0.766761 0.721594 0.0555869 0.0945625
2 0.16635 0.85032 0.0852817 0.0399531
2 0.534296 0.334344 0.0137559 0.00540625
2 0.298486 0.691883 0.100493 0.110047
2 0.707746 0.72993 0.0761502 0.110328
2 0.200646 0.334602 0.0488498 0.0184531
2 0.0531925 0.805031 0.105352 0.049375
2 0.652465 0.939094 0.202864 0.0584687
2 0.179765 0.769648 0.240892 0.0449844
2 0.31419 0.292563 0.0124648 0.0179687
2 0.615211 0.243336 0.00633803 0.00529688
2 0.287148 0.30907 0.0394601 0.0106406
2 0.0643662 0.827469 0.128732 0.056125
2 0.36784 0.286016 0.0175117 0.008875
2 0.851843 0.73618 0.0207746 0.0474531
2 0.362934 0.951977 0.107746 0.0960469
2 0.43108 0.719453 0.145869 0.0669687
2 0.62473 0.260219 0.0139671 0.00665625
2 0.315035 0.317766 0.00687793 0.0175937
2 0.524601 0.310555 0.0131455 0.00748437
2 0.662852 0.306891 0.0280047 0.0203438
2 0.480646 0.987797 0.0479108 0.0244062
2 0.286737 0.327227 0.0333333 0.0114844
2 0.223709 0.336148 0.0137559 0.00929687
2 0.7452 0.968359 0.0882394 0.0632812
2 0.0685798 0.302836 0.0203521 0.00801563
2 0.33257 0.296891 0.0214319 0.0202813
2 0.426197 0.288 0.0283099 0.00809375
2 0.237664 0.826 0.122465 0.07575
2 0.452664 0.293953 0.0119953 0.0135
2 0.956045 0.743406 0.0879108 0.07525
2 0.576502 0.259547 0.0146009 0.0109687
2 0.39135 0.281086 0.0103052 0.0158281
2 0.964718 0.800586 0.0705634 0.0491719
2 0.502277 0.265359 0.0126761 0.00896875
2 0.394096 0.31943 0.0212911 0.0217656
2 0.217852 0.318609 0.0126995 0.0135625
2 0.289472 0.299109 0.0303052 0.0149062
2 0.484636 0.277508 0.0115258 0.00926562
2 0.0853756 0.862742 0.0914554 0.0486719
2 0.591749 0.295188 0.0145775 0.00484375
2 0.470798 0.293234 0.0132864 0.01275
2 0.227124 0.863992 0.135047 0.105641
2 0.236761 0.312719 0.0123005 0.00771875
2 0.420305 0.284773 0.0275587 0.00926562
2 0.954237 0.837195 0.0915258 0.0683906
2 0.386514 0.260492 0.0173005 0.00389063
2 0.104085 0.966344 0.0925822 0.0673125
2 0.0206221 0.447164 0.0338263 0.0342031
2 0.565423 0.316109 0.00877934 0.0139063
2 0.0102113 0.486977 0.0189671 0.0124844
2 0.713768 0.308945 0.0134038 0.0120781
2 0.296068 0.296406 0.0263615 0.0173437
2 0.449354 0.788141 0.103545 0.0535
2 0.337347 0.329969 0.0187324 0.00678125
2 0.628404 0.313742 0.0169953 0.0103594
2 0.52608 0.290164 0.00995305 0.00392188
2 0.598134 0.285938 0.0079108 0.0056875
2 0.428674 0.329195 0.0183803 0.0107344
