3 0.980203 0.563917 0.0375937 0.0440833
3 0.877734 0.148656 0.0166875 0.0183542
3 0.790336 0.253219 0.0142656 0.0264792
3 0.986617 0.370333 0.0267656 0.043875
3 0.910125 0.174219 0.033375 0.0399792
3 0.824375 0.396417 0.030125 0.0364167
3 0.968102 0.136927 0.0248281 0.0258125
3 0.963188 0.364646 0.0311875 0.0365833
3 0.929766 0.192938 0.0270937 0.0351667
3 0.783695 0.326156 0.0328906 0.0351042
3 0.991102 0.542344 0.0170469 0.0406875
3 0.953875 0.375677 0.0203438 0.0326875
3 0.906102 0.538344 0.0282656 0.0330208
3 0.880414 0.535615 0.0131406 0.0133542
3 0.964766 0.484698 0.028375 0.0227708
3 0.853758 0.402344 0.0318281 0.0421458
3 0.758867 0.29501 0.0196094 0.0244792
3 0.966547 0.616687 0.0131562 0.0181667
3 0.820898 0.245698 0.0126094 0.0283958
