4 0.17307 0.764028 0.0268906 0.0158782
4 0.194445 0.77911 0.0423906 0.0264169
4 0.400461 0.817564 0.0488906 0.0264169
4 0.24693 0.760738 0.0369531 0.024192
4 0.431289 0.802436 0.0427344 0.0171897
4 0.223461 0.746218 0.0348594 0.0209133
4 0.455227 0.788958 0.0430781 0.0328103
4 0.206164 0.73623 0.0370781 0.015363
4 0.205234 0.76137 0.0444375 0.025363
4 0.366 0.829438 0.037125 0.0274473
4 0.163461 0.796557 0.0367969 0.0322248
4 0.372758 0.804122 0.0640781 0.0273068
4 0.18632 0.821885 0.0373594 0.0234895
4 0.18868 0.749871 0.0335469 0.0180094
4 0.404211 0.772389 0.0362031 0.0167681
4 0.187258 0.801803 0.0423906 0.0307728
4 0.277289 0.771522 0.0431406 0.0214052
4 0.227711 0.817377 0.0486094 0.0221546
4 0.37393 0.7724 0.0375156 0.0230679
4 0.367273 0.785351 0.0299219 0.0167447
4 0.456961 0.818431 0.0511406 0.0276347
4 0.273289 0.823841 0.0438594 0.0220609
4 0.236055 0.798595 0.0449531 0.0253864
4 0.236875 0.780422 0.0480312 0.0303044
4 0.24018 0.83137 0.0262031 0.0257377
