0 0.253523 0.25451 0.00954687 0.00902083
0 0.241539 0.176844 0.00595313 0.0069375
0 0.209398 0.171052 0.00617188 0.00985417
0 0.216883 0.169812 0.00923437 0.0115417
0 0.250781 0.23625 0.00971875 0.0105833
0 0.233469 0.238323 0.00828125 0.0107708
0 0.231586 0.168417 0.00857813 0.0105833
0 0.240813 0.210333 0.007125 0.0110417
0 0.270492 0.23974 0.00729687 0.0071875
0 0.213281 0.192594 0.0069375 0.0100625
0 0.209109 0.178177 0.00615625 0.00502083
0 0.258836 0.235906 0.00942187 0.0107708
0 0.200141 0.195073 0.00778125 0.00852083
0 0.23118 0.24649 0.00914062 0.0102292
0 0.277914 0.231771 0.00557812 0.00691667
0 0.23182 0.191594 0.00917187 0.0132292
0 0.223008 0.194927 0.00698437 0.0086875
0 0.194164 0.17025 0.00789063 0.01025
0 0.256328 0.207365 0.0071875 0.0128958
2 0.308977 0.223333 0.00710937 0.00666667
2 0.301992 0.226396 0.00445313 0.00766667
2 0.314898 0.223719 0.00692187 0.00589583
2 0.300578 0.218854 0.0073125 0.004875
2 0.316297 0.214458 0.0076875 0.014875
2 0.295656 0.208458 0.00903125 0.0169167
2 0.309695 0.208604 0.00979688 0.01025
2 0.286961 0.235885 0.00592188 0.00535417
2 0.317367 0.229344 0.00829687 0.0093125
2 0.279023 0.225646 0.00820313 0.00629167
