5 0.646344 0.889062 0.0594792 0.0405313
5 0.669958 0.852156 0.0615 0.0340937
5 0.482302 0.915813 0.0721458 0.0584687
5 0.418948 0.943445 0.0588125 0.0713906
5 0.674135 0.930641 0.0899375 0.0404375
5 0.464885 0.85057 0.0821042 0.0416406
5 0.565688 0.86043 0.0371667 0.0382656
5 0.513448 0.877687 0.0658125 0.034125
5 0.436271 0.902625 0.062375 0.0352188
5 0.73324 0.907227 0.0952292 0.0388281
5 0.34451 0.856547 0.105188 0.050375
5 0.558948 0.964008 0.147437 0.0607344
5 0.52175 0.978789 0.0730833 0.0376719
5 0.591885 0.920969 0.0375208 0.0324062
