2 0.17007 0.455876 0.00967187 0.00810748
2 0.103289 0.446963 0.0212969 0.0215888
2 0.126234 0.489614 0.0144063 0.0125467
2 0.0805391 0.473446 0.0155781 0.0174533
2 0.150328 0.487418 0.0124688 0.0104907
2 0.0545469 0.466787 0.0223125 0.020257
2 0.215617 0.483715 0.0115469 0.00682243
2 0.155203 0.462862 0.00546875 0.0060514
2 0.183727 0.486554 0.0127031 0.00778037
2 0.0743438 0.458446 0.0217812 0.0198832
2 0.0113203 0.485643 0.0156094 0.0128271
2 0.0619141 0.488376 0.0137344 0.0123131
2 0.124805 0.460175 0.0174219 0.0164252
2 0.103102 0.481157 0.0168281 0.023715
2 0.0699375 0.476379 0.01 0.0169159
2 0.0535 0.482558 0.0209375 0.0143692
2 0.121609 0.44736 0.0145937 0.0135981
2 0.116289 0.474614 0.0195781 0.0235748
2 0.234211 0.485794 0.00876563 0.00799065
2 0.160625 0.483505 0.0185937 0.0135514
2 0.0785391 0.488002 0.0144219 0.0174533
2 0.13968 0.489463 0.0139219 0.0117757
2 0.163836 0.461846 0.0132031 0.0148598
2 0.0373594 0.486717 0.0112812 0.00848131
2 0.174461 0.487442 0.0123594 0.00820093
2 0.0337266 0.477488 0.0161406 0.0169393
2 0.166906 0.470339 0.0128438 0.0115187
2 0.143352 0.46257 0.0178594 0.0164019
2 0.082125 0.447114 0.013875 0.016285
2 0.0936172 0.45257 0.0192344 0.0158879
2 0.113258 0.490152 0.0118906 0.00922897
2 0.0250234 0.484416 0.0146719 0.0119159
2 0.202539 0.475561 0.0116719 0.0120561
2 0.197172 0.469603 0.0081875 0.00827103
2 0.190844 0.47361 0.0081875 0.0092757
2 0.175422 0.478341 0.0104688 0.0130841
2 0.196445 0.486472 0.0116094 0.00523364
2 0.130867 0.449743 0.00670312 0.0122897
2 0.150125 0.454568 0.0080625 0.00820093
2 0.183523 0.465643 0.0102969 0.011285
2 0.0965469 0.489322 0.0104063 0.0115888
3 0.248703 0.456659 0.0173437 0.02
3 0.224344 0.447348 0.0094375 0.0106776
3 0.268555 0.481285 0.0132031 0.0101402
3 0.266367 0.472395 0.0112344 0.0166121
3 0.295664 0.478855 0.0133906 0.01
3 0.209219 0.470315 0.006875 0.010257
3 0.277469 0.473505 0.0104688 0.011028
3 0.238859 0.482009 0.0118438 0.00985981
3 0.233242 0.45361 0.0113594 0.0101168
3 0.216469 0.472465 0.0148437 0.0170327
3 0.264289 0.463715 0.0115781 0.00845794
3 0.207758 0.457827 0.0113281 0.0120561
3 0.298055 0.470129 0.0120156 0.0140888
3 0.253383 0.480958 0.00807813 0.00411215
3 0.277195 0.467056 0.00979688 0.010514
3 0.226648 0.458715 0.0130469 0.0158879
3 0.242266 0.469369 0.009625 0.00897196
0 0.06475 0.909486 0.0480625 0.0605607
0 0.0308594 0.959907 0.0352813 0.0643458
0 0.0754922 0.935818 0.0584531 0.0804673
0 0.157609 0.898505 0.044875 0.0791589
0 0.116625 0.911893 0.0485312 0.068271
0 0.152727 0.866741 0.0505156 0.0482944
0 0.0991328 0.864334 0.0549219 0.0571729
