4 0.628086 0.179637 0.0343906 0.0476112
4 0.869289 0.161288 0.0432031 0.0568618
4 0.609516 0.241534 0.033 0.0407728
4 0.809992 0.102588 0.0255469 0.0344965
4 0.819742 0.222143 0.0473906 0.0749649
4 0.865078 0.10048 0.0370937 0.030281
4 0.658992 0.181452 0.0370469 0.0503513
4 0.715539 0.104438 0.0373594 0.0530913
4 0.784766 0.175878 0.0435625 0.0370492
4 0.898313 0.232061 0.0506875 0.0673068
4 0.880891 0.19952 0.0395937 0.0755269
4 0.728109 0.146792 0.0454688 0.0540984
4 0.771047 0.112518 0.03775 0.0478454
4 0.800078 0.136792 0.0502812 0.0570492
4 0.828898 0.173103 0.0457656 0.0597424
4 0.943437 0.208525 0.0414375 0.0678689
4 0.657195 0.229215 0.0424219 0.0551522
4 0.593953 0.178782 0.0395 0.0551756
4 0.658594 0.132155 0.0380937 0.0550351
4 0.694117 0.22822 0.0387656 0.0548478
4 0.737008 0.22678 0.0391094 0.0539344
4 0.615031 0.147225 0.0370313 0.0477049
4 0.746938 0.0925878 0.0360938 0.0645667
4 0.860008 0.233396 0.0498281 0.0555504
