2 0.832641 0.0416458 0.038 0.0832917
2 0.325641 0.089875 0.0697812 0.17975
2 0.260359 0.107813 0.07075 0.215625
2 0.461094 0.0943021 0.103156 0.188604
2 0.152227 0.157177 0.131297 0.303063
2 0.54675 0.0433854 0.0719687 0.0867708
2 0.0679922 0.154969 0.135984 0.254271
2 0.379984 0.0867083 0.0700313 0.173417
2 0.76832 0.0241667 0.0383594 0.0483333
2 0.799758 0.0209687 0.0302656 0.0419375
2 0.0993516 0.205698 0.0779844 0.313854
2 0.336281 0.194427 0.0595625 0.122229
2 0.391297 0.144229 0.0689687 0.228792
2 0.750227 0.0178021 0.0256406 0.0356042
2 0.0733047 0.372562 0.0696094 0.095375
2 0.777672 0.0490208 0.0373125 0.0769167
2 0.209875 0.12376 0.0582812 0.247521
2 0.282211 0.0484479 0.0254531 0.0957292
2 0.893945 0.0137188 0.0272969 0.0274375
2 0.80507 0.0432708 0.0479844 0.0865417
2 0.861133 0.0302604 0.0332656 0.0594792
2 0.0260078 0.0465208 0.0520156 0.0930417
2 0.447641 0.0508333 0.0654062 0.101667
2 0.953336 0.578844 0.0700156 0.0411875
2 0.928562 0.561656 0.0415312 0.0312708
2 0.148227 0.293531 0.0871719 0.103854
2 0.0646484 0.0840938 0.126922 0.162562
2 0.0375859 0.322312 0.0715156 0.203583
3 0.594344 0.722365 0.0301875 0.0307708
3 0.609008 0.744031 0.0304531 0.0400208
3 0.66932 0.727354 0.0169219 0.0284583
3 0.634648 0.765406 0.0321094 0.0371875
3 0.628367 0.737687 0.0225781 0.02325
3 0.52507 0.719531 0.0306094 0.0296458
3 0.615867 0.711333 0.0209531 0.0271667
3 0.579602 0.743208 0.0309531 0.0284583
3 0.566516 0.72276 0.02725 0.0163958
3 0.634141 0.710906 0.0311563 0.0192292
3 0.562531 0.747323 0.0209063 0.0383542
3 0.651578 0.760385 0.022375 0.0397292
3 0.659781 0.814 0.0216562 0.0252083
3 0.62393 0.72324 0.0256094 0.0140625
3 0.548883 0.721667 0.0226406 0.0298333
3 0.649086 0.728865 0.0310156 0.0347292
3 0.652594 0.826927 0.0284687 0.0261458
2 0.0625234 0.65324 0.0432344 0.0434375
2 0.109187 0.722313 0.0395313 0.024625
2 0.189437 0.731979 0.0284687 0.0166667
2 0.0564609 0.69799 0.0389219 0.0289792
2 0.0201094 0.716917 0.0402187 0.04975
2 0.155297 0.681156 0.0379375 0.0381042
2 0.119867 0.671167 0.0334531 0.046375
2 0.0874766 0.679552 0.0337344 0.0564375
2 0.196906 0.69474 0.0309687 0.0320625
2 0.0957734 0.649385 0.0268594 0.0191458
2 0.209141 0.718917 0.0402813 0.0255833
2 0.0346484 0.647219 0.0255469 0.0238125
2 0.170789 0.66526 0.0309844 0.0268125
2 0.105375 0.70026 0.0336562 0.0323125
2 0.222312 0.68001 0.0257812 0.0425625
2 0.02525 0.675594 0.035 0.0412708
2 0.146141 0.616792 0.017125 0.015125
2 0.147937 0.645854 0.0371875 0.0344167
2 0.241063 0.694875 0.0286563 0.0430833
2 0.0729922 0.70974 0.0334531 0.0156458
2 0.0240469 0.637115 0.0290312 0.0256458
2 0.136047 0.706021 0.0373125 0.0387083
2 0.144359 0.683833 0.0255625 0.0259167
2 0.0900625 0.629896 0.04375 0.0335833
2 0.0568594 0.676792 0.032875 0.02025
2 0.177367 0.70899 0.0315469 0.0306875
2 0.00541406 0.681781 0.0104219 0.0428542
