3 0.633156 0.885156 0.163271 0.09025
3 0.442708 0.556164 0.122708 0.0733906
3 0.215448 0.107422 0.0802708 0.0473438
3 0.391115 0.424914 0.102188 0.0573906
3 0.150573 0.570258 0.125812 0.0851406
3 0.788573 0.0394531 0.0546875 0.02975
3 0.529625 0.48243 0.0769167 0.0443594
3 0.197615 0.381078 0.107354 0.0595
3 0.812677 0.321047 0.110979 0.0561562
3 0.703979 0.466391 0.0960417 0.0659062
3 0.716927 0.363898 0.115562 0.0677031
3 0.667979 0.151281 0.0959167 0.04925
3 0.322625 0.673203 0.124458 0.10025
3 0.479979 0.291664 0.0947083 0.0546094
3 0.0255313 0.703922 0.0510625 0.0563438
