2 0.559445 0.486792 0.0823906 0.0913652
2 0.271 0.522739 0.0703438 0.0468771
2 0.589578 0.54442 0.0690625 0.0704096
2 0.605844 0.608558 0.0287813 0.0510751
2 0.630383 0.514744 0.0721094 0.152048
2 0.656516 0.590435 0.08225 0.158993
2 0.202891 0.507073 0.0774688 0.103464
2 0.139398 0.512765 0.0749531 0.0823891
2 0.469938 0.571041 0.0508438 0.075256
2 0.249437 0.469676 0.0574375 0.0686348
2 0.421992 0.589471 0.0609844 0.0867235
2 0.160031 0.446519 0.0873125 0.0668601
2 0.536859 0.594462 0.0485938 0.0616894
2 0.697227 0.775154 0.0788906 0.0887713
2 0.52575 0.567654 0.0826875 0.104898
2 0.225914 0.432679 0.0434844 0.0593174
2 0.153078 0.54477 0.0610313 0.0463993
