4 0.278156 0.255698 0.0406875 0.0400625
4 0.393648 0.408 0.0487969 0.0877083
4 0.449367 0.517594 0.0706094 0.0868542
4 0.35768 0.282781 0.0562031 0.0746458
4 0.336141 0.334344 0.06675 0.0723958
4 0.379891 0.477917 0.0541875 0.0807083
4 0.418336 0.567729 0.0683281 0.086875
4 0.37618 0.339417 0.0276094 0.0442917
4 0.300484 0.452417 0.0545312 0.102708
4 0.286047 0.36274 0.0554375 0.0876875
4 0.297844 0.228281 0.034875 0.0519375
4 0.431047 0.467948 0.05675 0.0555208
4 0.27 0.52426 0.0641875 0.0767292
4 0.443539 0.323031 0.0672031 0.0678958
4 0.254539 0.293396 0.0615469 0.081625
4 0.358086 0.581219 0.0681719 0.105229
4 0.319703 0.276167 0.04875 0.0675
4 0.396836 0.291458 0.0436094 0.0964167
4 0.244898 0.469531 0.0632656 0.0843542
4 0.324641 0.378146 0.0490312 0.0919583
4 0.35157 0.440354 0.0564219 0.119708
4 0.444844 0.387656 0.0670625 0.0777708
0 0.168688 0.222854 0.193375 0.287708
2 0.522383 0.557677 0.252578 0.347229
