3 0.231141 0.435958 0.039875 0.073
3 0.094375 0.499323 0.0321562 0.0603542
3 0.29882 0.465792 0.0525469 0.097
3 0.520859 0.668052 0.0513125 0.0501875
3 0.195641 0.421104 0.051375 0.044
3 0.144688 0.440031 0.0471562 0.0503542
3 0.364313 0.597281 0.061875 0.0632292
3 0.256023 0.484344 0.0501406 0.0496042
3 0.270016 0.539625 0.078875 0.0760833
3 0.204273 0.502781 0.0551719 0.0997292
3 0.316727 0.567146 0.0612969 0.0776667
3 0.417156 0.611302 0.0753438 0.0834792
3 0.467562 0.631667 0.066 0.102958
3 0.261039 0.432729 0.0681094 0.07475
3 0.134438 0.487448 0.0618125 0.100437
3 0.187453 0.464583 0.0497812 0.0632083
3 0.404281 0.542448 0.0595313 0.0780208
3 0.34743 0.50949 0.0724844 0.0985208
3 0.111195 0.450958 0.0376094 0.0490417
3 0.173359 0.532115 0.0380625 0.0485625
