2 0.0515234 0.675125 0.0405781 0.044625
2 0.105703 0.746312 0.0505625 0.0521667
2 0.0588125 0.763156 0.043375 0.0455208
2 0.127758 0.697188 0.0493594 0.0572083
2 0.0862813 0.731177 0.0454375 0.0593958
2 0.707563 0.788354 0.0548125 0.0459583
2 0.0929844 0.66199 0.0366563 0.0317708
2 0.0261953 0.719469 0.0347344 0.0386875
2 0.0569609 0.730875 0.0180156 0.0252917
2 0.774062 0.874948 0.0390937 0.0434375
2 0.0187656 0.694104 0.0375313 0.0512917
2 0.141055 0.725437 0.0269219 0.03025
2 0.680422 0.824458 0.0296875 0.0439167
2 0.760953 0.978281 0.0467187 0.0434375
2 0.129195 0.747552 0.0210156 0.0288958
2 0.749789 0.891292 0.0205781 0.0533333
2 0.0901953 0.690979 0.0415469 0.0471667
2 0.0516172 0.714229 0.0319219 0.0438333
