0 0.413852 0.682705 0.0400781 0.0467681
0 0.824664 0.449485 0.199422 0.195831
0 0.394023 0.726405 0.0570469 0.0816159
0 0.697641 0.577436 0.103125 0.155902
0 0.215797 0.712822 0.0447813 0.0559016
0 0.299734 0.683197 0.0452813 0.0734192
0 0.403828 0.641464 0.0415312 0.0510304
0 0.373523 0.584567 0.0472969 0.0514754
0 0.340695 0.607002 0.0330469 0.0529274
0 0.677828 0.257283 0.222969 0.366276
0 0.299687 0.584227 0.0388125 0.0576815
0 0.36475 0.663759 0.055625 0.0687822
0 0.261539 0.606487 0.0622656 0.0404684
0 0.434234 0.625984 0.0469062 0.052623
0 0.350617 0.547026 0.0473594 0.078829
0 0.281625 0.64082 0.041875 0.0666511
0 0.280406 0.561569 0.0359375 0.031007
0 0.255125 0.717822 0.04 0.055644
0 0.315766 0.628899 0.0500625 0.0757377
0 0.611039 0.573712 0.181922 0.178712
0 0.300375 0.53418 0.0355625 0.0581967
0 0.204719 0.653396 0.0599063 0.0750351
0 0.240117 0.646862 0.0350469 0.0523185
0 0.247688 0.664227 0.0454688 0.0792272
