4 0.399445 0.703337 0.0629219 0.0994351
4 0.59368 0.591046 0.0797344 0.0657322
4 0.601492 0.646695 0.0825781 0.100669
4 0.417023 0.594864 0.0599219 0.0706485
4 0.685234 0.825533 0.0745938 0.108431
4 0.459133 0.671161 0.0992656 0.145293
4 0.549078 0.736402 0.09425 0.121799
4 0.527211 0.467939 0.0800781 0.0879707
4 0.701891 0.715314 0.0807812 0.0828452
4 0.466188 0.783954 0.0712187 0.11728
4 0.284727 0.569174 0.0692344 0.092364
4 0.649992 0.646925 0.0817969 0.111297
4 0.39932 0.802782 0.0813281 0.107322
4 0.463578 0.489948 0.0735937 0.0619874
4 0.40807 0.518619 0.0611406 0.0837657
4 0.758203 0.813944 0.074 0.128054
4 0.599539 0.494843 0.0775156 0.132741
4 0.554805 0.867113 0.0983281 0.126695
4 0.604008 0.819048 0.0940469 0.081318
4 0.316633 0.600513 0.0507031 0.0794351
4 0.632258 0.534948 0.0752031 0.100105
4 0.344711 0.745753 0.0752969 0.116695
4 0.495055 0.556287 0.0507656 0.0892678
4 0.362867 0.635659 0.0708906 0.10182
4 0.394336 0.468692 0.0842969 0.0510251
4 0.317414 0.517897 0.0450156 0.0893933
4 0.627812 0.927343 0.0715 0.113305
4 0.7025 0.930638 0.085125 0.136841
4 0.629875 0.76045 0.0605313 0.121569
4 0.358414 0.538389 0.0634531 0.109331
4 0.501617 0.856433 0.0680156 0.139644
4 0.51368 0.619885 0.0758594 0.0600209
4 0.555914 0.941684 0.0903906 0.0673431
