0 0.81632 0.601444 0.0220469 0.0370657
0 0.868547 0.168439 0.0359688 0.0326056
0 0.166563 0.793228 0.0375937 0.0555634
0 0.284031 0.256209 0.0369688 0.0502113
0 0.384758 0.340646 0.0308906 0.0347183
0 0.219453 0.887805 0.049625 0.0699765
0 0.545477 0.26757 0.0301719 0.0184272
0 0.213563 0.787676 0.0378437 0.0526761
0 0.303289 0.827629 0.0411406 0.0586385
0 0.901273 0.0820423 0.0214844 0.0271831
0 0.86268 0.46412 0.0289844 0.041338
0 0.378766 0.672124 0.031125 0.035892
0 0.843633 0.43608 0.0263594 0.0407981
0 0.862625 0.137207 0.0196875 0.0338498
0 0.799883 0.605915 0.0330469 0.04277
0 0.757875 0.198462 0.0235313 0.0220423
0 0.886477 0.156362 0.0404531 0.0578873
0 0.40293 0.75257 0.0430156 0.0630751
0 0.470883 0.824413 0.0409219 0.0628169
0 0.759406 0.211925 0.03 0.0176995
0 0.561734 0.208169 0.0349062 0.0504695
0 0.720203 0.515669 0.0266875 0.0390376
0 0.63657 0.613157 0.0337969 0.053169
0 0.171781 0.980646 0.0465313 0.0387089
0 0.912445 0.104871 0.0279531 0.044108
0 0.295242 0.299613 0.0455156 0.0643427
0 0.764516 0.483885 0.0262188 0.0391784
0 0.498375 0.207124 0.0344375 0.0567371
0 0.815125 0.488638 0.0278438 0.0413146
0 0.383461 0.360962 0.0417656 0.0230986
0 0.687164 0.165904 0.0336406 0.0454225
0 0.413297 0.0115376 0.0215938 0.0230751
0 0.145883 0.894847 0.0391406 0.0635446
0 0.361687 0.0269249 0.0165313 0.02
0 0.583344 0.262688 0.0445 0.0346244
0 0.293281 0.940082 0.04125 0.0589437
0 0.283516 0.795692 0.0426562 0.0634977
0 0.189828 0.860106 0.03775 0.0512911
0 0.218773 0.819272 0.0392344 0.0593427
0 0.624648 0.26385 0.0375156 0.031784
0 0.19268 0.325728 0.0274844 0.0390141
0 0.380656 0.298721 0.0400625 0.064108
0 0.109539 0.383052 0.0373281 0.0685915
0 0.453664 0.654108 0.0343594 0.048216
0 0.399234 0.246127 0.0214688 0.0307512
0 0.329336 0.234484 0.0383594 0.041784
0 0.713305 0.154343 0.0272969 0.0433803
0 0.140977 0.339026 0.0426094 0.05777
0 0.849992 0.508005 0.0337656 0.0493897
0 0.67243 0.68466 0.0358906 0.0466432
0 0.641391 0.696796 0.0354688 0.0330751
0 0.62618 0.228709 0.0331094 0.0477465
0 0.759453 0.527042 0.0184062 0.0371831
0 0.427406 0.0411502 0.013625 0.0105164
0 0.455453 0.715904 0.0400625 0.0620423
0 0.103328 0.329366 0.0451875 0.0560563
0 0.42643 0.660211 0.0385156 0.0477465
0 0.168 0.307711 0.036375 0.0523709
0 0.474828 0.0766784 0.018125 0.0238263
0 0.72432 0.549836 0.0269219 0.0393427
0 0.18025 0.822969 0.038875 0.0512911
0 0.345594 0.3402 0.0473438 0.0611502
0 0.493469 0.686925 0.035125 0.0574178
0 0.535562 0.197876 0.0317812 0.0409624
0 0.0127109 0.856221 0.0254219 0.0422535
0 0.0310078 0.421338 0.0429531 0.0651174
0 0.873883 0.497829 0.0355469 0.0511972
0 0.703367 0.533509 0.0260781 0.0392254
0 0.351164 0.057054 0.0167031 0.0176761
0 0.0634844 0.349988 0.0434688 0.049507
0 0.363352 0.211819 0.0383281 0.0399765
0 0.607859 0.203697 0.022625 0.0330751
0 0.583336 0.192488 0.0279531 0.0423005
0 0.13682 0.957207 0.0483594 0.0684507
0 0.772633 0.12439 0.0368281 0.0484507
0 0.243391 0.770176 0.0358438 0.0519484
0 0.747 0.498239 0.0251875 0.0226291
0 0.115242 0.457101 0.0362031 0.0118545
0 0.432609 0.743075 0.0328125 0.0410329
0 0.27557 0.843638 0.00885937 0.0187324
0 0.893672 0.467195 0.0299063 0.0481925
0 0.596203 0.623451 0.03375 0.0433333
0 0.714219 0.491913 0.0270625 0.0355634
0 0.307258 0.883462 0.0375156 0.0623709
0 0.264477 0.750775 0.0373281 0.06
0 0.626094 0.660892 0.0348437 0.0518779
0 0.374492 0.717089 0.0390469 0.0575117
0 0.192414 0.407793 0.0472969 0.0678404
0 0.270828 0.892782 0.0430313 0.0672066
0 0.373617 0.0784038 0.0240156 0.0347418
0 0.643656 0.22912 0.0295938 0.0540141
0 0.931359 0.119507 0.0259688 0.0365728
0 0.34532 0.0307629 0.0170469 0.0292254
0 0.839539 0.134437 0.0338281 0.039061
0 0.395836 0.0199765 0.0211719 0.0348826
0 0.41943 0.337923 0.0451094 0.0606808
0 0.724719 0.207101 0.0312812 0.024108
0 0.608164 0.567887 0.0361094 0.0513615
0 0.215297 0.952817 0.0479062 0.068216
0 0.352453 0.0778991 0.02075 0.0234038
0 0.664719 0.142324 0.0315 0.0423474
0 0.353547 0.311021 0.0441563 0.0564085
0 0.427789 0.277817 0.0467031 0.0633333
0 0.752078 0.57608 0.0310312 0.0412676
0 0.0221484 0.963251 0.0442969 0.0734977
0 0.217344 0.346667 0.0441563 0.0502347
0 0.372289 0.0474531 0.0222344 0.0262207
0 0.726391 0.167617 0.0344375 0.0479577
0 0.656781 0.646538 0.039375 0.0556573
0 0.483883 0.765 0.0462031 0.0756338
0 0.524102 0.235246 0.0384844 0.0605399
0 0.136172 0.851197 0.03875 0.0611737
0 0.437766 0.787054 0.0415937 0.0623239
0 0.00714063 0.904354 0.0127812 0.058615
0 0.408773 0.64689 0.0282656 0.0357512
0 0.784828 0.198674 0.0307812 0.0410094
0 0.42775 0.831056 0.0455938 0.06
0 0.0732891 0.380646 0.0525156 0.0669249
0 0.835938 0.472183 0.0312812 0.0421127
0 0.803695 0.144871 0.0323906 0.0471596
0 0.734742 0.20223 0.0271094 0.0335681
0 0.220781 0.386631 0.044 0.0774883
0 0.83457 0.16277 0.0371719 0.0384507
0 0.874437 0.101338 0.0231875 0.0266667
0 0.373578 0.0115493 0.0225312 0.02277
0 0.806461 0.421561 0.0291719 0.0310094
0 0.766898 0.601021 0.0298281 0.0415258
0 0.569156 0.631538 0.0269375 0.0569249
0 0.756719 0.164742 0.0325625 0.05
0 0.438609 0.0835915 0.0197813 0.0174178
0 0.660359 0.175763 0.022 0.0335915
0 0.608523 0.688146 0.0292031 0.0341784
0 0.824539 0.564343 0.0136406 0.0294366
0 0.497594 0.817688 0.0240313 0.0569249
0 0.310273 0.339859 0.0357656 0.0415493
0 0.910406 0.503521 0.0300938 0.0415493
0 0.170352 0.905035 0.0522969 0.0720892
0 0.642609 0.558333 0.0358125 0.0529577
0 0.742773 0.526808 0.0248906 0.0405164
0 0.585133 0.551162 0.0308594 0.0392254
0 0.703273 0.134319 0.0228281 0.0240845
0 0.409805 0.313721 0.0235156 0.0289906
0 0.427961 0.238979 0.0395469 0.0435915
0 0.593695 0.213322 0.0277344 0.0320423
0 0.616461 0.592523 0.0344844 0.0575352
0 0.71982 0.57723 0.0242031 0.0333333
0 0.420352 0.0839437 0.0220469 0.0271831
0 0.597906 0.244437 0.035875 0.055493
0 0.426461 0.0653052 0.0219219 0.0265258
0 0.32357 0.275423 0.0408906 0.0677934
0 0.0738516 0.437347 0.0539844 0.0507512
0 0.672867 0.613779 0.0380469 0.05723
0 0.358687 0.701221 0.030125 0.0456338
0 0.384992 0.0258451 0.0225781 0.0342254
0 0.944531 0.102946 0.02625 0.0325587
0 0.686672 0.13757 0.0264375 0.0306338
0 0.820789 0.588897 0.0249844 0.0357277
0 0.445438 0.0705751 0.0218125 0.0232629
0 0.862719 0.433603 0.0209688 0.0299296
0 0.107203 0.435739 0.0315312 0.0469249
0 0.681664 0.194613 0.0286094 0.0240141
0 0.363609 0.258333 0.0424375 0.0522535
0 0.951891 0.131397 0.024625 0.0257981
0 0.247828 0.850364 0.0434688 0.0602582
0 0.147141 0.37757 0.0467813 0.0551408
0 0.858141 0.086608 0.0234062 0.030446
0 0.0241484 0.381913 0.0452969 0.0545305
0 0.452234 0.327042 0.0353438 0.0460094
0 0.396672 0.687688 0.0340937 0.0553756
0 0.693625 0.652183 0.0334062 0.0505164
0 0.351922 0.0949296 0.020625 0.0266667
0 0.87257 0.123392 0.0279844 0.0267371
0 0.342617 0.0543075 0.00876563 0.020493
0 0.968203 0.132876 0.0141563 0.0230751
0 0.461109 0.0524648 0.019875 0.0282629
0 0.916453 0.132946 0.0247188 0.0187089
0 0.211977 0.329636 0.0408281 0.041338
0 0.354586 0.748486 0.0248906 0.0503052
0 0.805844 0.558944 0.0269062 0.0411737
0 0.891336 0.118627 0.0224219 0.020493
0 0.886445 0.0898709 0.0216406 0.0269249
0 0.370383 0.775951 0.0424531 0.0620423
0 0.421625 0.701667 0.0374063 0.05277
0 0.802234 0.530164 0.03225 0.0420188
0 0.789102 0.557864 0.0103906 0.0171831
0 0.446023 0.0477817 0.0170156 0.0256103
0 0.835727 0.109484 0.0286406 0.0379343
0 0.802594 0.452371 0.029375 0.0484977
0 0.0381719 0.910634 0.0509687 0.0623005
0 0.573508 0.579495 0.0345781 0.052277
0 0.834367 0.41284 0.0312969 0.0383099
0 0.779969 0.0957042 0.0239375 0.0183099
0 0.784148 0.157852 0.0277031 0.0344366
0 0.257539 0.972653 0.0505781 0.0531455
0 0.390969 0.808333 0.0409062 0.0648826
0 0.513656 0.766115 0.0270312 0.0542488
0 0.657258 0.58277 0.0365781 0.0498122
0 0.140922 0.424742 0.0513125 0.0705164
0 0.769336 0.57243 0.0110781 0.0202582
0 0.642758 0.257559 0.0204531 0.0284507
0 0.803969 0.0994836 0.0340312 0.0444131
0 0.503078 0.730434 0.0340312 0.0372066
0 0.873094 0.529847 0.029625 0.0247183
0 0.706922 0.194484 0.0249062 0.0342723
0 0.590766 0.600587 0.0202188 0.0215023
0 0.543164 0.241796 0.0336406 0.0463146
0 0.253875 0.930012 0.0395937 0.0549531
0 0.741938 0.474883 0.0253437 0.0373239
0 0.857344 0.109131 0.01775 0.0220657
0 0.368813 0.235493 0.0414687 0.0403286
0 0.861117 0.414049 0.0241406 0.0288498
0 0.899164 0.523122 0.0264844 0.0362911
0 0.458727 0.0769249 0.0226719 0.0266667
0 0.967187 0.119883 0.0225625 0.0269953
0 0.772664 0.54642 0.0269531 0.0408216
0 0.593102 0.655387 0.0327344 0.0484742
0 0.398383 0.281021 0.0267656 0.0518075
0 0.8725 0.0823474 0.015 0.0166667
0 0.777805 0.508897 0.0306094 0.0435681
0 0.748297 0.556326 0.0259375 0.0293662
0 0.735656 0.138603 0.0293125 0.0335915
0 0.553055 0.169401 0.0342656 0.0382394
0 0.455117 0.284613 0.0259219 0.045939
