4 0.14107 0.161491 0.0457031 0.0193192
4 0.0536172 0.222629 0.00789063 0.0264319
4 0.0742109 0.186526 0.0493594 0.0457746
4 0.0663203 0.207653 0.0209531 0.0486385
4 0.0792109 0.193768 0.0220781 0.0397887
0 0.0645781 0.0434507 0.020625 0.0295775
0 0.105984 0.0438028 0.0194062 0.025446
0 0.0463437 0.0859507 0.0187812 0.0220423
0 0.055875 0.0654812 0.0209375 0.0263146
0 0.156133 0.0850235 0.0141094 0.0142254
0 0.0854609 0.0432394 0.0195781 0.0275587
0 0.103313 0.101315 0.0214688 0.0211268
0 0.0742266 0.0986033 0.0265781 0.0336854
0 0.0485469 0.148944 0.0157188 0.0283568
0 0.0977187 0.0924061 0.0152812 0.0145775
0 0.0802578 0.0625704 0.0203594 0.0298357
0 0.0315391 0.0846479 0.00929687 0.0176995
0 0.0620781 0.122371 0.0214688 0.0283099
0 0.0376016 0.105434 0.0176094 0.0265962
0 0.0422969 0.0745305 0.0125625 0.0200469
0 0.108508 0.0722183 0.0150156 0.0247183
4 0.0478437 0.177969 0.0134687 0.0202582
4 0.100023 0.135305 0.0252656 0.0344601
4 0.0456016 0.195293 0.00760937 0.0284272
4 0.109828 0.1577 0.022125 0.0269014
4 0.156445 0.138028 0.0215156 0.0299061
4 0.0680781 0.157418 0.0289063 0.0239437
4 0.135047 0.148944 0.0225625 0.0216432
4 0.178719 0.130411 0.0234062 0.0157042
4 0.142156 0.126561 0.0251875 0.0303052
4 0.176695 0.112535 0.0216094 0.0168075
4 0.176102 0.138204 0.0200469 0.0173944
4 0.0662734 0.144343 0.0239531 0.0264789
4 0.124211 0.116221 0.0131406 0.0157277
4 0.184594 0.124519 0.0273125 0.0185681
1 0.499625 0.574237 0.0640312 0.0857042
1 0.73125 0.302817 0.0370625 0.0633333
1 0.141492 0.299085 0.0408594 0.0832394
1 0.690508 0.284343 0.0526094 0.0640845
1 0.566398 0.867934 0.0405469 0.0584038
1 0.265531 0.253815 0.0651562 0.0937324
1 0.777328 0.359202 0.0552813 0.0848357
1 0.529953 0.345235 0.041875 0.0275587
1 0.824 0.379354 0.0459688 0.0691315
1 0.106297 0.310012 0.0263125 0.0550939
1 0.874641 0.442371 0.0355625 0.0594366
1 0.548227 0.316667 0.0606719 0.0615962
1 0.349609 0.263275 0.0615 0.0926995
1 0.509281 0.195869 0.0430313 0.0538967
1 0.356187 0.203885 0.0485312 0.0543427
1 0.21918 0.286303 0.0641406 0.094061
1 0.0982891 0.408298 0.0213906 0.0456103
1 0.58482 0.494577 0.0641406 0.0849296
1 0.461953 0.522488 0.0579063 0.0862441
1 0.929 0.451244 0.0586563 0.0751643
1 0.91118 0.592207 0.0573906 0.0488732
1 0.42332 0.281056 0.0578594 0.0907042
1 0.781805 0.320927 0.0592344 0.0656573
1 0.699336 0.496596 0.0520469 0.0695775
1 0.584914 0.375563 0.0486719 0.0634272
1 0.617539 0.33054 0.0534531 0.0670423
1 0.619812 0.301315 0.0533125 0.0394366
1 0.721539 0.842195 0.0381094 0.0545775
1 0.172859 0.623685 0.082625 0.116338
1 0.211914 0.208826 0.0381719 0.0344601
1 0.329484 0.416408 0.0584375 0.0668075
1 0.880867 0.542535 0.0561094 0.0724883
1 0.954102 0.514941 0.0552031 0.0673474
1 0.666875 0.428462 0.0514375 0.080446
1 0.45543 0.343955 0.0590781 0.0897418
1 0.566352 0.223427 0.0262344 0.0716432
1 0.116773 0.350669 0.0336406 0.0584742
1 0.958437 0.587488 0.05225 0.0475117
1 0.678672 0.560646 0.0561562 0.0799765
1 0.478242 0.26777 0.0554219 0.0620188
1 0.412047 0.642207 0.0662812 0.0761502
1 0.864461 0.595434 0.0540781 0.0496948
1 0.516664 0.493955 0.0600156 0.0819484
1 0.187977 0.362887 0.0731094 0.0959624
1 0.129977 0.396467 0.0345469 0.0779108
1 0.797125 0.484789 0.0572187 0.0782629
1 0.930336 0.545505 0.0514219 0.0661268
1 0.250063 0.439343 0.0753438 0.11216
1 0.645195 0.496725 0.0586094 0.0803052
1 0.830828 0.824542 0.03775 0.0589906
1 0.183906 0.253838 0.0616563 0.0942958
1 0.464477 0.200927 0.0444531 0.0689906
1 0.742219 0.487394 0.05075 0.0680282
1 0.60857 0.416009 0.0679531 0.0909859
1 0.966961 0.450998 0.0466406 0.0739671
1 0.483305 0.322523 0.0503906 0.0829343
1 0.93768 0.325387 0.0425469 0.0506338
1 0.814406 0.600364 0.0582812 0.0525587
1 0.167969 0.354202 0.0454688 0.0884977
1 0.98368 0.334941 0.0326406 0.0717606
1 0.0869219 0.358216 0.022375 0.058216
1 0.831203 0.546925 0.0564687 0.0774178
1 0.981008 0.764542 0.0365781 0.0629812
1 0.538742 0.459765 0.0556406 0.0701878
1 0.672266 0.330951 0.0564687 0.073216
1 0.592797 0.613803 0.0731875 0.0661972
1 0.554961 0.558228 0.0607344 0.0729812
1 0.140914 0.549437 0.0412031 0.0729108
1 0.638437 0.383709 0.047875 0.0524883
1 0.959664 0.339765 0.0497656 0.0683099
1 0.180984 0.882101 0.05825 0.0785211
1 0.395531 0.324695 0.0549375 0.0909859
1 0.52093 0.215411 0.0519844 0.0705399
1 0.731195 0.369272 0.0540781 0.07277
1 0.363687 0.583955 0.0712187 0.103545
1 0.783602 0.549073 0.0516406 0.0689437
1 0.248273 0.629237 0.0818594 0.0969718
1 0.846773 0.480622 0.0562969 0.0801174
1 0.865281 0.819261 0.0349062 0.0534038
1 0.476945 0.630974 0.0629844 0.0537324
1 0.109781 0.321561 0.0232812 0.0488967
1 0.618078 0.556115 0.0580312 0.0729812
1 0.230563 0.181138 0.0531875 0.0431221
1 0.402562 0.182312 0.0565937 0.0850939
1 0.121344 0.503685 0.0274063 0.0657746
1 0.362492 0.357042 0.0702969 0.100892
1 0.531531 0.255141 0.0518438 0.0798122
1 0.762266 0.601772 0.0565937 0.0593192
1 0.320094 0.161045 0.0523125 0.0742958
1 0.711609 0.611538 0.0552813 0.0466432
1 0.248523 0.341174 0.0473906 0.0657277
1 0.35357 0.899707 0.0499219 0.0682864
1 0.733562 0.553333 0.0590625 0.0823005
1 0.400188 0.433556 0.0650625 0.093169
1 0.338664 0.492535 0.0713906 0.109249
1 0.438813 0.580681 0.05775 0.0751174
1 0.122555 0.380739 0.0372656 0.0829343
1 0.712117 0.432113 0.0512344 0.0734742
1 0.90582 0.42527 0.0427656 0.0456573
1 0.516297 0.426185 0.02925 0.0580986
1 0.280609 0.53277 0.0844688 0.120798
1 0.3045 0.227453 0.0589375 0.0842019
1 0.207648 0.536232 0.0723906 0.110023
1 0.469797 0.148991 0.0460625 0.0611737
1 0.589203 0.268685 0.0428125 0.0335681
1 0.965547 0.803415 0.0346875 0.0552817
1 0.684688 0.847124 0.0394375 0.0588028
1 0.535781 0.627864 0.057 0.05
1 0.525906 0.873333 0.0457813 0.0619718
1 0.277531 0.352007 0.0669687 0.0801643
1 0.394563 0.25473 0.044125 0.0720423
1 0.964477 0.406526 0.0354531 0.0294836
1 0.551562 0.416667 0.0487812 0.0631925
1 0.701031 0.805059 0.046125 0.0693662
1 0.748156 0.330951 0.010625 0.0278638
1 0.975977 0.568979 0.0480469 0.055892
1 0.369695 0.853592 0.0521094 0.0712207
1 0.164742 0.929965 0.0555469 0.0698826
1 0.212492 0.924167 0.0487031 0.0628873
1 0.838008 0.339613 0.0504219 0.0406808
1 0.196148 0.272946 0.0524531 0.0878169
1 0.0910703 0.374331 0.0212969 0.0569249
1 0.54218 0.829883 0.0499844 0.0726761
1 0.990789 0.800646 0.0184219 0.0512441
1 0.506445 0.379507 0.0426094 0.0541784
1 0.181867 0.490446 0.0715156 0.108169
1 0.987648 0.43858 0.0243594 0.0681925
1 0.930773 0.384542 0.0321406 0.0454225
1 0.407523 0.525188 0.0572344 0.100329
1 0.918445 0.359472 0.0253906 0.0170657
1 0.86693 0.380446 0.0534844 0.0676995
1 0.846078 0.784906 0.0414687 0.0657746
1 0.328797 0.553192 0.0122188 0.0196244
1 0.307133 0.324847 0.0617969 0.0926056
1 0.655711 0.610317 0.0599844 0.0591784
1 0.440859 0.224131 0.0575312 0.0844131
1 0.397945 0.894977 0.0460469 0.0585446
1 0.426445 0.394108 0.0597344 0.095446
1 0.324633 0.621479 0.0735469 0.0994836
1 0.144406 0.439906 0.0395313 0.0833333
1 0.449844 0.453451 0.0631562 0.0620657
1 0.537281 0.593592 0.0290312 0.0304225
1 0.763344 0.429883 0.053125 0.0719718
1 0.900992 0.48412 0.0554531 0.0754225
1 0.112281 0.441385 0.02375 0.0209859
1 0.579937 0.338838 0.0315625 0.0271127
1 0.486039 0.422066 0.0510156 0.0959155
1 0.812813 0.423146 0.0550937 0.0837089
1 0.76318 0.49115 0.0369531 0.0653052
24 0.0798906 0.255751 0.018625 0.0296714
24 0.0992266 0.286338 0.0183906 0.0230516
24 0.0872187 0.32243 0.0112187 0.0185211
24 0.108258 0.254519 0.0169219 0.0208216
24 0.0860156 0.302582 0.0175937 0.0226761
24 0.0748047 0.304519 0.0127969 0.0220423
24 0.0900156 0.27142 0.0321562 0.0220423
24 0.0755547 0.333275 0.0211094 0.0501174
24 0.0980391 0.250411 0.0196094 0.0245305
24 0.0692266 0.27439 0.0136406 0.0394366
