4 0.215609 0.70678 0.0623125 0.109298
4 0.0672109 0.78276 0.0764531 0.116659
4 0.201219 0.313305 0.1085 0.122107
4 0.362375 0.720109 0.0720313 0.0913559
4 0.0990469 0.713039 0.04625 0.0629782
4 0.151695 0.901525 0.0630469 0.0871186
4 0.280852 0.791199 0.106922 0.130436
4 0.102531 0.317228 0.0962812 0.110581
4 0.0551094 0.629165 0.092375 0.129467
4 0.0530625 0.515012 0.0795 0.122857
4 0.277867 0.904697 0.0559844 0.0868281
4 0.374414 0.610811 0.0825781 0.134262
4 0.289852 0.694213 0.0770156 0.0825182
4 0.230711 0.400521 0.110828 0.135036
4 0.215891 0.612143 0.0673125 0.0961501
4 0.364547 0.799213 0.0647188 0.0864165
4 0.28957 0.607119 0.0834844 0.108329
4 0.352148 0.898632 0.0863906 0.136683
4 0.342336 0.389867 0.117828 0.109177
4 0.132562 0.822288 0.0727187 0.0917433
4 0.10982 0.418959 0.105578 0.14707
4 0.30682 0.295835 0.109734 0.120533
4 0.139602 0.627215 0.0901094 0.132978
4 0.199805 0.798487 0.0635156 0.0991041
4 0.344953 0.496828 0.112906 0.147409
4 0.247305 0.5246 0.0928906 0.129637
4 0.212883 0.893692 0.0529844 0.0984262
4 0.146945 0.512785 0.113766 0.128765
4 0.0338984 0.716017 0.0656094 0.1223
4 0.0660625 0.879528 0.0724375 0.10632
4 0.154648 0.739661 0.0873281 0.110073
0 0.594406 0.456416 0.0726563 0.101453
0 0.458258 0.507203 0.0602031 0.0945521
0 0.445555 0.349637 0.0737656 0.102954
0 0.409211 0.279722 0.0870469 0.146852
0 0.516977 0.364274 0.0716406 0.0928087
0 0.591094 0.37316 0.0805937 0.112954
0 0.453383 0.428801 0.0722344 0.101041
0 0.592516 0.273232 0.098375 0.134939
0 0.52425 0.43868 0.0710625 0.0964891
0 0.597648 0.550121 0.0807969 0.121695
0 0.684172 0.424794 0.088 0.150412
0 0.79532 0.520969 0.0869219 0.136416
0 0.695109 0.54293 0.0880625 0.137869
0 0.522164 0.53155 0.0726406 0.111138
8 0.795063 0.520763 0.088375 0.138426
8 0.918102 0.384867 0.0224531 0.0306538
8 0.909828 0.420666 0.0270625 0.0246731
8 0.939266 0.402893 0.022 0.0341162
8 0.917281 0.362385 0.0249375 0.0261743
8 0.895672 0.443753 0.0144687 0.0246973
8 0.933563 0.3477 0.0177813 0.02954
8 0.888781 0.342615 0.0210938 0.0390315
8 0.962414 0.436308 0.0231719 0.0350847
8 0.939063 0.370981 0.0180625 0.0263196
