7 0.955422 0.441396 0.0690937 0.0924583
7 0.822641 0.332188 0.072375 0.0938333
7 0.960836 0.619812 0.0783281 0.104875
7 0.690641 0.428208 0.0637812 0.0934167
7 0.753531 0.581417 0.0699375 0.103708
7 0.698594 0.6295 0.0650937 0.09475
7 0.833437 0.722531 0.0800312 0.123312
7 0.830375 0.509219 0.0739062 0.0927708
7 0.812453 0.422156 0.0731875 0.0962292
7 0.888328 0.61949 0.0690625 0.0953125
6 0.861352 0.573156 0.0378594 0.0496042
6 0.727117 0.525531 0.139266 0.200271
6 0.892617 0.35926 0.0785469 0.0978542
6 0.754438 0.701865 0.0870313 0.116062
6 0.683188 0.530208 0.0734375 0.108208
6 0.81718 0.6145 0.0740781 0.106
6 0.969398 0.526021 0.0612031 0.107875
6 0.915977 0.419083 0.0560156 0.0770417
6 0.750516 0.366458 0.0777188 0.103625
6 0.859516 0.443354 0.0487812 0.0916667
6 0.915398 0.706083 0.0807656 0.0949167
