6 0.289 0.65997 0.13184 0.170507
6 0.40127 0.523299 0.19142 0.182299
6 0.35131 0.394194 0.0525 0.0990149
6 0.57746 0.671388 0.05796 0.115552
6 0.59144 0.780239 0.21212 0.155224
6 0.37372 0.701582 0.21652 0.310687
6 0.47459 0.737015 0.18962 0.192478
6 0.4306 0.636015 0.19168 0.208507
6 0.17362 0.708776 0.15376 0.134627
6 0.26217 0.762657 0.19782 0.118269
2 0.68146 0.661418 0.19924 0.331851
2 0.74427 0.411343 0.26818 0.218149
2 0.50921 0.373313 0.18974 0.259164
2 0.19085 0.440507 0.28054 0.434507
2 0.5981 0.510642 0.26044 0.228388
