1 0.650891 0.6385 0.188094 0.184083
1 0.413773 0.590875 0.0520469 0.098
1 0.458516 0.220344 0.154875 0.152396
1 0.406727 0.419021 0.177828 0.251333
1 0.637766 0.506375 0.07475 0.0805417
1 0.528602 0.55825 0.217734 0.288333
1 0.774766 0.619896 0.0854688 0.1585
0 0.807578 0.372448 0.156 0.235813
0 0.641203 0.193875 0.157406 0.167667
4 0.623836 0.378146 0.401891 0.367292
4 0.599227 0.434906 0.367016 0.362646
24 0.141805 0.367021 0.0529219 0.0705833
24 0.275133 0.318635 0.0525469 0.0945208
24 0.182922 0.393083 0.0644687 0.0350833
24 0.244242 0.351552 0.0664531 0.0640625
24 0.187234 0.330687 0.0649687 0.107042
