4 0.5525 0.762237 0.06788 0.154324
4 0.32968 0.91473 0.0236 0.0542042
4 0.5766 0.781081 0.08696 0.151411
4 0.41666 0.586877 0.02204 0.0467267
4 0.36171 0.439745 0.03362 0.056006
4 0.47439 0.697748 0.04294 0.196036
4 0.5205 0.463213 0.03456 0.201802
4 0.37123 0.350571 0.04982 0.136997
4 0.44835 0.305931 0.03358 0.214444
4 0.39466 0.288949 0.02712 0.144324
4 0.59238 0.403574 0.03404 0.0856456
4 0.37495 0.549369 0.04618 0.138739
4 0.46051 0.521201 0.03986 0.202763
4 0.40607 0.720315 0.07314 0.163033
4 0.40562 0.528468 0.05884 0.137117
4 0.44287 0.427252 0.03158 0.163273
4 0.45629 0.718559 0.0591 0.185345
4 0.50049 0.344925 0.0265 0.135556
4 0.87237 0.632117 0.0519 0.0426727
4 0.32491 0.951592 0.03722 0.0960961
4 0.44024 0.321441 0.03564 0.134174
4 0.57403 0.862267 0.0977 0.0690991
4 0.36232 0.948739 0.0196 0.0936937
4 0.38709 0.356757 0.03306 0.110511
4 0.41674 0.342793 0.02928 0.176276
4 0.49611 0.461246 0.03162 0.181652
4 0.47295 0.264489 0.02634 0.0946246
4 0.55986 0.53488 0.04716 0.205135
4 0.52633 0.338258 0.02754 0.171772
4 0.37813 0.96503 0.02686 0.0699399
4 0.38382 0.513574 0.03204 0.151231
4 0.48727 0.525676 0.02942 0.182342
4 0.52806 0.642102 0.03472 0.156997
4 0.53837 0.306411 0.02342 0.129219
4 0.30159 0.968724 0.02838 0.0594895
4 0.95938 0.702087 0.06 0.043994
4 0.41161 0.41458 0.03022 0.122673
4 0.47271 0.578769 0.02958 0.136396
4 0.41669 0.502613 0.05018 0.134955
4 0.57933 0.559489 0.04858 0.158438
4 0.53659 0.511456 0.04002 0.175646
4 0.50156 0.691336 0.0442 0.174925
4 0.40694 0.778964 0.11288 0.127177
4 0.33827 0.952943 0.03318 0.0894895
4 0.39191 0.959925 0.0183 0.0787087
4 0.5075 0.636532 0.037 0.172342
4 0.27191 0.867057 0.02514 0.0438438
4 0.95138 0.63527 0.06256 0.085976
4 0.41028 0.645105 0.04048 0.184384
4 0.87276 0.686532 0.06192 0.0263964
4 0.96902 0.737853 0.05356 0.074985
4 0.53427 0.722312 0.06038 0.174354
4 0.27477 0.90952 0.03506 0.0673874
4 0.30664 0.957748 0.03176 0.0845045
4 0.04584 0.961411 0.02292 0.0752553
4 0.3087 0.914024 0.01624 0.0284685
4 0.39333 0.864414 0.0065 0.0123123
