1 0.0301094 0.444382 0.0505 0.211608
1 0.599797 0.861737 0.181125 0.276527
1 0.0627891 0.664382 0.117734 0.145501
1 0.0726875 0.554196 0.109281 0.104848
1 0.491219 0.729429 0.135813 0.144172
1 0.336273 0.664895 0.146172 0.138182
1 0.543906 0.900967 0.144625 0.198065
1 0.759797 0.93627 0.116688 0.115245
1 0.0884844 0.780443 0.176969 0.194079
1 0.661086 0.829487 0.120172 0.226946
1 0.193727 0.608112 0.142828 0.134126
1 0.345016 0.944662 0.231031 0.100093
1 0.258742 0.849009 0.172141 0.168135
1 0.709023 0.969091 0.0940469 0.0528205
1 0.279336 0.715804 0.124109 0.117809
1 0.0250781 0.568392 0.0411875 0.0562238
1 0.13625 0.643124 0.119813 0.113706
1 0.141984 0.903928 0.229781 0.192145
1 0.359227 0.819394 0.156453 0.150396
1 0.20468 0.730571 0.145984 0.130886
1 0.447492 0.909114 0.192297 0.167319
1 0.0276406 0.824744 0.043875 0.096014
1 0.420273 0.755082 0.168484 0.144056
0 0.39232 0.370093 0.0652031 0.0725408
0 0.762 0.824627 0.127656 0.198019
0 0.325781 0.471166 0.131844 0.133613
0 0.500578 0.501655 0.102719 0.105828
0 0.714141 0.636935 0.108625 0.118718
0 0.0474844 0.383427 0.08525 0.248904
0 0.108625 0.499289 0.11625 0.15331
0 0.473766 0.639149 0.144937 0.127436
0 0.399578 0.222121 0.0458438 0.0512821
0 0.602305 0.557879 0.112547 0.106061
0 0.795367 0.214872 0.0626719 0.0674592
0 0.605875 0.696841 0.122469 0.0817483
0 0.773031 0.759953 0.130125 0.163963
0 0.975234 0.322179 0.04 0.0948019
0 0.216992 0.534289 0.137734 0.117529
0 0.506742 0.314149 0.0922344 0.0888112
0 0.224469 0.416841 0.121844 0.135035
0 0.293453 0.380326 0.093375 0.0772494
0 0.5445 0.617296 0.117969 0.156923
0 0.470813 0.419324 0.09775 0.0740326
0 0.547094 0.228275 0.0677188 0.0931469
0 0.652039 0.452692 0.110516 0.0885548
0 0.26132 0.204172 0.112797 0.164149
0 0.0979219 0.279289 0.0729062 0.064359
0 0.587039 0.372331 0.124516 0.0909091
0 0.47225 0.192319 0.0819062 0.0807692
0 0.548297 0.395338 0.128719 0.115431
0 0.361102 0.816469 0.160078 0.148462
0 0.557008 0.484744 0.0934219 0.0828205
0 0.135414 0.642308 0.124672 0.118462
0 0.893211 0.322692 0.0562031 0.0709324
0 0.123023 0.377354 0.0913906 0.142541
0 0.823352 0.426282 0.0978906 0.0764336
0 0.0370781 0.262879 0.0643438 0.057366
0 0.719992 0.360186 0.0766719 0.0660606
0 0.650109 0.313765 0.0920938 0.0833333
0 0.20543 0.732366 0.149297 0.127436
0 0.713719 0.433543 0.119406 0.138601
0 0.923859 0.553298 0.107406 0.120862
0 0.916156 0.38042 0.0631562 0.0808858
0 0.426336 0.334103 0.143016 0.118228
0 0.798773 0.510828 0.122828 0.140117
0 0.76968 0.52704 0.106516 0.0940326
0 0.258633 0.852459 0.173109 0.166457
0 0.436445 0.552308 0.130859 0.187366
0 0.712289 0.247529 0.0915469 0.174266
0 0.199945 0.337611 0.0993281 0.116294
0 0.819359 0.732727 0.112625 0.191422
0 0.955125 0.50866 0.0810312 0.135082
0 0.131227 0.13535 0.120547 0.166737
0 0.950656 0.284545 0.0706875 0.0962238
0 0.579109 0.295886 0.0628438 0.0506993
0 0.832328 0.309872 0.05375 0.0715385
0 0.328852 0.591538 0.156141 0.127786
0 0.52968 0.150979 0.0879531 0.09338
0 0.900398 0.602552 0.129328 0.164079
0 0.300914 0.318939 0.0963906 0.0681818
0 0.653781 0.674779 0.132625 0.156224
0 0.859555 0.718497 0.0732969 0.171305
