7 0.208883 0.161031 0.0365469 0.0528125
7 0.268047 0.122052 0.0342812 0.0541875
7 0.222766 0.0245208 0.03675 0.0490417
7 0.31032 0.0414062 0.0446406 0.0496042
7 0.253266 0.0399167 0.0385937 0.0477917
7 0.246633 0.0114583 0.0378906 0.0217917
7 0.255 0.0847917 0.0385 0.0484167
7 0.24707 0.164333 0.0373906 0.05325
7 0.237188 0.11901 0.039125 0.0485625
7 0.287602 0.0736354 0.0431406 0.0545625
7 0.191836 0.103615 0.0266094 0.0450625
7 0.199984 0.0624271 0.0379063 0.0495208
7 0.277562 0.0244688 0.0367188 0.0473542
7 0.201375 0.0102083 0.0324688 0.01975
7 0.200695 0.120469 0.0372031 0.0525625
7 0.333688 0.0203542 0.0321562 0.0375833
7 0.306133 0.102948 0.0455781 0.0494792
