4 0.611664 0.391519 0.0481094 0.0544393
4 0.726117 0.343773 0.0754219 0.0827804
4 0.671047 0.378995 0.06575 0.0730841
4 0.728555 0.377815 0.0522031 0.074229
4 0.703609 0.538762 0.0681563 0.0958879
4 0.683609 0.418984 0.0580625 0.050771
4 0.592828 0.352675 0.0580625 0.0720794
4 0.781305 0.385748 0.0335156 0.0321495
4 0.780484 0.357827 0.0414375 0.0469159
4 0.843516 0.488072 0.070125 0.118388
4 0.636789 0.447278 0.0397969 0.0681542
4 0.744328 0.485748 0.0745 0.101075
4 0.848984 0.416624 0.057 0.0621729
4 0.662078 0.34361 0.0545 0.083528
4 0.660703 0.574696 0.061 0.0542991
4 0.649453 0.511554 0.0482187 0.0933411
4 0.710758 0.456495 0.0656094 0.101075
4 0.800352 0.542804 0.0638906 0.0574766
