1 0.379852 0.558768 0.0275469 0.0311502
1 0.342727 0.588181 0.0132969 0.0151408
1 0.346203 0.574601 0.0244062 0.0304225
1 0.946836 0.660669 0.0304531 0.0412911
1 0.0928828 0.680082 0.0272969 0.0388498
1 0.875281 0.729331 0.0225625 0.0246244
1 0.708625 0.732664 0.019 0.0238263
1 0.760453 0.809812 0.0233437 0.0301878
1 0.402508 0.599742 0.0237031 0.0343662
1 0.931273 0.671901 0.0339219 0.0428169
1 0.823281 0.775869 0.0145625 0.0273709
1 0.865961 0.79946 0.0376719 0.0529577
1 0.605734 0.727864 0.0239375 0.0350235
1 0.758477 0.698979 0.0260781 0.0312911
1 0.854805 0.644894 0.0344844 0.0462676
1 0.234031 0.463991 0.017125 0.0261033
1 0.65693 0.685153 0.0251094 0.0280516
1 0.182102 0.61642 0.0271094 0.0364085
1 0.690203 0.739977 0.0245938 0.0280751
1 0.219258 0.466843 0.0223281 0.0251408
1 0.874406 0.701972 0.03375 0.041784
1 0.845398 0.780962 0.0356094 0.053615
1 0.630734 0.827113 0.0283438 0.0251174
1 0.734305 0.701608 0.0228594 0.0327465
1 0.971242 0.811174 0.0344531 0.0410329
1 0.811273 0.620951 0.0330156 0.0436854
1 0.831289 0.7373 0.0384844 0.0542254
1 0.196656 0.501538 0.00984375 0.0194131
1 0.154531 0.638803 0.0228437 0.0376995
1 0.692578 0.825763 0.0265937 0.0346244
1 0.712703 0.756408 0.0231875 0.0351174
1 0.803719 0.717007 0.0338437 0.0382864
1 0.9145 0.612113 0.027125 0.0274648
1 0.564414 0.712289 0.0219844 0.0346244
1 0.932375 0.741796 0.035625 0.0476761
1 0.892313 0.667254 0.0369375 0.0485915
1 0.863086 0.595505 0.0324844 0.0448592
1 0.851742 0.723251 0.0305156 0.0392254
1 0.164398 0.556033 0.0246094 0.0333333
1 0.211813 0.514225 0.0240313 0.03
1 0.844875 0.840364 0.0379688 0.0517606
1 0.809 0.673251 0.0340937 0.0469249
1 0.952039 0.701502 0.0352344 0.0435681
1 0.386227 0.629378 0.0252969 0.0385211
1 0.93718 0.784988 0.0363281 0.0405399
1 0.819102 0.809026 0.0352969 0.0502582
1 0.633492 0.767242 0.0272969 0.0385681
1 0.839555 0.601338 0.0245469 0.0338498
1 0.444953 0.504613 0.0213125 0.0220423
1 0.902391 0.789413 0.03975 0.0347418
1 0.866578 0.753885 0.0340625 0.0390845
1 0.595594 0.686467 0.024625 0.0316197
1 0.936281 0.813967 0.0363438 0.0387324
1 0.803727 0.766819 0.0352344 0.0519484
1 0.110195 0.619754 0.0250469 0.026831
1 0.433445 0.641162 0.0277969 0.0392254
1 0.136266 0.625528 0.02375 0.0312911
1 0.917023 0.700516 0.0361406 0.0461502
1 0.400789 0.5198 0.0259219 0.0292254
1 0.15693 0.669542 0.0262031 0.0276291
1 0.783922 0.800833 0.0355625 0.0396009
1 0.406781 0.646585 0.0284063 0.0430282
1 0.978766 0.772312 0.0336562 0.0410563
1 0.902195 0.811925 0.0369844 0.0520657
1 0.375312 0.523979 0.0242188 0.034108
1 0.133836 0.674155 0.0215156 0.02
1 0.588937 0.75615 0.021375 0.0311737
1 0.820867 0.648674 0.0327656 0.0482394
1 0.167125 0.64554 0.0245625 0.0376995
1 0.82468 0.694836 0.0355469 0.0369484
1 0.180375 0.594413 0.02525 0.0230986
1 0.187086 0.556009 0.0246094 0.0269484
1 0.79668 0.743897 0.0335781 0.0446009
1 0.762773 0.727042 0.0191094 0.0324883
1 0.734633 0.807066 0.0260469 0.0366197
1 0.723289 0.686784 0.0216406 0.0330986
1 0.806484 0.834507 0.037 0.0515962
1 0.137445 0.597735 0.0254219 0.0339202
1 0.877602 0.833756 0.0296094 0.025493
1 0.206 0.454354 0.0225 0.034108
1 0.435055 0.572477 0.0268281 0.0350469
1 0.93957 0.626033 0.0299531 0.0407512
1 0.133172 0.652512 0.0257188 0.0348357
1 0.947633 0.76743 0.0202969 0.0174413
1 0.560773 0.778462 0.0260781 0.0343427
1 0.618437 0.691808 0.0236875 0.0276995
1 0.252039 0.483052 0.0205469 0.0221127
1 0.592094 0.82142 0.0274687 0.0298357
1 0.713383 0.838979 0.0214844 0.0164085
1 0.715609 0.7898 0.0265937 0.0374413
1 0.909328 0.643369 0.029 0.0389906
1 0.583422 0.733192 0.0221562 0.0304695
1 0.798828 0.858709 0.0354063 0.0430047
1 0.757227 0.786315 0.0177969 0.0210798
1 0.68625 0.784988 0.0250312 0.0325117
1 0.918898 0.637441 0.0264219 0.0348826
1 0.158555 0.61027 0.0250156 0.031385
1 0.585516 0.800822 0.0288125 0.0343662
1 0.844289 0.673873 0.0340469 0.0490141
1 0.187688 0.576021 0.0240313 0.0325587
1 0.40525 0.455176 0.0216562 0.0269249
1 0.685516 0.688862 0.0177187 0.0281925
1 0.630516 0.800751 0.0245625 0.034507
1 0.898016 0.738005 0.0370313 0.0548826
1 0.106523 0.653251 0.0269219 0.040493
1 0.420687 0.665317 0.0265937 0.0218075
1 0.60725 0.760892 0.0265625 0.036338
1 0.771148 0.839542 0.0264219 0.0342019
1 0.635008 0.7375 0.0183906 0.0234507
1 0.753398 0.846538 0.0173906 0.0110094
1 0.23125 0.4848 0.01975 0.0252347
1 0.452437 0.470986 0.0214688 0.0268075
1 0.716023 0.822782 0.0221719 0.0288498
1 0.0606797 0.525951 0.0176719 0.0254225
1 0.35732 0.626714 0.0267656 0.0353991
1 0.434016 0.517031 0.016375 0.0225587
1 0.784523 0.702242 0.0305781 0.0503521
1 0.692859 0.761749 0.0244375 0.0354695
1 0.96957 0.77993 0.0322031 0.0359155
1 0.75982 0.757535 0.0167656 0.0285915
1 0.890102 0.601749 0.0230156 0.0207746
1 0.378547 0.585646 0.0269375 0.0384742
1 0.882297 0.64757 0.0265937 0.0335915
1 0.426883 0.595563 0.0248906 0.0330986
1 0.225531 0.533005 0.015625 0.0213615
1 0.357227 0.542418 0.0196406 0.0224413
1 0.207641 0.537183 0.0223438 0.0333333
1 0.658062 0.782817 0.0264375 0.0353991
1 0.748867 0.730634 0.0243906 0.0403756
1 0.194516 0.51304 0.005625 0.0262676
1 0.411539 0.557312 0.0243906 0.034108
1 0.654633 0.728873 0.0208906 0.017277
1 0.452945 0.591714 0.0247969 0.0287793
1 0.409219 0.582887 0.0239063 0.0248826
1 0.452391 0.64061 0.0144687 0.0320188
1 0.915398 0.769577 0.0281406 0.0284507
0 0.570523 0.603251 0.0247656 0.0311502
0 0.597625 0.499366 0.0180625 0.0243662
0 0.644539 0.562664 0.0211094 0.029554
0 0.513445 0.571162 0.0257344 0.034108
0 0.51468 0.651667 0.0257344 0.0187324
0 0.630734 0.573204 0.0250625 0.034108
0 0.663773 0.471068 0.0219219 0.029507
0 0.489977 0.612277 0.0240469 0.0317371
0 0.593609 0.646901 0.0277187 0.0228638
0 0.550547 0.568427 0.02775 0.0364789
0 0.57668 0.479202 0.0219219 0.0317371
0 0.532891 0.429002 0.0151875 0.0148122
0 0.550062 0.594002 0.0201875 0.0243427
0 0.668609 0.535986 0.025125 0.0358685
0 0.727289 0.564918 0.0218281 0.0302582
0 0.485023 0.527277 0.0224531 0.0292488
0 0.709852 0.468932 0.0235156 0.024108
0 0.509437 0.550763 0.024375 0.0302582
0 0.579961 0.545739 0.0236094 0.0325117
0 0.639898 0.497441 0.0207969 0.0266667
0 0.720812 0.620129 0.0235313 0.0181925
0 0.617922 0.497594 0.022375 0.0378638
0 0.499187 0.439871 0.0201875 0.0261268
0 0.699367 0.535951 0.0262344 0.0384272
0 0.571211 0.645563 0.0223281 0.0243662
0 0.583906 0.505739 0.023125 0.0324648
0 0.55093 0.650082 0.0257656 0.0197418
0 0.525703 0.467066 0.024375 0.0261502
0 0.508164 0.511279 0.0192656 0.0297418
0 0.47493 0.555458 0.0201094 0.0188498
0 0.528391 0.608251 0.0214688 0.0320423
0 0.741641 0.532171 0.024375 0.0335915
0 0.482633 0.431667 0.0189219 0.0202347
0 0.473695 0.656162 0.0259219 0.0164085
0 0.472406 0.600915 0.0231562 0.0294366
0 0.493531 0.517113 0.0138125 0.0166667
0 0.606656 0.602758 0.0256563 0.0364085
0 0.530617 0.513873 0.0250469 0.0323474
0 0.553625 0.638169 0.0204688 0.0106573
0 0.532 0.57939 0.0252812 0.0360563
0 0.564594 0.447899 0.0181562 0.0219014
0 0.561234 0.436467 0.0195625 0.0175352
0 0.510523 0.623521 0.0253594 0.0367136
0 0.563234 0.426631 0.017375 0.0137793
0 0.541141 0.478709 0.0258437 0.0316901
0 0.474211 0.575246 0.0233594 0.0264085
0 0.470164 0.630176 0.0266094 0.0328873
0 0.546953 0.617042 0.026375 0.0315023
0 0.588336 0.615129 0.0268594 0.0347183
0 0.687109 0.576948 0.02575 0.0343662
0 0.603781 0.578404 0.0255 0.0215023
0 0.549477 0.526596 0.0196094 0.0233333
0 0.475211 0.486408 0.0223281 0.028216
0 0.490648 0.464554 0.0207344 0.033662
0 0.47218 0.474824 0.0191094 0.0251878
0 0.577891 0.566972 0.0276563 0.0234272
0 0.559523 0.482887 0.0147344 0.0270892
0 0.494859 0.539437 0.0259375 0.0281221
0 0.765164 0.635587 0.0296719 0.0394836
