8 0.587742 0.953953 0.0681094 0.0897412
8 0.34893 0.667729 0.0437344 0.108306
8 0.854758 0.728718 0.0461719 0.0831765
8 0.56025 0.124306 0.131125 0.130541
8 0.278617 0.477376 0.0667031 0.1092
8 0.216266 0.513459 0.0809688 0.0757176
8 0.351289 0.394424 0.0742031 0.0815059
8 0.794492 0.760565 0.0725469 0.0933176
8 0.394508 0.525 0.0846406 0.106424
8 0.693461 0.567871 0.0426094 0.0701882
8 0.870461 0.327565 0.0551719 0.146941
8 0.692914 0.874106 0.0742344 0.0974353
8 0.473922 0.148553 0.0880313 0.152494
8 0.773742 0.832188 0.0851094 0.0803765
8 0.0659687 0.430388 0.0718437 0.134094
8 0.287852 0.225506 0.0729531 0.162871
8 0.29993 0.632612 0.0601094 0.08
8 0.658391 0.641282 0.117594 0.122047
8 0.290539 0.7212 0.0880156 0.128047
8 0.444047 0.434247 0.058 0.0480235
8 0.449125 0.278435 0.06575 0.0822353
8 0.163969 0.672024 0.058 0.0436706
8 0.381594 0.646141 0.031 0.0996706
8 0.764977 0.5534 0.0930156 0.105953
8 0.282844 0.359306 0.07025 0.106
