8 0.456258 0.351632 0.0751719 0.123623
8 0.28943 0.245269 0.0670781 0.0856886
8 0.462281 0.197231 0.0837187 0.0790719
8 0.625578 0.102171 0.051875 0.0456587
8 0.584844 0.254027 0.0360625 0.106916
8 0.369328 0.167171 0.08025 0.107275
8 0.577055 0.431572 0.0859844 0.107275
8 0.433531 0.548847 0.0965 0.167575
8 0.307555 0.59494 0.110297 0.199461
8 0.521281 0.120704 0.0241875 0.0268563
8 0.820766 0.392066 0.0870937 0.139581
8 0.803758 0.54238 0.0594844 0.177335
8 0.576867 0.0897305 0.0615156 0.0376048
8 0.62918 0.711093 0.111266 0.168892
