1 0.8874 0.95567 0.22296 0.08702
1 0.660653 0.08955 0.280133 0.1791
1 0.94644 0.08199 0.10712 0.16398
1 0.276947 0.07905 0.296453 0.1581
1 0.638813 0.25034 0.328773 0.22532
1 0.818173 0.79731 0.362053 0.32642
1 0.499707 0.37834 0.265653 0.094
1 0.0475867 0.07485 0.0951733 0.1497
1 0.324853 0.2876 0.310187 0.21776
1 0.628747 0.9133 0.297867 0.1734
1 0.0193333 0.2666 0.0386667 0.04928
1 0.79152 0.20076 0.06608 0.10948
1 0.901787 0.28808 0.196427 0.25256
1 0.0182267 0.5208 0.0364533 0.04596
1 0.79296 0.34954 0.33264 0.19024
1 0.518467 0.92167 0.436133 0.1501
1 0.109773 0.05659 0.07528 0.11318
1 0.51232 0.03938 0.206827 0.07876
1 0.676307 0.66226 0.0977333 0.10432
1 0.788107 0.52944 0.40304 0.27476
1 0.959173 0.64785 0.0618133 0.07946
1 0.81128 0.04541 0.196587 0.09082
1 0.0891467 0.33812 0.178293 0.27892
1 0.156827 0.64468 0.313653 0.2722
1 0.975213 0.53345 0.0481867 0.1661
1 0.0487733 0.87742 0.09504 0.24232
1 0.421173 0.17103 0.271787 0.18666
1 0.47704 0.7 0.382507 0.28672
1 0.60808 0.80204 0.0656533 0.05436
1 0.189987 0.95291 0.29528 0.09418
1 0.487267 0.49464 0.304613 0.24868
1 0.244413 0.80544 0.410267 0.29488
1 0.10684 0.12388 0.113307 0.04564
1 0.887493 0.12462 0.198613 0.19384
1 0.50596 0.09421 0.0398667 0.03834
1 0.792867 0.97425 0.0433867 0.0515
