7 0.953961 0.538844 0.00495313 0.00827083
7 0.937242 0.841479 0.0114219 0.0137083
7 0.974836 0.832094 0.0103281 0.0134792
7 0.988055 0.790771 0.0107344 0.0151667
7 0.888094 0.519021 0.00596875 0.007375
7 0.956859 0.847385 0.014875 0.0143125
7 0.97143 0.858542 0.00929687 0.0102083
7 0.929477 0.544885 0.00848437 0.0106042
7 0.970109 0.791385 0.00715625 0.00847917
7 0.97793 0.825354 0.00785938 0.00991667
7 0.907016 0.829021 0.0079375 0.0119583
7 0.959609 0.522229 0.0050625 0.00679167
7 0.96657 0.553448 0.00785938 0.00827083
7 0.873898 0.817135 0.00779687 0.00922917
7 0.911117 0.834042 0.00670312 0.0107083
7 0.989711 0.496427 0.00660938 0.0088125
7 0.904219 0.837729 0.00765625 0.008875
7 0.970664 0.81151 0.00782813 0.0091875
7 0.884992 0.821042 0.00879687 0.0109167
7 0.889281 0.824427 0.0100313 0.0116875
7 0.965516 0.815406 0.00915625 0.00914583
7 0.960312 0.537177 0.00715625 0.00814583
7 0.936797 0.519281 0.0071875 0.0106458
0 0.863305 0.641479 0.0256719 0.0130833
0 0.908078 0.666354 0.0292812 0.0334583
0 0.857477 0.629333 0.0206719 0.0206667
0 0.927531 0.68326 0.0274687 0.0353125
0 0.864555 0.662208 0.0289844 0.0327083
0 0.847891 0.649365 0.0190625 0.0141042
0 0.925805 0.705656 0.0122656 0.0137292
0 0.948398 0.681563 0.0232656 0.032
0 0.838109 0.638385 0.0282813 0.0145625
0 0.886336 0.679052 0.0136406 0.00785417
0 0.88382 0.661021 0.0237656 0.035
0 0.908062 0.724125 0.0133437 0.0347917
4 0.507898 0.958646 0.0455781 0.0794167
4 0.63125 0.933083 0.0390313 0.123833
4 0.457508 0.947208 0.0182031 0.105583
4 0.419602 0.961479 0.0353906 0.0770417
4 0.703664 0.905167 0.0648281 0.139333
4 0.728328 0.898635 0.0659375 0.114146
4 0.529438 0.942417 0.0672188 0.0846667
4 0.382695 0.955146 0.0244219 0.0897083
4 0.748828 0.890052 0.0384375 0.117979
4 0.614312 0.92774 0.044625 0.117062
4 0.653187 0.920646 0.039125 0.149167
4 0.572984 0.923365 0.049375 0.117563
4 0.443969 0.944198 0.0355625 0.111604
4 0.523352 0.945531 0.0768906 0.108937
4 0.766633 0.890562 0.0402031 0.11775
4 0.472594 0.960062 0.0242812 0.0747917
4 0.777211 0.850823 0.0337344 0.0792292
4 0.547227 0.941896 0.0487656 0.116208
4 0.431953 0.915 0.0415312 0.0698333
4 0.581125 0.924031 0.0425 0.131146
4 0.731242 0.897521 0.0603281 0.114583
4 0.372086 0.980146 0.0272031 0.0390833
4 0.322766 0.968042 0.0334688 0.0617083
4 0.77818 0.884 0.0475469 0.112417
4 0.676227 0.92551 0.0555469 0.110271
4 0.746086 0.819583 0.0160781 0.00533333
4 0.402109 0.957083 0.0285 0.0835
