1 0.753812 0.389854 0.014375 0.0174583
1 0.300609 0.40474 0.0123125 0.00947917
1 0.407633 0.392688 0.0107656 0.00795833
1 0.414984 0.365125 0.015375 0.0205
1 0.289758 0.434948 0.0117344 0.0115208
1 0.432781 0.370385 0.0145625 0.0172708
1 0.397148 0.362823 0.0122969 0.0143542
1 0.433383 0.392083 0.0118281 0.00870833
1 0.3835 0.367271 0.0147813 0.0125833
1 0.370063 0.39026 0.016625 0.0186042
1 0.787188 0.41151 0.01425 0.0186875
1 0.342852 0.428958 0.0120156 0.0119167
1 0.273734 0.423719 0.0098125 0.0120625
1 0.38157 0.379229 0.0171094 0.0210417
1 0.447953 0.372198 0.0155937 0.0142292
1 0.357836 0.392865 0.0121094 0.0189792
1 0.370125 0.402302 0.015 0.0174375
1 0.32118 0.438844 0.0134219 0.0103542
1 0.730656 0.365177 0.0136562 0.0123125
1 0.327055 0.435156 0.0113281 0.0113125
1 0.400852 0.400115 0.0153906 0.0131458
1 0.250719 0.427229 0.0138437 0.0138333
1 0.275383 0.430427 0.0125469 0.0103542
1 0.749617 0.364021 0.0115469 0.014875
1 0.374555 0.407833 0.0172969 0.0190833
1 0.260086 0.41901 0.00595313 0.00564583
1 0.265258 0.434917 0.0117031 0.0105833
1 0.246531 0.43424 0.0075 0.0074375
1 0.323156 0.415438 0.00865625 0.0112917
1 0.389156 0.39724 0.0163125 0.0181458
1 0.390258 0.412813 0.0153906 0.0227917
1 0.4195 0.384615 0.0173125 0.0174375
1 0.360844 0.428948 0.0123125 0.0106458
1 0.396812 0.384792 0.0160625 0.0145417
