24 0.337938 0.366133 0.088125 0.0717656
24 0.344563 0.563828 0.0950417 0.0954688
24 0.426469 0.433531 0.111187 0.0570625
24 0.429542 0.519602 0.0896667 0.0673906
24 0.17026 0.467648 0.128854 0.0928281
24 0.213958 0.555914 0.104333 0.0903281
24 0.232115 0.377523 0.121979 0.0846094
7 0.663104 0.460602 0.08375 0.0677969
7 0.803344 0.588195 0.0798958 0.0480781
7 0.593875 0.547523 0.091125 0.0620781
7 0.718604 0.616422 0.0759167 0.0481562
7 0.714323 0.523734 0.0867708 0.07025
7 0.666781 0.577695 0.0930625 0.0643281
7 0.791292 0.637203 0.0804583 0.062875
7 0.782687 0.562258 0.0925417 0.0622031
7 0.71974 0.479031 0.0771875 0.0506875
7 0.619083 0.500242 0.0839167 0.0654844
7 0.792948 0.490859 0.0808958 0.0572187
7 0.655021 0.529852 0.0484583 0.0461094
4 0.426396 0.471695 0.125208 0.0761719
4 0.287365 0.366031 0.0787708 0.0724375
4 0.18324 0.521422 0.123104 0.0823438
4 0.266958 0.564438 0.097875 0.0986875
4 0.388781 0.55 0.0966875 0.0872187
4 0.402583 0.394453 0.110042 0.0785625
4 0.196979 0.413094 0.128583 0.0875313
