1 0.15712 0.65782 0.310677 0.264422
1 0.704521 0.652344 0.193894 0.136563
1 0.0519719 0.857391 0.103944 0.285219
1 0.309488 0.302977 0.618977 0.473922
1 0.823713 0.604492 0.352574 0.397109
1 0.686782 0.817937 0.452178 0.270437
1 0.741246 0.377266 0.488135 0.399313
1 0.676856 0.948328 0.212789 0.0944375
1 0.792921 0.1325 0.414158 0.265
1 0.349249 0.670648 0.528564 0.503859
1 0.81736 0.894602 0.351221 0.204641
1 0.346287 0.924789 0.542046 0.149859
1 0.939216 0.255914 0.120182 0.307984
1 0.347459 0.0698594 0.606502 0.133875
1 0.0462541 0.533312 0.0925083 0.186188
1 0.920842 0.0309141 0.158317 0.0618281
1 0.0293234 0.0538047 0.0570627 0.0640469
