4 0.849422 0.680094 0.214406 0.464021
24 0.435914 0.566438 0.0667656 0.0652917
24 0.495469 0.536792 0.0659687 0.0915417
24 0.567406 0.570448 0.088375 0.0895208
24 0.503164 0.424635 0.0434844 0.0602292
24 0.568258 0.462906 0.0672656 0.0828958
24 0.47643 0.61501 0.0514531 0.0812292
24 0.508641 0.471792 0.0575 0.0820417
24 0.579492 0.649917 0.0623906 0.0937917
24 0.54175 0.420219 0.0523125 0.0833958
24 0.522328 0.627208 0.0579687 0.1075
24 0.56175 0.630771 0.0350937 0.034125
24 0.584656 0.507885 0.0557813 0.0581042
22 0.710945 0.128083 0.0282656 0.0417917
22 0.665031 0.27374 0.0154375 0.0249792
22 0.642391 0.353385 0.0226875 0.0353958
22 0.664109 0.184198 0.0248438 0.0504375
