4 0.512039 0.320749 0.0444531 0.120281
4 0.739102 0.561733 0.161172 0.261124
4 0.830937 0.39192 0.174531 0.177049
4 0.899891 0.598232 0.144156 0.266862
4 0.180688 0.52308 0.201375 0.192857
4 0.82582 0.762459 0.189453 0.217986
4 0.759648 0.415913 0.153328 0.146956
4 0.26757 0.316323 0.173703 0.286698
4 0.410453 0.217225 0.0787188 0.0369321
4 0.447438 0.610995 0.161031 0.406253
4 0.727258 0.884801 0.230859 0.226604
24 0.597492 0.369602 0.120422 0.145527
24 0.316602 0.941358 0.147766 0.0833724
24 0.511469 0.845105 0.0848125 0.210726
24 0.623367 0.321733 0.119484 0.163888
24 0.407273 0.333607 0.173641 0.250585
24 0.524414 0.387108 0.0731406 0.0577283
24 0.340414 0.660422 0.162516 0.159625
24 0.561781 0.55445 0.168031 0.336721
24 0.145031 0.639895 0.149094 0.241101
