4 0.298781 0.237108 0.123969 0.155995
4 0.582391 0.171838 0.0825625 0.135386
4 0.480875 0.105176 0.124063 0.175878
4 0.776398 0.513583 0.104797 0.16
4 0.708875 0.390515 0.11675 0.163091
4 0.63918 0.189555 0.107609 0.166979
4 0.690859 0.237471 0.09825 0.163794
4 0.226531 0.349602 0.11675 0.160562
4 0.372992 0.139813 0.109141 0.160749
4 0.177609 0.483454 0.108625 0.166721
4 0.806469 0.65411 0.108312 0.143162
7 0.557695 0.0777635 0.0742969 0.0885948
7 0.0910938 0.46719 0.0760625 0.0805152
7 0.83993 0.282213 0.0580156 0.0988056
7 0.217336 0.109602 0.0671094 0.0940984
7 0.951547 0.430948 0.08 0.125878
7 0.774469 0.296745 0.0801562 0.0960187
7 0.147352 0.363091 0.0599219 0.112881
7 0.149062 0.268361 0.0568438 0.0767681
7 0.920484 0.543864 0.0680313 0.137049
7 0.879211 0.433946 0.0727656 0.105738
7 0.108531 0.283981 0.0582812 0.0966745
7 0.801828 0.373208 0.0774375 0.0946136
7 0.0516797 0.296452 0.0656094 0.119696
7 0.764273 0.197482 0.0695781 0.105644
7 0.895398 0.663431 0.0682344 0.10171
7 0.112953 0.196148 0.0770938 0.0976815
7 0.79607 0.142482 0.0663281 0.106932
7 0.0335703 0.384344 0.0671406 0.0780094
7 0.0935 0.380363 0.0625625 0.0966511
7 0.833586 0.445258 0.0697969 0.125738
7 0.882594 0.202237 0.0660312 0.11548
7 0.823922 0.192389 0.052 0.106745
7 0.688078 0.0560773 0.07725 0.0973536
7 0.237078 0.173208 0.0695625 0.0817799
7 0.866656 0.332119 0.0770312 0.140164
7 0.207531 0.241522 0.0772188 0.084356
7 0.951203 0.644696 0.0655937 0.10719
7 0.575969 0.0269204 0.081375 0.0538407
7 0.933336 0.784672 0.0659844 0.0835831
7 0.120922 0.0660773 0.075375 0.0858782
7 0.0341172 0.453677 0.0433594 0.0666511
7 0.908242 0.330328 0.0441094 0.120796
7 0.0496641 0.533337 0.0754219 0.0762763
7 0.156352 0.148607 0.0727969 0.0919672
7 0.863703 0.549262 0.0687813 0.127002
7 0.710727 0.12541 0.0825156 0.0864169
7 0.275375 0.0555504 0.0571875 0.106745
7 0.442211 0.0214169 0.0559219 0.0404918
7 0.741609 0.0648712 0.0557187 0.0794848
7 0.208836 0.0374941 0.0727969 0.0749883
7 0.50643 0.0300234 0.0656094 0.0600468
7 0.382297 0.033185 0.0694063 0.0625761
7 0.00864844 0.492611 0.0172969 0.106628
7 0.650687 0.0246253 0.0696875 0.0492506
7 0.625102 0.0688056 0.0642969 0.0890867
7 0.326234 0.0209953 0.0697812 0.0419906
4 0.481117 0.5687 0.201922 0.448876
24 0.515711 0.270433 0.125109 0.169766
24 0.344539 0.676651 0.0872031 0.137096
24 0.337125 0.358314 0.099 0.149696
24 0.682469 0.503232 0.089375 0.0970023
24 0.270195 0.440679 0.0982031 0.105667
24 0.373742 0.443888 0.0850156 0.136628
24 0.600937 0.325047 0.101406 0.130234
24 0.413094 0.385398 0.0977813 0.150234
24 0.594688 0.768255 0.108375 0.153326
24 0.593938 0.486054 0.0596875 0.111593
24 0.287633 0.669836 0.0735781 0.140843
24 0.727234 0.611745 0.0779062 0.136698
24 0.561492 0.390738 0.0962031 0.181194
24 0.357648 0.563888 0.0960156 0.160796
24 0.632086 0.60589 0.132891 0.197775
24 0.40475 0.263185 0.0656562 0.108103
24 0.465 0.284403 0.101813 0.136206
24 0.265164 0.631569 0.0779219 0.146932
24 0.220539 0.589941 0.0902969 0.158197
24 0.668539 0.747646 0.114859 0.166534
24 0.29107 0.531124 0.0946406 0.0970023
24 0.630156 0.442307 0.064625 0.12822
