8 0.323344 0.641794 0.036625 0.0297593
8 0.281453 0.491543 0.0238125 0.0206346
8 0.448305 0.524311 0.0269219 0.0217943
8 0.822 0.772976 0.0463438 0.0450328
8 0.329664 0.677943 0.0371406 0.0428884
8 0.473055 0.651751 0.0310781 0.0314661
8 0.352695 0.467462 0.0215469 0.00634573
8 0.451063 0.802495 0.0437813 0.0461707
8 0.153148 0.463074 0.0194219 0.0153829
8 0.778594 0.761422 0.0186562 0.03593
8 0.217289 0.546849 0.0324219 0.0259081
8 0.352461 0.507691 0.0216094 0.0240919
8 0.630305 0.694781 0.0171719 0.0284683
8 0.201586 0.37686 0.0171719 0.0159081
8 0.741211 0.788074 0.0234531 0.032035
8 0.424305 0.745 0.0360781 0.0438293
8 0.305758 0.448381 0.0212656 0.0156674
8 0.582227 0.601554 0.0333281 0.0277024
8 0.360055 0.477298 0.0245781 0.0147265
8 0.264703 0.567724 0.0277813 0.0238074
8 0.268602 0.586105 0.0309844 0.0293654
8 0.459203 0.624584 0.0335312 0.0316193
8 0.195961 0.500142 0.0285469 0.0199781
8 0.237531 0.45046 0.0203125 0.0105908
8 0.789359 0.805689 0.0444063 0.0482713
8 0.3595 0.5264 0.0276563 0.0224726
8 0.188711 0.486937 0.0271719 0.0108972
8 0.250492 0.405131 0.0161094 0.0061488
8 0.804141 0.799956 0.0404687 0.0557987
8 0.467477 0.537495 0.0250156 0.0169584
8 0.723703 0.79372 0.0238125 0.0176805
8 0.169625 0.429223 0.0201563 0.013326
8 0.0868516 0.382965 0.0255781 0.0147265
8 0.0991641 0.400766 0.0181406 0.00923414
8 0.258703 0.414891 0.0195625 0.0169584
8 0.79843 0.734103 0.0307656 0.0328009
8 0.24282 0.440077 0.0192656 0.00820569
8 0.148016 0.454617 0.0206875 0.00870897
8 0.311727 0.434912 0.0203281 0.00820569
8 0.563477 0.579628 0.0232344 0.0179869
8 0.756867 0.770908 0.0319844 0.0171335
8 0.228375 0.397604 0.0165313 0.0118381
8 0.14425 0.409497 0.0193437 0.0172429
8 0.277477 0.477637 0.0220469 0.0106346
8 0.211609 0.532943 0.0289375 0.0135886
8 0.612 0.659584 0.0276875 0.0328228
