0 0.93145 0.594247 0.11574 0.116205
0 0.34274 0.546852 0.09132 0.0643675
0 0.39939 0.449157 0.06326 0.107892
0 0.74569 0.473705 0.08682 0.100422
0 0.52568 0.279864 0.04836 0.0317169
0 0.2255 0.343645 0.0928 0.0977108
0 0.5636 0.775542 0.16848 0.230904
0 0.25101 0.296416 0.05274 0.0368675
0 0.17253 0.258961 0.05314 0.0337651
0 0.63927 0.378102 0.0709 0.0976506
0 0.69455 0.400768 0.08366 0.0687048
0 0.1902 0.23741 0.0434 0.0177108
0 0.24086 0.977184 0.11464 0.0425602
4 0.38172 0.621235 0.22992 0.328614
4 0.16515 0.41738 0.18786 0.161747
4 0.12692 0.34747 0.10292 0.118554
4 0.42264 0.268027 0.05932 0.0758735
4 0.3083 0.296566 0.07256 0.0656024
4 0.21964 0.539277 0.15164 0.204277
4 0.81468 0.455843 0.10464 0.124277
4 0.47065 0.304548 0.05258 0.0736747
4 0.87813 0.54378 0.13162 0.183705
4 0.1217 0.301672 0.08784 0.077741
4 0.95744 0.726386 0.08512 0.206867
4 0.14177 0.211883 0.05598 0.0846084
4 0.11899 0.239428 0.06842 0.0833133
4 0.10135 0.96863 0.2027 0.062741
4 0.51255 0.357425 0.0957 0.139006
4 0.26458 0.614413 0.17204 0.0815964
4 0.58072 0.474488 0.048 0.0506627
4 0.67419 0.576913 0.1051 0.0873193
4 0.89738 0.732018 0.11108 0.164819
10 0.71198 0.430226 0.05992 0.0293072
10 0.58755 0.328509 0.0537 0.0326205
10 0.36859 0.826747 0.20882 0.173795
10 0.52084 0.570226 0.12328 0.143524
10 0.20364 0.27131 0.05044 0.035753
10 0.43854 0.292952 0.0382 0.0372892
10 0.45421 0.945151 0.11634 0.0974096
10 0.12021 0.419458 0.05354 0.0573494
10 0.28801 0.352831 0.04134 0.0498193
10 0.59939 0.34491 0.02234 0.0275301
10 0.49959 0.967575 0.12566 0.0648494
