0 0.0826335 0.61634 0.0531796 0.0918
0 0.708107 0.43798 0.112621 0.07852
0 0.203471 0.76356 0.136262 0.0792
0 0.441214 0.52447 0.108204 0.09326
0 0.817464 0.48846 0.110267 0.0672
0 0.486869 0.67529 0.120437 0.10186
0 0.89142 0.74976 0.0874029 0.11432
0 0.892415 0.3631 0.0800728 0.04076
0 0.285583 0.69969 0.114126 0.10146
0 0.382512 0.73618 0.152451 0.13016
0 0.116359 0.48074 0.119126 0.1058
0 0.170728 0.59279 0.131505 0.1081
0 0.0775607 0.6953 0.0452184 0.04236
0 0.271408 0.48023 0.0948544 0.0465
0 0.387367 0.41234 0.0925 0.0646
0 0.680182 0.76818 0.144976 0.08064
0 0.38551 0.6562 0.10165 0.045
0 0.250813 0.51656 0.118956 0.09416
0 0.272403 0.3847 0.057767 0.05748
0 0.721796 0.48348 0.105243 0.08188
0 0.707039 0.55259 0.101311 0.06022
0 0.32432 0.77611 0.101311 0.05862
0 0.808459 0.42592 0.0945874 0.07032
0 0.330874 0.37987 0.0804369 0.0617
0 0.604684 0.70026 0.119903 0.10088
0 0.587172 0.60802 0.111772 0.08924
0 0.919078 0.54943 0.0374757 0.09426
0 0.513058 0.56815 0.11932 0.09886
0 0.719709 0.60717 0.118835 0.08554
0 0.503022 0.3758 0.0732282 0.05932
0 0.907087 0.47584 0.0630097 0.07248
0 0.368726 0.46285 0.109927 0.09354
0 0.30074 0.61056 0.128422 0.09488
0 0.651468 0.62205 0.0600728 0.09738
0 0.915133 0.6727 0.0408981 0.05072
0 0.549187 0.75202 0.148325 0.1092
0 0.42574 0.38262 0.0884223 0.07544
0 0.907367 0.39804 0.0638107 0.05628
0 0.598155 0.4319 0.109369 0.08332
0 0.796553 0.61867 0.0685922 0.06282
0 0.819539 0.67638 0.118107 0.09468
0 0.534417 0.48957 0.0921845 0.07886
0 0.123107 0.72256 0.135583 0.10568
0 0.618459 0.52031 0.118714 0.09394
0 0.798556 0.54626 0.116723 0.0954
0 0.48415 0.42117 0.0886893 0.0685
0 0.102512 0.39521 0.0921602 0.0559
0 0.0857282 0.53392 0.0600971 0.08152
0 0.877451 0.6104 0.119175 0.0936
0 0.239697 0.4171 0.110947 0.08996
0 0.213143 0.38293 0.0912864 0.06706
0 0.876869 0.41975 0.0873301 0.07154
0 0.198726 0.46493 0.0804126 0.07898
0 0.601468 0.38077 0.0689078 0.03886
0 0.0942112 0.78295 0.0781796 0.03822
0 0.302852 0.44428 0.0811408 0.08184
0 0.756905 0.39184 0.0883738 0.08532
0 0.206044 0.68368 0.0990777 0.0878
0 0.83091 0.38696 0.0698786 0.0234
0 0.452633 0.75613 0.0725971 0.09858
0 0.341784 0.53552 0.0942476 0.08924
0 0.164587 0.37216 0.0703398 0.06012
0 0.882124 0.53547 0.0677427 0.06246
0 0.723677 0.69303 0.123471 0.1017
0 0.801748 0.76276 0.120388 0.08916
0 0.114818 0.42561 0.100413 0.05586
0 0.464357 0.45799 0.0875485 0.0727
0 0.675085 0.38029 0.0886165 0.05486
1 0.207767 0.22009 0.0726214 0.05466
1 0.0772816 0.29682 0.0392233 0.07028
1 0.113495 0.19201 0.0711165 0.04138
1 0.336165 0.07117 0.0603398 0.03702
1 0.185 0.19634 0.0723786 0.0416
1 0.357706 0.26599 0.0392961 0.04142
1 0.395777 0.25143 0.0724272 0.05678
1 0.282791 0.32303 0.030534 0.04738
1 0.151214 0.23157 0.0540291 0.0385
1 0.0711286 0.20072 0.0231311 0.032
1 0.336286 0.33012 0.0776699 0.06032
1 0.235837 0.16269 0.0809951 0.06678
1 0.374927 0.30567 0.0665534 0.05602
1 0.267087 0.13114 0.0706311 0.05376
1 0.390158 0.22379 0.073568 0.05242
1 0.305109 0.28615 0.0712379 0.06338
1 0.113556 0.25058 0.0834709 0.0644
1 0.0652791 0.25374 0.0142476 0.02272
1 0.140376 0.13551 0.0690534 0.05326
1 0.0908981 0.12616 0.0316019 0.03904
1 0.0847816 0.33104 0.053835 0.02608
1 0.286917 0.17756 0.0471359 0.04932
1 0.327718 0.09238 0.0600971 0.04784
1 0.0951092 0.22498 0.0677913 0.04692
1 0.190934 0.2464 0.0714806 0.01748
1 0.317367 0.24119 0.083034 0.0629
1 0.168774 0.10746 0.0593932 0.05068
1 0.222354 0.09889 0.0518932 0.03906
1 0.158847 0.16442 0.0625 0.04864
1 0.264187 0.2157 0.0675971 0.05344
1 0.125291 0.11501 0.0558738 0.0371
1 0.324915 0.18802 0.0752184 0.05836
1 0.0869539 0.15999 0.0537621 0.05106
1 0.272415 0.0978 0.066966 0.03728
1 0.353556 0.14101 0.066966 0.05258
1 0.103653 0.30549 0.0148301 0.0435
1 0.316092 0.13403 0.0383495 0.04514
1 0.378507 0.18438 0.0601214 0.05496
1 0.215485 0.12521 0.0351456 0.02362
1 0.443507 0.20655 0.0541019 0.05778
1 0.366893 0.09716 0.0288835 0.02336
1 0.25892 0.24938 0.0560437 0.02696
