1 0.752859 0.704262 0.0198438 0.0248712
1 0.635688 0.496405 0.01675 0.0223185
1 0.828391 0.687061 0.0167813 0.027096
1 0.822117 0.747681 0.0191094 0.0136768
1 0.32175 0.7774 0.039875 0.0580796
1 0.585383 0.587869 0.0201719 0.0330679
1 0.84175 0.707693 0.0222188 0.0312646
1 0.804094 0.657482 0.0222812 0.0255035
1 0.584602 0.557307 0.0174219 0.031007
1 0.768641 0.706347 0.0147813 0.0279157
1 0.24007 0.790386 0.0417031 0.0571663
1 0.28057 0.789977 0.0444531 0.0615457
1 0.416703 0.748009 0.0355 0.0534895
1 0.856141 0.713607 0.01375 0.0264169
1 0.785039 0.619239 0.0234219 0.0308431
1 0.831891 0.647459 0.0145 0.0217564
1 0.388008 0.725855 0.0353906 0.0507728
1 0.795047 0.678817 0.0200938 0.0217096
1 0.653828 0.602623 0.0119688 0.0194848
1 0.783805 0.657611 0.0162344 0.0238407
1 0.801234 0.607049 0.0209375 0.0222951
1 0.778992 0.634696 0.0145469 0.0223653
1 0.816398 0.679227 0.0158906 0.0281967
1 0.79618 0.641792 0.0217031 0.0240984
1 0.740375 0.714204 0.02 0.0294848
1 0.695367 0.57589 0.0116719 0.0199766
1 0.679203 0.616511 0.0156875 0.0257143
1 0.758734 0.726393 0.0199688 0.0274941
1 0.509727 0.596288 0.00667187 0.00845433
1 0.722125 0.679192 0.0189687 0.0236768
1 0.205852 0.784871 0.0421094 0.059719
1 0.796312 0.718841 0.0191562 0.0294848
1 0.750625 0.630468 0.0125938 0.0152225
1 0.508547 0.578349 0.0208125 0.0305621
1 0.800844 0.743724 0.0203438 0.0233255
1 0.744211 0.664391 0.0169531 0.0217564
1 0.681984 0.486194 0.016125 0.0249883
1 0.610914 0.474824 0.0164219 0.024637
1 0.814289 0.724637 0.0180781 0.0267916
1 0.674234 0.594719 0.0159688 0.0208197
1 0.819172 0.619871 0.0071875 0.00742389
1 0.857641 0.694227 0.021875 0.0284543
1 0.672633 0.657892 0.0200781 0.0225761
