6 0.544633 0.976063 0.0258594 0.04625
6 0.433133 0.930125 0.0136719 0.0292083
6 0.60968 0.993552 0.0337031 0.0128958
6 0.583367 0.981844 0.0303906 0.0302708
6 0.519555 0.99076 0.0229844 0.0161458
6 0.43243 0.91825 0.0178594 0.0365
6 0.420383 0.95074 0.0251094 0.0304375
6 0.453305 0.942781 0.0365156 0.0511458
6 0.435 0.992979 0.0245312 0.0140417
6 0.462406 0.901687 0.0352188 0.0215
6 0.493719 0.972094 0.036125 0.0339375
6 0.487672 0.947542 0.0316563 0.0453333
6 0.486063 0.98601 0.0269062 0.0273125
6 0.520266 0.96349 0.0275313 0.0396875
6 0.460656 0.977823 0.0323125 0.0443542
4 0.841164 0.190115 0.0587656 0.0542708
4 0.801195 0.381635 0.0608594 0.0970625
4 0.756898 0.254677 0.0536719 0.0836875
4 0.81543 0.262698 0.0521719 0.0712708
4 0.779391 0.197854 0.0555937 0.0780833
4 0.845422 0.158208 0.0410625 0.0349167
4 0.705758 0.253208 0.0544219 0.064875
4 0.685859 0.232094 0.0311563 0.0425625
4 0.665563 0.310708 0.0460313 0.0743333
4 0.744969 0.379104 0.057625 0.0809583
4 0.801344 0.226031 0.049375 0.0682708
4 0.781359 0.303042 0.0593125 0.093875
4 0.63375 0.373146 0.053875 0.0747083
4 0.687219 0.375802 0.0598437 0.0630208
4 0.728773 0.223083 0.0559531 0.0684583
4 0.728453 0.312573 0.0386562 0.0707708
4 0.774523 0.160521 0.0567344 0.0528333
4 0.66218 0.215875 0.0269219 0.0338333
4 0.66057 0.269437 0.0451406 0.0575417
4 0.728328 0.182427 0.0359688 0.0325625
