23 0.193289 0.108112 0.0615469 0.0843061
23 0.248477 0.0887755 0.0560469 0.0720816
23 0.299109 0.190133 0.0514063 0.0638571
23 0.298602 0.134245 0.0567344 0.0795102
23 0.247328 0.160133 0.0732812 0.0804694
23 0.217867 0.158806 0.0445469 0.0777347
23 0.247469 0.22448 0.066875 0.0704694
7 0.131234 0.363745 0.113281 0.081898
7 0.229289 0.325449 0.0406406 0.0620816
7 0.275805 0.293245 0.0820156 0.107143
7 0.193398 0.372571 0.0547656 0.0592245
7 0.271406 0.366051 0.0989375 0.0738571
6 0.337961 0.363969 0.0498281 0.0733673
6 0.385586 0.187296 0.132859 0.199898
6 0.412039 0.314112 0.120328 0.181816
6 0.365563 0.246765 0.177031 0.192143
1 0.477555 0.316571 0.192391 0.190939
1 0.48775 0.182918 0.182594 0.206327
