10 0.692397 0.720856 0.120127 0.167267
10 0.159413 0.765644 0.131873 0.1636
10 0.560325 0.317867 0.0856667 0.137156
10 0.443238 0.502467 0.0989206 0.140667
10 0.969817 0.559433 0.0603651 0.1118
10 0.988405 0.2141 0.0231905 0.0615333
10 0.71854 0.518511 0.0770159 0.0443111
2 0.978024 0.788467 0.0439524 0.18
2 0.34304 0.571944 0.15773 0.196956
2 0.903484 0.834611 0.122714 0.239489
2 0.650651 0.181533 0.149238 0.196933
2 0.935429 0.144422 0.112698 0.166089
2 0.316865 0.261244 0.154778 0.193733
2 0.842722 0.595256 0.131222 0.189622
2 0.590881 0.506256 0.136714 0.185844
2 0.754302 0.9818 0.103111 0.0359111
2 0.713556 0.618811 0.157556 0.189978
2 0.989484 0.141556 0.0210317 0.102978
