4 0.38907 0.389979 0.0625469 0.0541841
4 0.156258 0.555983 0.0846094 0.098159
4 0.340273 0.407301 0.0453906 0.0582008
4 0.346609 0.53387 0.0640625 0.113054
4 0.415219 0.532364 0.0654375 0.112803
4 0.106195 0.552144 0.0416719 0.0867155
4 0.107555 0.475366 0.0371719 0.0643724
4 0.223031 0.562856 0.0954062 0.10772
4 0.286375 0.546067 0.0667813 0.113013
4 0.299391 0.416872 0.0499687 0.0636192
4 0.639656 0.605816 0.152812 0.400126
4 0.2085 0.420879 0.0500625 0.0639331
4 0.179297 0.413713 0.0484062 0.0650837
4 0.568875 0.621475 0.148469 0.409351
4 0.174891 0.399969 0.054375 0.0649582
4 0.25068 0.425042 0.0518281 0.0567782
