0 0.60875 0.88201 0.192625 0.232188
0 0.929531 0.42475 0.14025 0.249875
0 0.136156 0.40276 0.199844 0.251646
0 0.178063 0.778375 0.199281 0.261958
0 0.142234 0.176083 0.17475 0.228167
0 0.94575 0.173552 0.1085 0.347104
0 0.492812 0.143604 0.216156 0.287208
0 0.450195 0.383594 0.195766 0.249229
0 0.769258 0.520229 0.197422 0.260708
0 0.709398 0.668135 0.199672 0.284271
0 0.795563 0.800615 0.205625 0.280188
0 0.203141 0.601938 0.181094 0.213292
0 0.923898 0.654021 0.152203 0.246667
0 0.388133 0.602281 0.201828 0.263021
0 0.634945 0.378042 0.177859 0.231
0 0.753859 0.186833 0.288844 0.371542
5 0.481164 0.778937 0.228859 0.31325
5 0.5725 0.627427 0.167781 0.251521
5 0.142242 0.177448 0.172391 0.230813
5 0.450297 0.384302 0.194188 0.251896
5 0.13607 0.400979 0.199484 0.253375
5 0.387797 0.601677 0.200188 0.261271
5 0.296891 0.274094 0.187563 0.263563
5 0.17707 0.780271 0.197359 0.262208
5 0.796367 0.795448 0.204859 0.271271
5 0.2035 0.602375 0.181688 0.213583
5 0.924125 0.654406 0.151188 0.251812
5 0.709937 0.666958 0.201688 0.284125
5 0.762023 0.518 0.209141 0.259083
5 0.929922 0.428771 0.139531 0.25875
5 0.332289 0.849885 0.181641 0.265188
5 0.610344 0.883448 0.189812 0.233104
