1 0.927828 0.45774 0.0228125 0.0284375
1 0.923023 0.48351 0.0240469 0.0220625
1 0.765711 0.363583 0.0252031 0.0230833
1 0.812602 0.357833 0.0188594 0.0195
1 0.95668 0.447427 0.0215781 0.0291042
1 0.883398 0.425698 0.0182656 0.0216042
1 0.97682 0.468813 0.0228906 0.0133333
1 0.975852 0.36601 0.0178594 0.0224792
1 0.842859 0.397156 0.0193437 0.0185208
1 0.901289 0.418208 0.0217344 0.0205
1 0.968195 0.497885 0.0225781 0.0304792
1 0.839984 0.424208 0.0243125 0.0264583
1 0.796859 0.355365 0.02075 0.0185625
1 0.777664 0.381354 0.0249219 0.03125
1 0.860719 0.442531 0.025875 0.0355625
1 0.905969 0.440229 0.0213438 0.02025
1 0.92 0.431281 0.0223125 0.0241042
1 0.830813 0.381896 0.0182812 0.01975
1 0.872383 0.424906 0.0180781 0.0171875
1 0.821 0.407271 0.025 0.03025
1 0.769633 0.345646 0.0159531 0.00870833
1 0.783852 0.372083 0.0133594 0.016625
1 0.964937 0.476125 0.0119063 0.0145417
1 0.8795 0.407677 0.01925 0.0168958
1 0.991484 0.46449 0.0170313 0.0187292
1 0.902922 0.469156 0.0242188 0.0261458
1 0.951055 0.474437 0.0224219 0.0233333
1 0.937711 0.43699 0.0185781 0.0297708
1 0.818695 0.383365 0.0202344 0.0201458
1 0.899508 0.45375 0.0172344 0.01425
1 0.749937 0.361156 0.0207813 0.0207708
1 0.918242 0.438646 0.0192344 0.02025
1 0.861789 0.393115 0.0178594 0.0185208
1 0.982047 0.490156 0.0239063 0.0293125
1 0.799516 0.394698 0.0266562 0.0381458
1 0.841617 0.379906 0.0169219 0.0171875
1 0.94682 0.493292 0.0264844 0.026
1 0.995937 0.373156 0.007875 0.0172292
0 0.222383 0.477854 0.0371094 0.0384583
0 0.17382 0.73624 0.0357656 0.0385208
0 0.499078 0.431542 0.03 0.0271667
0 0.352 0.610792 0.0402187 0.061
0 0.845437 0.461938 0.02825 0.035625
0 0.155 0.489615 0.0373125 0.0441042
0 0.216375 0.536125 0.0411562 0.0451667
0 0.313078 0.46974 0.0363438 0.0487292
0 0.128539 0.524208 0.0434844 0.052125
0 0.278508 0.430385 0.0369219 0.0438542
0 0.659242 0.497198 0.0248906 0.0232708
0 0.663602 0.596562 0.0397031 0.0500417
0 0.204102 0.580583 0.0395469 0.0559583
0 0.343297 0.552437 0.0151875 0.0284583
0 0.199313 0.639708 0.0461562 0.0615417
0 0.684969 0.429542 0.0263125 0.0341667
0 0.12125 0.49749 0.0419375 0.0456458
0 0.625328 0.504875 0.0218125 0.0225417
0 0.743039 0.378271 0.0145781 0.014875
0 0.15193 0.435542 0.0382969 0.0506667
0 0.637586 0.560688 0.0309844 0.033625
0 0.709492 0.41424 0.0260781 0.0376042
0 0.285586 0.529156 0.0371094 0.0458958
0 0.51975 0.4745 0.0320625 0.0293333
0 0.389195 0.474417 0.0364531 0.0467917
0 0.666367 0.413375 0.0246719 0.0333333
0 0.477242 0.384656 0.0266406 0.0282708
0 0.725656 0.470042 0.0270937 0.0221667
0 0.735594 0.493792 0.02675 0.0351667
0 0.543883 0.497479 0.0313906 0.0370417
0 0.332805 0.504656 0.0307969 0.0372292
0 0.729117 0.379312 0.0155781 0.014875
0 0.245523 0.687615 0.0507656 0.0536042
0 0.692211 0.40051 0.0261406 0.0338542
0 0.409867 0.656094 0.0353281 0.0301875
0 0.319359 0.699365 0.05275 0.0681458
0 0.399805 0.685312 0.0482656 0.044875
0 0.778023 0.43825 0.0254844 0.0235
0 0.771 0.46451 0.027875 0.0350208
0 0.49307 0.479469 0.0324531 0.0296875
0 0.718875 0.499104 0.0326875 0.035125
0 0.318781 0.615125 0.042875 0.0533333
0 0.366938 0.662354 0.0405625 0.03575
0 0.155039 0.703844 0.0419219 0.0471875
0 0.760867 0.538083 0.0294219 0.02
0 0.750945 0.494167 0.0252031 0.0401667
0 0.946742 0.385479 0.00876563 0.0133333
0 0.521867 0.44949 0.0294219 0.0261458
0 0.613133 0.570198 0.0340781 0.0424375
0 0.243211 0.441563 0.0232656 0.035375
0 0.706422 0.580896 0.0326875 0.0428333
0 0.201453 0.507385 0.0363438 0.0427292
0 0.35218 0.528104 0.0333906 0.036125
0 0.270203 0.498094 0.0403125 0.0476042
0 0.143453 0.556646 0.0418437 0.0560417
0 0.314625 0.653708 0.0410313 0.045875
0 0.519906 0.426927 0.0279687 0.0264792
0 0.516523 0.505385 0.0328906 0.0441042
0 0.92993 0.415635 0.0157031 0.0127292
0 0.734539 0.546198 0.0252344 0.0404375
0 0.972453 0.394667 0.0188437 0.015375
0 0.494008 0.582865 0.0394219 0.0523125
0 0.811625 0.43475 0.0223125 0.0166667
0 0.410852 0.625 0.0382969 0.0441667
0 0.163984 0.586385 0.042875 0.0569375
0 0.277008 0.669615 0.0465469 0.0571875
0 0.503055 0.651438 0.0412969 0.0449167
0 0.476242 0.435896 0.0269219 0.0271667
0 0.250297 0.483854 0.023 0.018875
0 0.479406 0.411281 0.0263437 0.0287292
0 0.672227 0.388937 0.0235781 0.030625
0 0.436781 0.673802 0.045 0.0458958
0 0.515133 0.560552 0.0369531 0.0463542
0 0.271352 0.719927 0.0524844 0.0586458
0 0.596781 0.443583 0.0233125 0.0370417
0 0.603156 0.406469 0.0225 0.0241042
0 0.180938 0.544677 0.0409062 0.0445208
0 0.784164 0.563125 0.0294531 0.0323333
0 0.200609 0.70774 0.0509687 0.0631875
0 0.165469 0.662813 0.0389688 0.0515
0 0.512969 0.629615 0.0411562 0.0469375
0 0.295273 0.587771 0.0394219 0.0535833
0 0.24582 0.636281 0.0427969 0.0541875
0 0.70268 0.444927 0.0253906 0.0338542
0 0.439555 0.641031 0.0390469 0.0307708
0 0.279953 0.473594 0.0375625 0.0468125
0 0.489594 0.511542 0.0325 0.044625
0 0.343742 0.645771 0.0269844 0.02275
0 0.234695 0.563333 0.0422031 0.0415417
0 0.0262656 0.492583 0.0277187 0.0323333
0 0.305555 0.507531 0.0277031 0.0358542
0 0.167703 0.51476 0.0428125 0.0486042
0 0.781586 0.539719 0.0224531 0.0197292
0 0.541227 0.588615 0.0377969 0.0463542
0 0.644437 0.522073 0.0234688 0.0261875
0 0.816977 0.548719 0.0254844 0.0316458
0 0.414023 0.587302 0.0403906 0.0525625
0 0.857297 0.538333 0.0226875 0.0233333
0 0.363094 0.485687 0.0267812 0.0320833
0 0.227164 0.606083 0.0430469 0.0539583
0 0.499656 0.456021 0.03125 0.027125
0 0.352445 0.428844 0.0346094 0.0453958
0 0.202813 0.469792 0.0199063 0.0329583
0 0.541156 0.444281 0.0298125 0.0269375
0 0.444789 0.613531 0.0406719 0.0347292
0 0.583234 0.487958 0.029625 0.0284167
0 0.435617 0.52526 0.0401719 0.0548958
0 0.905953 0.38299 0.0142813 0.0119375
0 0.61125 0.478771 0.0307812 0.04
0 0.814805 0.532448 0.0242344 0.0153958
0 0.536773 0.408135 0.0282344 0.0382292
0 0.699023 0.486573 0.0228594 0.0229375
0 0.582789 0.515563 0.0303906 0.0310417
0 0.558109 0.4 0.0236563 0.0266667
0 0.116828 0.433385 0.0365313 0.0405208
0 0.134578 0.670708 0.0396875 0.0423333
0 0.768594 0.412177 0.017875 0.0289792
0 0.437703 0.393385 0.0288438 0.0312708
0 0.341297 0.669396 0.0360625 0.0331667
0 0.369141 0.450177 0.0359688 0.0453958
0 0.470703 0.661542 0.0426875 0.0461667
0 0.236523 0.502948 0.0377031 0.0376875
0 0.904922 0.520385 0.0248438 0.0269375
0 0.388156 0.530385 0.038 0.0393125
0 0.834195 0.444104 0.0216406 0.029625
0 0.95832 0.426927 0.0153906 0.0142292
0 0.56132 0.520042 0.0307656 0.0302917
0 0.610469 0.536802 0.0311563 0.0325625
0 0.538828 0.469104 0.0290312 0.0269167
0 0.0403437 0.447229 0.041125 0.054375
0 0.820031 0.451667 0.0184687 0.02075
0 0.85943 0.379573 0.0185781 0.0196042
0 0.321578 0.52699 0.0346562 0.0258542
0 0.609109 0.612437 0.0379063 0.0417917
0 0.102148 0.568344 0.0445781 0.0605625
0 0.41093 0.499521 0.0365156 0.0479167
0 0.588203 0.575792 0.0361875 0.034875
0 0.636289 0.430792 0.0206406 0.0264583
0 0.73725 0.391042 0.0190937 0.020875
0 0.691477 0.589229 0.0297969 0.0395
0 0.613156 0.435771 0.0276875 0.0417917
0 0.259305 0.594667 0.0406094 0.0559167
0 0.383211 0.42051 0.0302031 0.0343542
0 0.518203 0.392563 0.0275 0.0364167
0 0.0562969 0.470646 0.0468125 0.0612917
0 0.400039 0.448688 0.0314844 0.04675
0 0.641906 0.477687 0.027125 0.0266667
0 0.406586 0.417333 0.0253906 0.0256667
0 0.936398 0.405687 0.0119219 0.0164167
0 0.181813 0.473708 0.0388437 0.0512917
0 0.144297 0.625594 0.0482812 0.0611458
0 0.766625 0.516146 0.03 0.0317917
0 0.385805 0.597094 0.0400781 0.0460208
0 0.0954922 0.60774 0.0371406 0.0353958
0 0.226422 0.734615 0.0525 0.0615208
0 0.293563 0.453719 0.00884375 0.00947917
0 0.12657 0.597437 0.0315469 0.035375
0 0.783484 0.420563 0.0234062 0.017875
0 0.761188 0.428312 0.0212812 0.0347083
0 0.272766 0.556844 0.041 0.0446042
0 0.771805 0.398542 0.0224219 0.0346667
0 0.820492 0.469604 0.0211406 0.019875
0 0.667594 0.472365 0.0230625 0.0240625
0 0.553969 0.427031 0.0289687 0.0386042
0 0.462797 0.483802 0.0369688 0.0350208
0 0.605875 0.391271 0.02025 0.0140417
0 0.430883 0.417 0.0288594 0.0282083
0 0.927117 0.385396 0.0167031 0.022375
0 0.725633 0.45524 0.0257344 0.0255208
0 0.316859 0.559 0.0442813 0.054
0 0.792883 0.521594 0.0253906 0.0210208
0 0.0436875 0.518844 0.0325 0.0402708
0 0.442117 0.465625 0.0342344 0.0430833
0 0.991062 0.413062 0.0129688 0.0120417
0 0.588672 0.544708 0.03075 0.0327917
0 0.259305 0.452115 0.0394844 0.0518542
0 0.675148 0.531844 0.0326406 0.0428958
0 0.57525 0.445469 0.0290312 0.0395625
0 0.554 0.632385 0.0428125 0.0517708
0 0.629914 0.484187 0.0123906 0.0218333
0 0.572195 0.396927 0.0207656 0.0225625
0 0.710867 0.56749 0.0317344 0.0358958
0 0.644695 0.457687 0.0207656 0.0235833
0 0.251555 0.53075 0.0382969 0.0467083
0 0.220688 0.676719 0.0193437 0.0205208
0 0.0732344 0.502344 0.0448125 0.0507708
0 0.331977 0.40676 0.0355781 0.0435208
0 0.110953 0.636927 0.0330625 0.0420625
0 0.896383 0.401 0.0213906 0.0255417
0 0.822008 0.49251 0.0269219 0.0356458
0 0.654844 0.445792 0.0254688 0.026875
0 0.756672 0.405823 0.018375 0.0166042
0 0.982406 0.438 0.0165313 0.0122917
0 0.460391 0.390188 0.0263125 0.026
0 0.184695 0.685354 0.0344219 0.035125
0 0.632773 0.440708 0.0188594 0.0355
0 0.364172 0.402302 0.0323125 0.0307708
0 0.08475 0.536771 0.0429062 0.05425
0 0.750461 0.572667 0.0320156 0.0355417
0 0.377742 0.63951 0.0448594 0.0501042
0 0.281828 0.631802 0.0340312 0.0343542
0 0.364414 0.699094 0.0431094 0.0440625
0 0.8105 0.499219 0.028125 0.0363542
0 0.218297 0.445198 0.0343125 0.0325208
0 0.0165703 0.466208 0.0317344 0.03475
0 0.55932 0.466479 0.0283281 0.030375
0 0.362055 0.54749 0.0301719 0.0276458
0 0.391406 0.556948 0.041 0.0391042
0 0.635672 0.382437 0.0232812 0.035125
0 0.472703 0.456542 0.033 0.0275
0 0.18475 0.443073 0.0338437 0.0256458
0 0.629102 0.598281 0.0357031 0.0471042
0 0.619133 0.39101 0.0182656 0.0152708
0 0.96768 0.429406 0.0146094 0.0223125
0 0.891539 0.528458 0.0286406 0.0261667
0 0.953828 0.41751 0.0135312 0.0137292
0 0.451602 0.437448 0.0337969 0.0293125
0 0.68625 0.477667 0.0216562 0.0366667
0 0.0564297 0.546667 0.0230781 0.0374167
0 0.958156 0.38449 0.00884375 0.0141042
0 0.865609 0.478469 0.027125 0.0256458
0 0.700609 0.466917 0.0192187 0.0230833
0 0.653406 0.552854 0.0327812 0.0322083
0 0.672898 0.568854 0.0250469 0.0165417
0 0.474219 0.633333 0.037125 0.0277083
0 0.56443 0.493844 0.0244219 0.0287292
0 0.593148 0.623083 0.0396094 0.045125
0 0.696766 0.551031 0.0310937 0.0342292
0 0.994242 0.425615 0.0115156 0.0098125
0 0.717508 0.545219 0.0307656 0.0324375
0 0.745555 0.422698 0.0224531 0.0223125
0 0.855867 0.523896 0.0267344 0.0261667
0 0.518906 0.539354 0.0386562 0.0420417
0 0.458352 0.514448 0.0369219 0.0515208
0 0.831016 0.53124 0.023 0.0231458
0 0.500297 0.404562 0.03125 0.02975
0 0.882438 0.373531 0.0193437 0.0168542
0 0.537914 0.385635 0.0192344 0.0174375
0 0.821039 0.431667 0.0207656 0.0259167
0 0.768938 0.502115 0.027375 0.0243542
0 0.782211 0.454292 0.0213594 0.0235
0 0.356078 0.568698 0.0408125 0.0378958
0 0.881805 0.48224 0.00751562 0.0171875
0 0.098625 0.473396 0.0421562 0.06075
0 0.0805078 0.433729 0.0389844 0.046125
0 0.841281 0.543479 0.02875 0.03125
0 0.385516 0.392333 0.0295938 0.0315833
0 0.481797 0.53975 0.0386875 0.0489583
0 0.134953 0.461781 0.03825 0.0404792
0 0.675766 0.493583 0.0224062 0.0204167
0 0.423289 0.445521 0.0294844 0.044125
0 0.195508 0.758688 0.0302031 0.0187083
0 0.913672 0.37075 0.0115312 0.0171667
0 0.993008 0.450167 0.0139844 0.016875
0 0.840758 0.487438 0.0205781 0.02
0 0.456234 0.412302 0.0289687 0.0314792
0 0.649461 0.399167 0.0242344 0.0315417
0 0.643398 0.422594 0.0240156 0.0273125
0 0.750773 0.448896 0.0248281 0.03775
0 0.450859 0.583771 0.0313437 0.0320417
0 0.604422 0.510896 0.0298125 0.0305
0 0.729352 0.432146 0.0291719 0.0330833
0 0.867258 0.494969 0.0292656 0.0291042
0 0.413062 0.398896 0.0288438 0.0330833
0 0.551273 0.573417 0.0357031 0.0372917
