4 0.119188 0.400281 0.238375 0.311469
4 0.26682 0.660359 0.307516 0.157625
4 0.831516 0.66182 0.224094 0.145141
4 0.497875 0.598016 0.2655 0.302406
4 0.290531 0.483422 0.253281 0.194437
4 0.608891 0.737055 0.256344 0.233328
4 0.432055 0.772617 0.126641 0.169422
4 0.354656 0.785984 0.0743125 0.106844
4 0.169016 0.769148 0.338031 0.171859
4 0.101805 0.573 0.177297 0.061
4 0.293773 0.371172 0.0964844 0.053875
4 0.761562 0.825453 0.264437 0.349094
4 0.0690391 0.688508 0.0957344 0.132797
4 0.14918 0.216086 0.0923281 0.0427031
4 0.350242 0.292445 0.132516 0.131953
