4 0.15419 0.13432 0.16594 0.26864
4 0.68009 0.259787 0.2285 0.371147
4 0.70806 0.0721067 0.15732 0.144213
4 0.52322 0.827053 0.19904 0.3428
4 0.30003 0.808973 0.30654 0.380507
4 0.92765 0.737467 0.1413 0.51632
4 0.79634 0.80296 0.33244 0.39408
4 0.31333 0.187013 0.17134 0.210347
4 0.52598 0.08948 0.24556 0.17896
4 0.94742 0.448267 0.10516 0.132907
4 0.39265 0.351707 0.2655 0.2552
4 0.97808 0.283467 0.04384 0.305227
4 0.55716 0.250813 0.06412 0.163333
4 0.06659 0.881853 0.13318 0.236293
4 0.92982 0.2646 0.0648 0.181147
4 0.65188 0.767493 0.245 0.361547
4 0.08026 0.958027 0.14908 0.0839467
