7 0.320008 0.622728 0.0272344 0.0378851
7 0.341508 0.681606 0.0257969 0.0329243
7 0.399484 0.722768 0.0327188 0.0555091
7 0.342383 0.720209 0.0271719 0.0516971
7 0.374977 0.749504 0.0228281 0.0571279
7 0.259742 0.761997 0.0285781 0.0437337
7 0.33425 0.776149 0.0422812 0.0675979
7 0.42768 0.664778 0.0238906 0.0449086
7 0.404953 0.631305 0.026875 0.0527937
7 0.370281 0.701005 0.0360313 0.0678068
7 0.284766 0.797232 0.0347812 0.0550914
7 0.40175 0.812807 0.0349375 0.0438381
5 0.675609 0.417937 0.0767812 0.121567
5 0.582297 0.548133 0.0830937 0.12248
5 0.747398 0.442559 0.0851719 0.113943
5 0.569023 0.638916 0.0853594 0.119452
5 0.494437 0.56376 0.0738125 0.131384
5 0.7405 0.384439 0.0624687 0.0391645
5 0.644625 0.620601 0.0729687 0.130078
5 0.511813 0.693368 0.0846563 0.143708
4 0.23825 0.209843 0.119656 0.288616
4 0.19157 0.19346 0.127484 0.31188
4 0.380531 0.155183 0.0684063 0.139817
4 0.0752031 0.289595 0.136437 0.277572
4 0.263109 0.366606 0.103438 0.263029
4 0.360922 0.287493 0.0937813 0.229452
4 0.557453 0.210914 0.161125 0.145065
4 0.59343 0.242415 0.149328 0.100183
4 0.539734 0.32235 0.169813 0.0968668
4 0.541703 0.166723 0.157313 0.145666
4 0.5795 0.826854 0.288156 0.306449
4 0.180727 0.428616 0.110703 0.299164
4 0.422422 0.0629765 0.107688 0.0424543
4 0.301609 0.189204 0.106594 0.229739
4 0.490328 0.282258 0.0615938 0.0938642
4 0.455039 0.184974 0.0416719 0.0617493
4 0.45732 0.112154 0.0908281 0.0939164
0 0.139133 0.528042 0.114547 0.130757
0 0.0738047 0.411958 0.142422 0.182663
0 0.321 0.355444 0.106187 0.220496
0 0.242484 0.538734 0.121562 0.19376
0 0.495758 0.56342 0.0786094 0.131227
0 0.645328 0.60705 0.0694063 0.102454
0 0.569594 0.637689 0.084 0.120862
1 0.549195 0.374243 0.0177344 0.0399217
1 0.418055 0.193003 0.0535469 0.093577
1 0.513102 0.419034 0.0704219 0.119687
1 0.410117 0.417454 0.0634219 0.0874935
1 0.746984 0.443225 0.084625 0.112768
1 0.740617 0.384739 0.0628906 0.0400261
1 0.675352 0.418068 0.0761719 0.120731
1 0.424555 0.328251 0.0780156 0.118851
