1 0.116367 0.536719 0.104266 0.220505
1 0.93993 0.986118 0.120141 0.0277644
1 0.186391 0.90393 0.178375 0.192139
1 0.745672 0.93899 0.187344 0.122019
1 0.552711 0.424255 0.217672 0.260144
1 0.423477 0.814411 0.0719844 0.144832
1 0.498187 0.651418 0.123656 0.211298
1 0.494461 0.286587 0.222922 0.309663
1 0.955836 0.864014 0.0883281 0.257019
1 0.806898 0.47845 0.302797 0.408486
25 0.884492 0.781022 0.231016 0.357572
25 0.275773 0.608822 0.137359 0.246442
25 0.823922 0.925841 0.168094 0.146779
4 0.153914 0.518329 0.270797 0.19637
4 0.102102 0.374543 0.204203 0.131202
4 0.0273281 0.253654 0.0546562 0.064375
4 0.183625 0.206695 0.282813 0.123438
4 0.0993047 0.293594 0.198609 0.0766587
