7 0.277906 0.923758 0.01275 0.0177344
7 0.224992 0.85257 0.0451719 0.0463594
7 0.318156 0.914508 0.033875 0.0350781
7 0.218906 0.877344 0.0304687 0.0200313
7 0.301961 0.905 0.0383281 0.037125
7 0.296148 0.964117 0.0420156 0.0397344
7 0.330828 0.951227 0.0379375 0.0379219
7 0.217242 0.963313 0.0305156 0.0450625
7 0.244789 0.97682 0.0433906 0.0403281
7 0.300156 0.878883 0.04025 0.0264219
7 0.236758 0.926078 0.0452969 0.0465625
7 0.280734 0.874453 0.0233437 0.0243438
7 0.212703 0.915781 0.0205938 0.0483438
7 0.264867 0.945328 0.0361719 0.0342187
7 0.261938 0.88932 0.0369063 0.0312344
7 0.25943 0.914328 0.0250156 0.0292812
7 0.208812 0.987656 0.0123438 0.00575
