4 0.350785 0.295086 0.0357143 0.0179531
4 0.413911 0.331031 0.0257611 0.0225625
4 0.439941 0.287648 0.0292506 0.0148906
4 0.461288 0.310727 0.0422482 0.0159844
4 0.322295 0.285008 0.0314286 0.0156406
4 0.42603 0.35625 0.0179157 0.015125
4 0.285656 0.280109 0.0311241 0.0110312
4 0.411311 0.309102 0.0273068 0.0161406
4 0.46089 0.339164 0.0432787 0.0182656
4 0.493115 0.302383 0.0224824 0.0134531
4 0.397412 0.294281 0.0230679 0.0166563
4 0.5226 0.303844 0.0207494 0.0133437
4 0.396897 0.316789 0.0438173 0.0156406
4 0.433407 0.315391 0.0322951 0.014875
4 0.460141 0.320453 0.023185 0.00821875
4 0.372916 0.305211 0.0426932 0.0156094
4 0.415187 0.35032 0.0130445 0.0126094
4 0.394356 0.276609 0.0381733 0.0147813
4 0.365012 0.31143 0.0216862 0.00857813
4 0.349098 0.258594 0.0244731 0.0163125
4 0.426897 0.324383 0.0250351 0.0145156
4 0.473689 0.300383 0.022459 0.0115469
4 0.432869 0.296344 0.0289227 0.0161875
4 0.255433 0.281023 0.0315222 0.0133281
4 0.479871 0.323258 0.0269087 0.0141094
4 0.447799 0.326648 0.0338642 0.0122031
4 0.327049 0.264617 0.0261358 0.0133281
4 0.51356 0.31218 0.0226698 0.0115469
4 0.377014 0.285508 0.0238173 0.00739063
