7 0.457578 0.241125 0.0454062 0.055125
7 0.378328 0.298583 0.0616875 0.0415417
7 0.429391 0.269708 0.03925 0.0632083
7 0.519039 0.286083 0.0580781 0.0469167
7 0.449039 0.335906 0.0557656 0.0523125
7 0.508984 0.268573 0.0450938 0.0362708
7 0.468742 0.292125 0.0529219 0.0511667
7 0.404836 0.2695 0.0272969 0.0497083
7 0.435883 0.31074 0.0304219 0.0346458
7 0.458172 0.357344 0.0561562 0.0692292
7 0.402484 0.314875 0.0394375 0.0528333
7 0.504133 0.331594 0.0415469 0.0512708
7 0.405305 0.372073 0.0561094 0.0391042
7 0.505156 0.353542 0.0465313 0.0612917
7 0.49632 0.238281 0.0392344 0.0518542
