24 0.988242 0.334156 0.0235156 0.0407708
24 0.968914 0.216135 0.0346094 0.0262708
24 0.954883 0.330313 0.0597969 0.0487083
24 0.985781 0.252604 0.0284375 0.050625
24 0.934117 0.211031 0.0330781 0.0328125
24 0.862508 0.195865 0.0377031 0.0393542
24 0.990523 0.30026 0.0189531 0.0328125
24 0.850539 0.171292 0.0471094 0.0404583
24 0.880742 0.211771 0.0369844 0.0415
24 0.961977 0.265187 0.0300469 0.0305417
24 0.928672 0.295063 0.0414062 0.0505417
24 0.837273 0.157208 0.0401719 0.029375
24 0.964297 0.307667 0.0386875 0.0257917
24 0.972578 0.285323 0.0500938 0.0383542
24 0.918148 0.188229 0.0368906 0.0364167
24 0.985859 0.179729 0.0282813 0.0258333
24 0.899352 0.197531 0.0431406 0.0519792
24 0.993641 0.206615 0.00971875 0.0375625
24 0.895867 0.161969 0.0488594 0.0323958
24 0.932312 0.25951 0.0437813 0.0463542
24 0.901719 0.247562 0.0463438 0.0515417
24 0.947125 0.189302 0.0322812 0.0337292
24 0.976141 0.199104 0.029625 0.0335833
24 0.887102 0.230125 0.0402031 0.0405
8 0.439852 0.183646 0.0226719 0.0216667
8 0.428 0.23174 0.0242812 0.0212292
8 0.348156 0.283719 0.04 0.0202708
8 0.44718 0.274771 0.0244219 0.0330833
8 0.412781 0.270542 0.0286875 0.0329583
8 0.405164 0.25425 0.0252969 0.0364583
8 0.358109 0.0797396 0.0373125 0.0358958
8 0.390875 0.0456979 0.0665 0.0839792
8 0.362023 0.130583 0.0429219 0.0482083
8 0.42875 0.0982083 0.0525312 0.0652083
8 0.469891 0.09325 0.0112187 0.0337917
8 0.359508 0.20975 0.0461406 0.0482083
8 0.316516 0.0361979 0.0704375 0.0677292
8 0.44357 0.0706146 0.0253906 0.0220625
8 0.307789 0.301729 0.0165781 0.0350417
8 0.473203 0.282542 0.0335312 0.0222083
8 0.425695 0.261865 0.0183594 0.0179792
8 0.31368 0.27176 0.0326406 0.0378542
8 0.316906 0.0818021 0.0448125 0.0358958
8 0.472758 0.240073 0.0161094 0.0060625
8 0.411 0.0126875 0.035 0.025375
8 0.566844 0.0473229 0.021 0.0738125
8 0.526406 0.0343333 0.0568125 0.0637917
8 0.439836 0.27999 0.0280781 0.0258958
8 0.408617 0.220896 0.0281719 0.0380833
8 0.360273 0.164615 0.0469219 0.0518125
8 0.320125 0.0562187 0.0369063 0.0246042
8 0.403797 0.18624 0.025 0.0222292
8 0.38875 0.109021 0.0267188 0.0579583
8 0.554438 0.0133437 0.0458438 0.0247292
8 0.317641 0.167667 0.0435 0.055625
8 0.316609 0.182542 0.0421875 0.0264583
8 0.360969 0.182427 0.0392813 0.0266875
8 0.354555 0.258302 0.0513906 0.0546875
8 0.320742 0.139646 0.0409219 0.0362083
8 0.472687 0.233969 0.02 0.0176875
8 0.365461 0.0166667 0.0532656 0.0333333
8 0.414773 0.285896 0.0302656 0.0145417
8 0.314617 0.210437 0.0452031 0.0638333
8 0.450078 0.232969 0.0251875 0.0218542
8 0.461523 0.190052 0.0252031 0.0135208
8 0.359086 0.22474 0.0409844 0.0369375
8 0.358227 0.0519792 0.0385156 0.0425
8 0.314891 0.248333 0.0392188 0.05975
8 0.423 0.186865 0.0147813 0.0166458
5 0.267563 0.810323 0.081 0.0988958
5 0.154336 0.652042 0.0944219 0.115542
5 0.199375 0.71499 0.09175 0.0986875
5 0.308922 0.620031 0.08225 0.110979
5 0.202844 0.886458 0.102281 0.0995833
5 0.018 0.785302 0.0350937 0.0998958
5 0.100523 0.721823 0.0934531 0.127937
5 0.275359 0.533687 0.0818438 0.08675
5 0.164266 0.520781 0.0832187 0.0563958
5 0.232805 0.687865 0.0932656 0.119563
5 0.230758 0.609229 0.0597969 0.0687083
5 0.103813 0.91824 0.0755938 0.101187
5 0.0875547 0.612385 0.0817656 0.108688
5 0.0685781 0.823146 0.0696875 0.125
5 0.185625 0.791375 0.0892813 0.0995417
5 0.186445 0.939281 0.0967344 0.0574375
5 0.237008 0.553302 0.0649219 0.0680625
5 0.112172 0.558031 0.0654062 0.0468125
5 0.0374297 0.715177 0.0740469 0.110562
5 0.133336 0.824396 0.0997969 0.106875
5 0.289727 0.698021 0.0380781 0.07
5 0.269359 0.757563 0.067875 0.0612917
5 0.0284219 0.872167 0.0568438 0.0830833
5 0.273117 0.601031 0.0607656 0.0807708
5 0.202633 0.483333 0.0762969 0.0836667
5 0.0469297 0.660208 0.0685156 0.0289583
5 0.158508 0.586646 0.0790469 0.0757083
23 0.872508 0.322 0.0142969 0.0183333
23 0.833711 0.313958 0.0162656 0.0195417
23 0.69807 0.169219 0.0109219 0.0089375
23 0.909383 0.345302 0.00942187 0.00927083
23 0.723734 0.16825 0.0150625 0.0145417
23 0.825187 0.265604 0.010125 0.0153333
23 0.889797 0.304698 0.0177813 0.0218542
23 0.813836 0.20975 0.00789063 0.0115417
23 0.806656 0.21676 0.0089375 0.0128958
23 0.856344 0.307635 0.0132812 0.0125625
23 0.677016 0.139583 0.010875 0.017125
23 0.687484 0.17474 0.0132812 0.0110208
23 0.794117 0.172823 0.00923437 0.00902083
23 0.70293 0.223427 0.0119219 0.0141042
23 0.687375 0.134375 0.00471875 0.00875
23 0.867414 0.346302 0.0165156 0.0102292
23 0.711797 0.227281 0.0076875 0.0110208
23 0.783867 0.176188 0.00685937 0.0121667
23 0.812555 0.218979 0.00595313 0.00766667
23 0.699875 0.177917 0.0128125 0.01625
23 0.832969 0.271917 0.0165313 0.0135833
23 0.886703 0.339083 0.0167813 0.0174583
23 0.768422 0.174552 0.0136562 0.0158125
23 0.753734 0.216927 0.0120313 0.0160625
23 0.87143 0.336552 0.0152344 0.0186042
23 0.698625 0.134094 0.0109063 0.0145625
0 0.981008 0.644292 0.0379844 0.0992917
0 0.974187 0.483635 0.051625 0.109979
0 0.951672 0.588365 0.06275 0.101854
0 0.988172 0.550625 0.0236563 0.0933333
0 0.920312 0.538365 0.0849375 0.103104
4 0.0730234 0.0550417 0.0420781 0.104042
4 0.0519375 0.0491354 0.0505938 0.0982708
4 0.257602 0.0665625 0.0180469 0.0850417
4 0.0948828 0.0535313 0.0408594 0.106646
4 0.120852 0.048625 0.0409219 0.0967917
