23 0.617844 0.265188 0.00690625 0.010939
23 0.620172 0.27392 0.005375 0.00774648
23 0.754266 0.330469 0.0195312 0.0290141
23 0.601406 0.279343 0.00828125 0.0157746
23 0.819727 0.324143 0.0245469 0.0347183
23 0.598445 0.265775 0.00910937 0.0116432
23 0.779367 0.299354 0.00920312 0.0125587
23 0.768469 0.346185 0.0179063 0.0288498
23 0.842461 0.330915 0.0233594 0.0366667
23 0.785602 0.330833 0.0169219 0.0320892
23 0.769477 0.323908 0.0200469 0.0253286
23 0.830422 0.357312 0.02575 0.0412911
23 0.850711 0.311467 0.00751562 0.014108
23 0.790617 0.316408 0.00885937 0.0138498
