1 0.398156 0.432712 0.197469 0.285236
1 0.738461 0.448868 0.147922 0.168774
1 0.633656 0.306144 0.095375 0.155731
1 0.907594 0.319552 0.166781 0.178443
1 0.917336 0.129175 0.159297 0.245377
1 0.0657031 0.0958137 0.131406 0.191627
1 0.378312 0.224068 0.170437 0.21059
1 0.773203 0.202807 0.187094 0.28217
1 0.590313 0.113998 0.115281 0.227995
1 0.106883 0.00629717 0.0547656 0.0125943
1 0.379016 0.0751061 0.123531 0.143373
1 0.268656 0.592524 0.166406 0.253632
1 0.537187 0.329599 0.166688 0.235802
1 0.661297 0.0393868 0.101906 0.0741509
1 0.51907 0.112594 0.189297 0.225189
1 0.570836 0.525083 0.188266 0.282618
1 0.690977 0.182889 0.126703 0.250307
1 0.778789 0.0397877 0.179359 0.0782075
1 0.384008 0.707689 0.188266 0.208255
1 0.699375 0.398408 0.162562 0.184222
1 0.103852 0.233007 0.115016 0.274599
1 0.226805 0.333538 0.197203 0.312925
1 0.86418 0.0366863 0.0490469 0.0726651
1 0.316312 0.0142571 0.02925 0.0285142
1 0.220102 0.108137 0.210734 0.216274
