0 0.622383 0.68007 0.0678906 0.10472
0 0.366586 0.718633 0.0600469 0.100911
0 0.608813 0.469393 0.0442813 0.0479439
0 0.662906 0.448446 0.0445313 0.046472
0 0.486102 0.297897 0.0372344 0.0487383
0 0.190594 0.525199 0.0549063 0.0849299
0 0.613906 0.371776 0.031625 0.0571963
0 0.514008 0.371519 0.0357969 0.0361682
0 0.481461 0.644509 0.0575781 0.081028
0 0.457094 0.813353 0.07 0.105631
0 0.414445 0.628808 0.0573594 0.0788318
0 0.574297 0.497956 0.0550312 0.0906776
0 0.409195 0.49528 0.0523594 0.0784112
0 0.272414 0.587593 0.0493281 0.0830841
0 0.215313 0.4584 0.0456562 0.0747897
0 0.511102 0.592044 0.0663906 0.104416
0 0.401539 0.860245 0.0834844 0.0928738
0 0.416789 0.312675 0.0328906 0.0309112
0 0.52325 0.514393 0.0548125 0.0787383
0 0.578195 0.39153 0.0477969 0.0746495
0 0.368148 0.654171 0.0575781 0.0528738
0 0.544742 0.435654 0.0541094 0.0621028
0 0.470375 0.355935 0.0315 0.0446262
0 0.237422 0.368224 0.0445625 0.0357477
0 0.428539 0.438423 0.0500781 0.0732009
0 0.166398 0.442138 0.0606406 0.0872196
0 0.444742 0.500444 0.0388281 0.0543458
0 0.680867 0.56146 0.0513906 0.0831075
0 0.527109 0.334264 0.04225 0.0543224
0 0.503289 0.824369 0.0701094 0.0644393
0 0.307078 0.527418 0.03175 0.0510514
0 0.27843 0.360269 0.0265156 0.0450234
0 0.334937 0.311005 0.0400625 0.048972
0 0.746234 0.55389 0.0611563 0.0869393
0 0.347953 0.49875 0.0530312 0.0664252
0 0.702445 0.463224 0.0342656 0.0271963
0 0.472289 0.514019 0.0442031 0.0632243
0 0.465898 0.32403 0.0351094 0.0269393
0 0.484312 0.40986 0.04025 0.0471963
0 0.238523 0.664381 0.0568594 0.0843692
0 0.184141 0.391986 0.05225 0.0582243
0 0.396281 0.338248 0.0510625 0.0433645
0 0.397594 0.78479 0.05475 0.0561215
0 0.375211 0.483026 0.0308906 0.054743
0 0.432797 0.306343 0.0395 0.0565654
0 0.783977 0.644743 0.0488281 0.0457009
0 0.31657 0.43743 0.0458906 0.0625701
0 0.692258 0.50729 0.0553281 0.0861682
0 0.633969 0.442185 0.0288438 0.053528
0 0.223406 0.595993 0.0550625 0.0713318
0 0.344961 0.761297 0.0502969 0.0631542
0 0.713758 0.617582 0.0450469 0.0579673
0 0.295156 0.748902 0.0422187 0.0440654
0 0.284766 0.830199 0.0865625 0.137313
0 0.50607 0.741636 0.0723906 0.106449
0 0.749766 0.62257 0.0401562 0.0588318
0 0.436977 0.709801 0.0800156 0.123668
0 0.285359 0.48972 0.0525937 0.0792523
0 0.351102 0.829813 0.0582031 0.0965421
0 0.377398 0.545572 0.0425781 0.0369393
0 0.260102 0.433166 0.0564844 0.0733411
0 0.255969 0.718388 0.0621563 0.11743
0 0.601031 0.620946 0.064875 0.0863318
0 0.563969 0.577044 0.0544687 0.0861916
0 0.648453 0.492827 0.0481875 0.0700935
0 0.453055 0.593972 0.0529219 0.0882243
0 0.24232 0.522675 0.0457344 0.0631075
