22 0.69498 0.251164 0.0526326 0.0341094
22 0.589548 0.287188 0.0545776 0.034625
22 0.642868 0.277484 0.053556 0.0328125
22 0.74665 0.268328 0.0279961 0.0335937
22 0.575383 0.265633 0.0633399 0.0311094
22 0.449774 0.265609 0.056444 0.0292812
22 0.518291 0.265609 0.0473084 0.0195
22 0.743978 0.256078 0.0420629 0.0247188
22 0.483517 0.233648 0.0484872 0.0262969
22 0.580815 0.243523 0.0621022 0.0441719
22 0.700737 0.264555 0.0602554 0.0271094
22 0.638654 0.260875 0.061945 0.0505938
22 0.41113 0.281148 0.0112967 0.0243594
22 0.528566 0.235125 0.0551277 0.034875
22 0.53053 0.216719 0.0351277 0.0159063
22 0.632868 0.235898 0.040943 0.0220469
22 0.597819 0.346023 0.0625933 0.0539531
22 0.436444 0.240906 0.0470727 0.025125
22 0.666444 0.231406 0.0438114 0.0410313
22 0.598851 0.307695 0.0335363 0.0307656
22 0.595884 0.225391 0.0488998 0.0320312
22 0.523448 0.254812 0.0591945 0.0365625
22 0.473114 0.24782 0.0496464 0.0274219
22 0.713487 0.23775 0.0523969 0.0351875
22 0.418173 0.265523 0.0389391 0.0373281
