4 0.802117 0.814414 0.139484 0.243078
4 0.107586 0.55943 0.195953 0.301328
4 0.459086 0.787273 0.105359 0.346984
4 0.386602 0.853578 0.193172 0.292844
4 0.632234 0.540344 0.162688 0.37275
4 0.657352 0.807039 0.159734 0.346109
4 0.388102 0.492812 0.0993281 0.316594
4 0.148805 0.346609 0.292016 0.324656
4 0.680187 0.893883 0.104906 0.202453
4 0.442031 0.583461 0.0971875 0.284859
4 0.33918 0.459523 0.0918594 0.363578
4 0.923883 0.856289 0.114359 0.153078
4 0.84043 0.648875 0.179266 0.247406
4 0.953273 0.759234 0.0582656 0.069875
4 0.153531 0.692164 0.249406 0.205547
4 0.706148 0.951125 0.100266 0.09775
4 0.186617 0.90168 0.0572656 0.129109
4 0.53057 0.478203 0.106047 0.370312
4 0.194656 0.603328 0.167687 0.252312
4 0.566047 0.981617 0.052375 0.0367656
4 0.327477 0.632484 0.160672 0.310969
4 0.556266 0.706742 0.128719 0.194953
4 0.591648 0.576672 0.0441094 0.0912813
4 0.808984 0.896391 0.131125 0.207219
4 0.687008 0.814375 0.137547 0.247156
4 0.838039 0.949484 0.127016 0.101031
4 0.78357 0.585906 0.200109 0.253437
4 0.761617 0.505852 0.133641 0.232266
4 0.0300625 0.643969 0.054625 0.133469
4 0.928414 0.697453 0.0602031 0.053375
4 0.247164 0.501289 0.0840781 0.268859
4 0.397945 0.813055 0.0373281 0.0687031
4 0.138031 0.772461 0.276062 0.189922
4 0.614195 0.780695 0.124359 0.220266
4 0.910242 0.780648 0.0863906 0.146891
4 0.265547 0.904398 0.165375 0.188484
4 0.977031 0.859617 0.0440938 0.0828281
4 0.0844141 0.85 0.168828 0.0912813
4 0.359734 0.954445 0.163688 0.0881406
4 0.538977 0.909414 0.122047 0.181172
4 0.846219 0.699578 0.181125 0.190844
4 0.233367 0.974336 0.0842969 0.0506719
