8 0.661289 0.356803 0.0206406 0.0301874
8 0.50443 0.402951 0.0328281 0.0419672
8 0.636414 0.354789 0.0275156 0.0381967
8 0.676313 0.414227 0.0195 0.0202576
8 0.547609 0.398642 0.0359063 0.0453864
8 0.650922 0.413208 0.008375 0.0182201
8 0.585961 0.399871 0.0369219 0.0489696
8 0.616492 0.413899 0.0198281 0.0215222
8 0.69282 0.410492 0.0168281 0.0190632
8 0.668445 0.316674 0.0198281 0.0292272
8 0.654406 0.387799 0.0234688 0.0169555
8 0.659047 0.415984 0.0164063 0.0164169
8 0.641789 0.316803 0.0255781 0.0351991
8 0.631008 0.398126 0.0128281 0.0151288
