1 0.0152891 0.725115 0.0250469 0.0292292
1 0.896844 0.60851 0.0328437 0.0320208
1 0.738078 0.718927 0.0105313 0.0118125
1 0.163469 0.695781 0.02025 0.0232708
1 0.848922 0.351031 0.0286563 0.0343542
1 0.216906 0.452125 0.01875 0.0212083
1 0.265094 0.564531 0.0165625 0.0220625
1 0.275305 0.467 0.0173594 0.0211667
1 0.847555 0.582812 0.0188906 0.0463333
1 0.0638906 0.371031 0.0141563 0.0205208
1 0.116094 0.523875 0.0201563 0.0221667
1 0.964367 0.493448 0.0242344 0.0335208
1 0.612 0.769312 0.0155 0.0206667
1 0.0848516 0.712615 0.0213594 0.0256458
1 0.0823359 0.290125 0.0280156 0.0305417
1 0.2445 0.735865 0.0116875 0.0136458
1 0.760031 0.513719 0.015 0.0187292
1 0.172883 0.592479 0.0140469 0.0166667
1 0.961164 0.08 0.0409844 0.036875
1 0.256555 0.409115 0.0143906 0.0151458
1 0.551813 0.493781 0.303125 0.347188
1 0.578609 0.687969 0.0146875 0.0171875
1 0.192789 0.630698 0.0153906 0.0207708
1 0.435195 0.65026 0.00654688 0.00922917
1 0.388016 0.74726 0.0180625 0.0232708
1 0.0472734 0.457583 0.0135156 0.0139583
1 0.124828 0.581177 0.017125 0.0234792
1 0.907727 0.128719 0.0197969 0.0276875
1 0.588836 0.287052 0.0959219 0.127229
1 0.0896484 0.600781 0.0229531 0.0292292
1 0.792289 0.18325 0.0377031 0.0481667
1 0.706617 0.49474 0.0142344 0.0187292
1 0.83782 0.615333 0.0229219 0.0147917
1 0.842539 0.46876 0.0254531 0.0322292
1 0.703625 0.571479 0.017375 0.0219583
1 0.345961 0.532365 0.0134531 0.0174375
1 0.504242 0.653177 0.0106719 0.0185208
1 0.884609 0.456615 0.01825 0.0153542
1 0.170367 0.457687 0.0205781 0.0215417
1 0.493891 0.657229 0.0141563 0.01925
1 0.350242 0.57999 0.0151094 0.0183958
1 0.109133 0.625865 0.0182344 0.0218125
1 0.782578 0.406458 0.0163438 0.02
1 0.100273 0.393458 0.0219219 0.0295
1 0.0657031 0.452312 0.019625 0.0215417
1 0.0730547 0.823073 0.0330469 0.0363958
1 0.0299844 0.58576 0.0163438 0.0274375
1 0.200609 0.836375 0.0135 0.018
1 0.0630859 0.470708 0.0143594 0.0194167
1 0.379977 0.660177 0.0112344 0.0153125
1 0.219312 0.636406 0.0186562 0.0225625
1 0.146031 0.802542 0.0133125 0.0187917
1 0.827109 0.394542 0.0261562 0.0320417
1 0.213664 0.432948 0.0207656 0.0220625
1 0.597008 0.790646 0.0107656 0.014625
1 0.343117 0.662906 0.0107656 0.0148542
1 0.135187 0.423771 0.0161563 0.0264167
1 0.373016 0.495385 0.0136562 0.0189792
1 0.350469 0.520833 0.0151562 0.0202083
1 0.375859 0.718344 0.0149687 0.0114792
1 0.0742344 0.480438 0.0163438 0.0177083
1 0.735 0.50975 0.0180312 0.01625
1 0.1095 0.369021 0.0140313 0.02
1 0.478414 0.688052 0.0121094 0.0158125
1 0.383086 0.485719 0.0123906 0.0185208
1 0.196336 0.811417 0.0180781 0.024875
1 0.431336 0.675427 0.0117031 0.0173125
1 0.134875 0.40075 0.02075 0.0302917
1 0.745781 0.200323 0.0357188 0.0350208
1 0.342297 0.486156 0.0186562 0.0174375
1 0.0966094 0.311479 0.0240625 0.026125
1 0.260594 0.462802 0.0111562 0.0175208
1 0.179187 0.343125 0.0235938 0.018625
1 0.392 0.714281 0.0148125 0.0181875
1 0.272828 0.510646 0.015125 0.0171667
1 0.326469 0.707802 0.0234062 0.0267292
1 0.329313 0.606292 0.0119063 0.015875
1 0.276484 0.77025 0.0174063 0.0180833
1 0.0669219 0.539865 0.015 0.0207708
1 0.133375 0.729281 0.0145313 0.0213542
1 0.0537344 0.799594 0.025 0.0365625
1 0.4605 0.672562 0.0140313 0.0133333
1 0.314289 0.5865 0.0113594 0.0128333
1 0.641398 0.76724 0.0157969 0.0205625
1 0.796734 0.375885 0.0204688 0.0195208
1 0.166828 0.780813 0.015 0.02
1 0.112852 0.333031 0.0190781 0.0186042
1 0.312594 0.555937 0.0117188 0.0149167
1 0.105164 0.458198 0.0202969 0.0232708
1 0.0341328 0.385948 0.0180781 0.0194792
1 0.276422 0.73325 0.00875 0.00791667
1 0.882961 0.174615 0.0130781 0.0251458
1 0.187359 0.592198 0.017875 0.0246042
1 0.227297 0.472031 0.0149062 0.0138958
1 0.322406 0.651062 0.0125 0.0153333
1 0.148719 0.682385 0.02025 0.0228958
1 0.884203 0.105531 0.0158438 0.0196875
1 0.0164609 0.588875 0.0142344 0.014625
1 0.409508 0.625229 0.00714063 0.016875
1 0.155 0.398125 0.0230625 0.03
1 0.0113516 0.610281 0.0158594 0.0179375
1 0.832586 0.32974 0.0180781 0.0189792
1 0.123438 0.443208 0.022 0.021
1 0.208945 0.78474 0.0134531 0.0171875
1 0.883156 0.331594 0.0115312 0.0157292
1 0.34232 0.680688 0.0122344 0.0162917
