0 0.68168 0.680562 0.0999531 0.113115
0 0.778773 0.823407 0.125453 0.165925
0 0.686898 0.528302 0.0791406 0.0690164
0 0.612633 0.512166 0.0705469 0.0498595
0 0.825437 0.595222 0.0769688 0.105902
0 0.531344 0.911546 0.08875 0.087541
0 0.766914 0.516944 0.0365469 0.051733
0 0.306172 0.847506 0.119281 0.166253
0 0.869719 0.57233 0.0665937 0.087377
0 0.970563 0.638244 0.049875 0.0515222
0 0.550008 0.448489 0.0668281 0.0615691
0 0.648055 0.458337 0.0466094 0.0394379
0 0.559211 0.512705 0.0708281 0.0446136
0 0.687594 0.765972 0.110375 0.154426
0 0.430727 0.888208 0.111109 0.170937
0 0.6205 0.749379 0.041 0.0898595
0 0.888102 0.638255 0.0805469 0.0655035
0 0.825477 0.495527 0.0597344 0.0555504
0 0.198445 0.957529 0.102734 0.0849415
0 0.238945 0.860222 0.0358906 0.0847541
0 0.576352 0.663993 0.0957344 0.138712
0 0.977594 0.809227 0.0448125 0.0972365
0 0.334516 0.948841 0.128406 0.102319
0 0.693445 0.470105 0.0605156 0.0616628
0 0.921367 0.609871 0.0483281 0.0951054
0 0.451398 0.497342 0.0664219 0.0539344
0 0.642844 0.434133 0.0653438 0.0626932
0 0.883867 0.987295 0.0613281 0.0254098
0 0.452547 0.760304 0.109781 0.143372
0 0.792125 0.55096 0.06575 0.0822014
0 0.830953 0.922681 0.133375 0.152295
0 0.508086 0.719333 0.0541094 0.0532787
0 0.659102 0.878501 0.111109 0.144871
0 0.637469 0.644988 0.0802812 0.119157
0 0.744695 0.98171 0.0925781 0.0365808
0 0.360555 0.806569 0.0927656 0.153841
0 0.584523 0.485234 0.0363594 0.0313583
0 0.34093 0.74308 0.0720156 0.0524824
0 0.977758 0.889286 0.0433281 0.0899532
0 0.978766 0.607728 0.032125 0.04
0 0.564609 0.816838 0.118781 0.175316
0 0.781391 0.496241 0.0294687 0.0297658
0 0.703016 0.442471 0.0401562 0.0225995
0 0.808297 0.762986 0.116187 0.132623
0 0.903312 0.879333 0.110813 0.194075
0 0.526328 0.48726 0.0885 0.0666042
0 0.825344 0.524508 0.0456875 0.0398829
0 0.952484 0.953443 0.0950312 0.0931148
0 0.253969 0.947951 0.07125 0.104098
0 0.929563 0.6 0.0557813 0.0911475
0 0.548008 0.750445 0.0836094 0.0992037
0 0.411125 0.715773 0.0600938 0.0603981
0 0.779383 0.66452 0.0960469 0.147869
0 0.500609 0.465867 0.0367813 0.0523419
0 0.943477 0.585351 0.0423594 0.0580094
0 0.447992 0.465304 0.0764219 0.0855035
0 0.970469 0.660422 0.0590625 0.0381733
0 0.933594 0.552494 0.0279063 0.0214286
0 0.955641 0.675047 0.033375 0.0340749
0 0.482805 0.964895 0.105391 0.0702108
0 0.836625 0.671932 0.0254688 0.0837237
0 0.868672 0.752201 0.0353125 0.075363
0 0.985094 0.738642 0.0298125 0.070445
0 0.588539 0.46644 0.0135781 0.0105386
0 0.924594 0.774578 0.111844 0.143162
0 0.632516 0.808489 0.0171563 0.029719
0 0.725047 0.504438 0.0675937 0.0759953
0 0.738992 0.465925 0.0553594 0.0545199
0 0.990383 0.641323 0.0192344 0.0664871
0 0.702109 0.938466 0.0963125 0.118337
0 0.506148 0.86685 0.0282969 0.0520609
0 0.727156 0.598326 0.105813 0.134778
0 0.889078 0.537119 0.0684063 0.047822
0 0.622281 0.962717 0.0870625 0.0745667
0 0.524187 0.656089 0.0608125 0.100047
0 0.910914 0.665281 0.0733281 0.0824122
0 0.626047 0.534215 0.0595625 0.0483372
0 0.637305 0.490831 0.0705781 0.0711241
0 0.5585 0.973478 0.10975 0.0530445
1 0.0765625 0.77 0.110969 0.157564
1 0.135977 0.635433 0.0576094 0.111522
1 0.0947109 0.921979 0.130328 0.156042
1 0.403484 0.540703 0.0780937 0.10267
1 0.0756484 0.697658 0.0779531 0.0450117
1 0.553602 0.576885 0.0710469 0.0703513
1 0.452109 0.660621 0.0824375 0.0766042
1 0.50482 0.537623 0.0706719 0.0503279
1 0.146883 0.885995 0.0735156 0.130726
1 0.44768 0.59589 0.0832344 0.103162
1 0.312078 0.577588 0.0764062 0.0914754
1 0.180016 0.617822 0.0752812 0.116487
1 0.265172 0.709485 0.0869687 0.105386
1 0.571391 0.550995 0.0636562 0.0817564
1 0.203445 0.557155 0.0760781 0.0986651
1 0.152352 0.744403 0.0816719 0.0946604
1 0.507836 0.58007 0.0564531 0.09274
1 0.318859 0.664696 0.0544063 0.109204
1 0.381516 0.643665 0.0786875 0.0844731
1 0.162133 0.80904 0.0770156 0.101218
1 0.372664 0.690726 0.0796719 0.084918
1 0.248734 0.633934 0.06575 0.0759719
1 0.040375 0.884415 0.0791562 0.132623
1 0.20257 0.688384 0.0760156 0.119157
1 0.0457969 0.644625 0.0893125 0.0877049
