4 0.562296 0.699534 0.163807 0.0776961
4 0.526389 0.621209 0.198889 0.0938889
4 0.768962 0.719003 0.138546 0.154412
4 0.695858 0.803815 0.127042 0.238415
4 0.377059 0.646038 0.166078 0.101683
4 0.279191 0.676985 0.104297 0.112435
4 0.640163 0.539804 0.171863 0.0981373
4 0.660801 0.466585 0.0825163 0.0763072
4 0.193775 0.722729 0.217451 0.150229
4 0.637067 0.633039 0.144003 0.129379
4 0.820221 0.604877 0.149918 0.0770752
4 0.71781 0.649788 0.047451 0.076732
4 0.401462 0.740065 0.179461 0.157124
4 0.758619 0.55902 0.160245 0.125556
4 0.856667 0.659485 0.154477 0.168219
4 0.58201 0.772737 0.144444 0.162631
4 0.533742 0.806503 0.165882 0.151797
4 0.443252 0.489551 0.0718301 0.0873366
4 0.359608 0.481724 0.143791 0.133088
4 0.309003 0.823423 0.240654 0.184559
