8 0.551771 0.448953 0.0500417 0.0411875
8 0.594104 0.549937 0.047625 0.0290938
8 0.374177 0.514969 0.0458542 0.0323437
8 0.377781 0.652211 0.0870208 0.0292344
8 0.142417 0.626641 0.0809167 0.0270625
8 0.643385 0.443555 0.0231875 0.0176094
8 0.76474 0.484523 0.0706042 0.0281406
8 0.599885 0.434234 0.0406875 0.0228125
8 0.670406 0.444844 0.0342708 0.0294063
8 0.197844 0.431664 0.0427292 0.0258906
8 0.577969 0.490289 0.0390625 0.0380469
8 0.364958 0.404359 0.0187917 0.014875
8 0.253042 0.453711 0.02325 0.0243594
8 0.0774375 0.562008 0.0606667 0.0375469
8 0.476344 0.459305 0.0234375 0.0316406
8 0.55026 0.426336 0.0290625 0.0202656
8 0.757906 0.506437 0.0437292 0.0276875
8 0.528396 0.529258 0.018375 0.0108594
8 0.571344 0.410773 0.0280208 0.0179531
8 0.284427 0.503328 0.0475208 0.02
8 0.0584479 0.556164 0.0481042 0.0294219
8 0.703156 0.54132 0.0754375 0.0506719
8 0.494271 0.394219 0.030875 0.0221562
8 0.400344 0.431922 0.0441042 0.0428125
8 0.704385 0.432023 0.0497708 0.0177344
8 0.417948 0.584484 0.0198125 0.00896875
8 0.877542 0.53007 0.0198333 0.0243594
8 0.293198 0.420188 0.0490625 0.0200938
8 0.339333 0.508164 0.0485 0.0241406
8 0.709333 0.601852 0.0585417 0.0194844
8 0.481458 0.518406 0.038625 0.0383437
8 0.168375 0.468805 0.0510833 0.0218906
8 0.47775 0.640383 0.0242917 0.0177031
