0 0.261477 0.409625 0.0419531 0.04175
0 0.174086 0.391896 0.0650156 0.0774167
0 0.141391 0.510583 0.0650312 0.0753333
0 0.309914 0.40924 0.0592969 0.0374792
0 0.234547 0.365021 0.0775937 0.0621667
0 0.147633 0.570302 0.0493906 0.0577708
0 0.162844 0.488354 0.0435 0.0732917
0 0.206945 0.433979 0.0997656 0.1025
0 0.146547 0.425625 0.051 0.0372917
0 0.208625 0.375948 0.0460625 0.0471042
0 0.282648 0.366094 0.0596094 0.0633125
0 0.173102 0.521427 0.0677969 0.0736875
24 0.32668 0.537396 0.0860156 0.142542
24 0.276797 0.613885 0.0697812 0.111646
24 0.256109 0.499646 0.111125 0.148875
24 0.220109 0.603542 0.0950625 0.132208
8 0.592648 0.305792 0.134328 0.226125
8 0.496937 0.148844 0.203031 0.259771
8 0.561148 0.211323 0.122078 0.208396
