8 0.303406 0.218776 0.035875 0.0494351
8 0.319133 0.299163 0.0415156 0.0516736
8 0.289078 0.278975 0.0374063 0.0432218
8 0.285734 0.306444 0.0369688 0.0296234
8 0.387719 0.304132 0.0386875 0.0398954
8 0.372805 0.268504 0.0367969 0.0411925
8 0.392469 0.258577 0.040875 0.0497071
8 0.398617 0.235241 0.0348594 0.0357113
8 0.364711 0.230743 0.0329531 0.0444142
8 0.496305 0.104958 0.0572031 0.0851046
8 0.334422 0.258818 0.0388125 0.0527824
8 0.356445 0.290711 0.0341094 0.0349372
8 0.603672 0.0931799 0.0361875 0.0426778
8 0.337242 0.213724 0.0395469 0.0475732
8 0.298687 0.256569 0.0349687 0.0370293
8 0.553633 0.107824 0.0616094 0.0621339
8 0.34907 0.30887 0.0375781 0.0361088
