7 0.61126 0.48718 0.0251042 0.0217656
7 0.583583 0.456578 0.0260833 0.021375
7 0.468969 0.476094 0.0297292 0.020375
7 0.646615 0.463266 0.0311458 0.025
7 0.777 0.409414 0.0291667 0.0199219
7 0.772542 0.461195 0.0325417 0.0227344
7 0.729854 0.455805 0.0285833 0.0217344
7 0.728865 0.543984 0.0301458 0.0215
7 0.678854 0.464492 0.0239167 0.0204219
7 0.692073 0.450523 0.0201042 0.0141406
7 0.645792 0.443445 0.0360833 0.0192344
7 0.525365 0.530859 0.0203542 0.0117188
7 0.580844 0.472945 0.0248542 0.0236406
7 0.590062 0.435266 0.0334583 0.0234688
7 0.515948 0.516328 0.0318125 0.0232812
7 0.733208 0.426758 0.027 0.0194844
7 0.655958 0.51132 0.036375 0.0230469
7 0.600542 0.466742 0.0291667 0.0210781
7 0.6485 0.528422 0.0397917 0.0204063
7 0.709188 0.465289 0.0312083 0.0238281
7 0.718646 0.584359 0.0275833 0.0236563
7 0.799052 0.46475 0.0056875 0.00990625
7 0.693781 0.426883 0.0305625 0.0201719
7 0.489771 0.498359 0.0269167 0.023625
7 0.59575 0.484133 0.0145833 0.0171406
7 0.66475 0.565117 0.0259583 0.0147656
7 0.71874 0.401437 0.0256875 0.0141563
7 0.743875 0.536406 0.0351667 0.0225625
7 0.711177 0.418352 0.0288958 0.0207344
7 0.612979 0.525687 0.0352083 0.0213438
7 0.756979 0.493992 0.030375 0.0199531
7 0.623573 0.50525 0.0283542 0.0195625
7 0.781094 0.505344 0.0281875 0.0243438
7 0.739198 0.485938 0.0163542 0.0175625
7 0.550844 0.454141 0.0352708 0.018625
7 0.701146 0.544734 0.0262083 0.025
7 0.687531 0.508234 0.0293125 0.024
7 0.721365 0.479086 0.0321875 0.0235156
7 0.714562 0.525125 0.027875 0.0249688
7 0.756427 0.409844 0.0216875 0.018875
7 0.791333 0.431187 0.0260833 0.0227187
7 0.539969 0.553578 0.0212708 0.02225
7 0.673146 0.535789 0.0289583 0.0201406
7 0.448469 0.515906 0.0217708 0.0238125
7 0.687083 0.563797 0.02975 0.026875
7 0.468177 0.491008 0.0275208 0.0182969
7 0.625094 0.433367 0.0262292 0.0187344
7 0.560042 0.495281 0.0267083 0.0158438
7 0.546656 0.515547 0.0327292 0.022625
7 0.564948 0.452211 0.0168958 0.0165156
7 0.470187 0.529766 0.0263333 0.0203125
7 0.738104 0.439688 0.0285833 0.0214375
7 0.469438 0.510281 0.0302083 0.023625
7 0.667542 0.444367 0.022375 0.0173594
7 0.561813 0.550266 0.0254583 0.0212812
7 0.482115 0.542977 0.0323542 0.0165156
7 0.528146 0.492492 0.0385833 0.0291094
7 0.529833 0.472992 0.0338333 0.0195781
7 0.659927 0.488031 0.0346875 0.0213125
7 0.62901 0.545617 0.0311042 0.0237344
7 0.596521 0.511266 0.0326667 0.0225312
7 0.555083 0.47157 0.027875 0.0218281
7 0.74049 0.577242 0.0276042 0.0216094
7 0.543135 0.478656 0.0256875 0.02475
7 0.582385 0.496328 0.0239792 0.0226875
7 0.588635 0.532805 0.0279375 0.0236094
7 0.818938 0.448391 0.0171667 0.0195938
7 0.626896 0.472375 0.0307917 0.0209688
7 0.652771 0.551219 0.03175 0.0189062
7 0.805135 0.448844 0.0224375 0.0234062
7 0.445167 0.494062 0.018625 0.0171875
7 0.607948 0.437844 0.0128958 0.0115312
7 0.706115 0.496945 0.0313125 0.0238281
7 0.762792 0.482609 0.0247083 0.0215
7 0.572781 0.515414 0.0275208 0.0203906
7 0.756344 0.432633 0.0218958 0.0183281
7 0.497177 0.467711 0.0236458 0.0163594
7 0.755177 0.444891 0.0246042 0.0192187
7 0.539427 0.539078 0.0141042 0.0079375
1 0.582927 0.632141 0.0718958 0.0614688
1 0.550292 0.688703 0.0822917 0.0644687
1 0.642094 0.595781 0.0895208 0.0685625
1 0.67975 0.609203 0.0544583 0.0525937
1 0.537344 0.641312 0.0469792 0.0493437
1 0.708115 0.706891 0.0921042 0.0672813
1 0.597979 0.573328 0.0767083 0.0575312
1 0.559542 0.593148 0.0412083 0.0486719
1 0.671417 0.682781 0.0569583 0.0424375
1 0.70775 0.64182 0.0911667 0.0633594
1 0.615094 0.718766 0.0934375 0.0571875
1 0.756969 0.668492 0.0773958 0.0682031
1 0.625167 0.658305 0.096 0.0675156
1 0.734437 0.617125 0.058125 0.0365
