8 0.912922 0.658031 0.0927188 0.169599
8 0.955203 0.549988 0.0476875 0.0662972
8 0.866484 0.296038 0.0417187 0.0554245
8 0.856641 0.81934 0.0879062 0.156698
8 0.899906 0.0415566 0.1055 0.0831132
8 0.772523 0.133597 0.0891406 0.13842
8 0.873781 0.149316 0.123094 0.198491
8 0.889547 0.254811 0.0665 0.0928302
8 0.968734 0.632394 0.0625313 0.150165
8 0.919273 0.32112 0.0621406 0.099316
8 0.934633 0.81388 0.0898906 0.146486
8 0.982555 0.763219 0.0348906 0.0937028
8 0.963914 0.714281 0.0461094 0.0669575
8 0.934969 0.27184 0.0420937 0.0538679
8 0.957391 0.243502 0.0163125 0.0315802
