22 0.278484 0.714697 0.0987187 0.10752
22 0.408 0.377705 0.0839688 0.114199
22 0.638625 0.594062 0.086 0.112148
22 0.35668 0.787187 0.0860156 0.108711
22 0.551312 0.50165 0.0895 0.108887
22 0.459273 0.290234 0.0898281 0.13707
22 0.492578 0.411621 0.102844 0.107266
22 0.530609 0.232793 0.0936875 0.108242
22 0.202078 0.516406 0.09575 0.1275
22 0.63668 0.366523 0.0898594 0.115586
22 0.653391 0.264775 0.102062 0.115215
22 0.435672 0.633672 0.104125 0.128594
22 0.252906 0.418027 0.097875 0.123359
4 0.403375 0.214658 0.105313 0.170293
4 0.518922 0.588936 0.119156 0.146582
4 0.538406 0.349775 0.127094 0.15541
4 0.686477 0.396191 0.102859 0.119961
4 0.322336 0.322051 0.118859 0.153516
4 0.383828 0.680684 0.122594 0.146094
4 0.595508 0.710127 0.117828 0.139316
4 0.336313 0.452852 0.0755 0.0997266
4 0.460422 0.463799 0.0933438 0.173965
4 0.380672 0.509941 0.122594 0.191836
4 0.617617 0.484482 0.100359 0.135371
4 0.30168 0.571689 0.129016 0.153574
