1 0.797857 0.453772 0.215195 0.248443
4 0.495429 0.580761 0.0654545 0.0755017
4 0.394636 0.791315 0.0843896 0.0883045
4 0.635143 0.548633 0.0717403 0.107509
4 0.475364 0.423062 0.0452208 0.0638408
4 0.489636 0.493962 0.0638442 0.0967128
4 0.569623 0.600087 0.0788831 0.0626644
4 0.520935 0.446644 0.0798961 0.103668
4 0.379571 0.68301 0.0904156 0.128235
4 0.46061 0.65327 0.0817403 0.100035
4 0.580584 0.537941 0.0393506 0.0888927
4 0.526818 0.648287 0.0738961 0.0809343
4 0.317779 0.704014 0.0740519 0.102215
4 0.535143 0.555934 0.0608831 0.0929066
