7 0.466906 0.210493 0.0226562 0.0375117
7 0.32332 0.0942488 0.0149531 0.0267136
7 0.374766 0.0433451 0.019125 0.0247183
7 0.353547 0.21581 0.0183125 0.030446
7 0.518633 0.188533 0.0212031 0.035939
7 0.564937 0.181338 0.0215312 0.0441315
7 0.297273 0.114648 0.0175469 0.026385
7 0.251281 0.281925 0.0132188 0.0316901
7 0.350164 0.290575 0.0192344 0.0345305
7 0.329125 0.113392 0.0177187 0.0355164
7 0.509047 0.307829 0.0215 0.0342019
7 0.459711 0.0751056 0.0203594 0.0298826
7 0.481406 0.191279 0.0243125 0.0347653
7 0.324453 0.164225 0.00896875 0.01
7 0.330258 0.293474 0.0231406 0.0352582
7 0.3035 0.149871 0.0214375 0.028615
7 0.377664 0.0855516 0.0180469 0.0347653
7 0.534539 0.181808 0.0162344 0.0283568
7 0.284375 0.270293 0.0203125 0.0293192
7 0.370008 0.217817 0.0229531 0.0332864
7 0.43275 0.323075 0.0231562 0.0348357
7 0.304203 0.226209 0.0118125 0.0258451
7 0.275438 0.12804 0.0166875 0.0261737
7 0.436875 0.171843 0.0230937 0.0336385
7 0.44132 0.130622 0.0230469 0.0354225
7 0.400953 0.296984 0.0254063 0.0375822
7 0.369703 0.288498 0.0209063 0.0350235
7 0.396164 0.152336 0.0257031 0.0290845
7 0.290422 0.223486 0.01675 0.0226995
7 0.33432 0.0396479 0.0157344 0.0219718
7 0.428281 0.143638 0.0217188 0.0376526
7 0.423125 0.29243 0.023625 0.0328873
7 0.293469 0.178768 0.0182812 0.0263146
7 0.428211 0.261045 0.0223281 0.0326526
7 0.346438 0.183462 0.0134375 0.0242488
7 0.279383 0.209202 0.0186406 0.0292958
7 0.46932 0.280188 0.0206094 0.0283099
7 0.463266 0.251303 0.0258437 0.0397887
7 0.455219 0.305188 0.023375 0.0376526
7 0.501469 0.278075 0.0221562 0.0321596
7 0.360914 0.239589 0.0196406 0.0202113
7 0.319117 0.1673 0.0151406 0.0246948
7 0.466344 0.0948709 0.0260625 0.0182394
7 0.282906 0.116937 0.018625 0.0271596
7 0.318648 0.264284 0.0149844 0.02777
7 0.323906 0.0606338 0.022125 0.0335681
7 0.39725 0.077723 0.0216875 0.0299061
7 0.462172 0.0471479 0.0225 0.033216
7 0.364375 0.145 0.0209063 0.0346479
7 0.522406 0.269425 0.0207188 0.0238263
7 0.514422 0.325552 0.02025 0.0267371
7 0.392437 0.103944 0.0224062 0.0341315
7 0.493383 0.3223 0.0208594 0.0366667
7 0.613883 0.289707 0.0260469 0.0301643
7 0.518164 0.247512 0.0206094 0.0261033
7 0.48682 0.127488 0.0208906 0.0317371
7 0.526602 0.33365 0.0119531 0.0161737
7 0.40093 0.0320892 0.0173594 0.025493
7 0.441328 0.209401 0.0145937 0.0280986
7 0.364461 0.0875939 0.0110781 0.018662
7 0.307891 0.258768 0.00703125 0.0142958
7 0.409414 0.248157 0.0204219 0.0285211
7 0.336219 0.0191667 0.01925 0.0248122
7 0.432648 0.116444 0.0179844 0.0183333
7 0.454484 0.169812 0.0204063 0.0315023
7 0.312148 0.0764202 0.0159531 0.0273005
7 0.380555 0.247523 0.0255156 0.0324648
7 0.427383 0.225434 0.0202656 0.0317136
7 0.291344 0.19838 0.0153125 0.0223944
7 0.333414 0.226514 0.0212969 0.0276761
7 0.351703 0.123791 0.0232812 0.0310094
7 0.548016 0.214918 0.0197813 0.0275352
7 0.525891 0.296432 0.0251563 0.0324413
7 0.475398 0.306115 0.0231094 0.0376761
7 0.344398 0.27007 0.0159844 0.0215962
7 0.468938 0.17304 0.0252188 0.029554
7 0.410531 0.318404 0.022125 0.0329577
7 0.309016 0.101455 0.0189375 0.02723
7 0.388578 0.023169 0.021625 0.0351643
7 0.456625 0.125423 0.0197188 0.0332394
7 0.43482 0.0150822 0.0219219 0.0257981
7 0.341484 0.316467 0.0245625 0.0289906
7 0.341375 0.182676 0.0136562 0.0295305
7 0.434719 0.0674531 0.0223438 0.030446
7 0.41118 0.136737 0.0206719 0.0373709
7 0.486797 0.161972 0.0224062 0.0289202
7 0.366977 0.312805 0.0253594 0.029554
7 0.498719 0.177735 0.0229375 0.032277
7 0.670969 0.310035 0.0151562 0.0221362
7 0.308711 0.277265 0.0155156 0.0288498
7 0.424672 0.200223 0.026875 0.0319014
7 0.359109 0.0549648 0.0155937 0.0272535
7 0.349219 0.199918 0.0118125 0.0259859
7 0.503375 0.23257 0.0194062 0.0336854
7 0.278828 0.253897 0.0188125 0.0189671
7 0.432414 0.0395305 0.0227031 0.0305634
7 0.384555 0.200059 0.0188594 0.029507
7 0.319961 0.20993 0.0152656 0.0279343
7 0.324859 0.181843 0.017625 0.0283333
7 0.26418 0.254108 0.0195156 0.0273239
7 0.485258 0.240129 0.0258281 0.0379577
7 0.365148 0.11365 0.0223281 0.031385
7 0.384164 0.261232 0.0191094 0.0302582
7 0.442445 0.241749 0.0272969 0.0354695
7 0.296617 0.24534 0.0155156 0.0261268
7 0.276555 0.170505 0.0212344 0.0371596
7 0.337148 0.0827465 0.0227031 0.0305634
7 0.374352 0.178791 0.0167344 0.0292254
7 0.341219 0.25088 0.0182812 0.0282394
7 0.41132 0.272606 0.0193594 0.0251174
7 0.388828 0.228075 0.022125 0.0295305
7 0.39975 0.208099 0.015125 0.0299061
7 0.442734 0.0973592 0.0200313 0.0356103
7 0.453742 0.270998 0.0130156 0.0276761
7 0.359031 0.0303756 0.0194375 0.0256808
7 0.48032 0.143322 0.0200781 0.0237793
7 0.421531 0.173944 0.01225 0.0260563
7 0.341336 0.0977934 0.0173594 0.0264319
7 0.565883 0.210129 0.0220156 0.0199296
7 0.448562 0.34061 0.0239063 0.0332394
7 0.413977 0.0133333 0.0192031 0.0266667
7 0.338914 0.130235 0.0201094 0.029108
7 0.354836 0.168486 0.0113906 0.019507
7 0.359078 0.261667 0.0260625 0.0373709
7 0.322344 0.135446 0.01225 0.0265258
7 0.336156 0.156538 0.0202188 0.0324178
7 0.418078 0.0550352 0.017375 0.0192723
7 0.381188 0.164871 0.0182187 0.0305399
7 0.530836 0.31581 0.0170156 0.0224648
7 0.311844 0.0496009 0.0224062 0.0264319
7 0.303461 0.195516 0.0115781 0.0130516
7 0.38407 0.133087 0.0225469 0.0342019
7 0.261023 0.124695 0.0157344 0.0207042
7 0.353867 0.0775704 0.0179531 0.0257981
7 0.275352 0.236397 0.0208594 0.0266432
7 0.470773 0.332195 0.0213594 0.0328873
7 0.636719 0.306373 0.0245 0.0296479
7 0.448992 0.0620423 0.0141406 0.0315962
7 0.481703 0.352653 0.0208125 0.034554
7 0.655367 0.30858 0.0164844 0.0282394
7 0.400703 0.170516 0.0314063 0.0457277
7 0.290328 0.143615 0.0137187 0.0370423
7 0.285227 0.0990962 0.0158906 0.0163615
7 0.417289 0.0769366 0.0257031 0.0290845
7 0.324063 0.278099 0.0177813 0.0259624
7 0.3635 0.189308 0.022 0.0287089
7 0.529469 0.214777 0.02325 0.0300235
7 0.291508 0.166197 0.00948437 0.00962441
7 0.261688 0.158638 0.0229062 0.0271831
7 0.412352 0.106725 0.0179531 0.0279577
7 0.516039 0.165962 0.0212031 0.0237089
0 0.311953 0.801585 0.0724063 0.105469
0 0.123133 0.810305 0.0226094 0.049061
0 0.469078 0.963298 0.0793438 0.0734038
0 0.678609 0.849765 0.0575 0.0569953
0 0.652555 0.781596 0.0719219 0.113192
0 0.250477 0.800786 0.0584844 0.0701643
0 0.569891 0.633216 0.035 0.018169
0 0.650898 0.610904 0.0677656 0.0736385
0 0.676742 0.987418 0.0388281 0.0242723
0 0.470609 0.649261 0.0284687 0.058615
0 0.302609 0.570293 0.052125 0.0717136
0 0.73543 0.972641 0.0797969 0.0547183
0 0.291078 0.757183 0.072 0.0815023
0 0.88132 0.839061 0.0838906 0.113803
0 0.292273 0.6323 0.0605781 0.0668545
0 0.573406 0.691608 0.0739375 0.114108
0 0.771898 0.489225 0.0558281 0.0650704
0 0.772898 0.693075 0.0492031 0.0529108
0 0.812031 0.830998 0.0667813 0.0774413
0 0.532164 0.694108 0.0285156 0.0737559
0 0.307742 0.683885 0.0622344 0.0942958
0 0.73225 0.804472 0.04575 0.0492254
0 0.515914 0.942418 0.0708594 0.115164
0 0.08325 0.82635 0.0515 0.0426995
0 0.933437 0.589718 0.07375 0.110939
0 0.200617 0.763674 0.0671094 0.0894601
0 0.782117 0.963615 0.0618281 0.07277
0 0.275219 0.866291 0.0682187 0.10385
0 0.0509219 0.690646 0.0517813 0.0468779
0 0.165859 0.630035 0.0351562 0.0435446
0 0.58607 0.945423 0.0776719 0.109155
0 0.355313 0.728732 0.0559375 0.0657277
0 0.424898 0.793533 0.0649219 0.107582
0 0.765813 0.764847 0.0722187 0.111291
0 0.662625 0.543286 0.070875 0.0995305
0 0.0394297 0.969683 0.0552031 0.0606338
0 0.227742 0.852735 0.0483281 0.0470188
0 0.140555 0.659378 0.0560781 0.06777
0 0.717133 0.558521 0.0778906 0.0839906
0 0.548602 0.800082 0.0740781 0.107817
0 0.430586 0.622312 0.0377031 0.0573474
0 0.107906 0.872488 0.0599063 0.081784
0 0.980516 0.594143 0.0249375 0.0363615
0 0.67175 0.739742 0.0678125 0.0907981
0 0.436219 0.686761 0.06425 0.0864319
0 0.693297 0.93473 0.0775 0.117629
0 0.757422 0.627418 0.0696563 0.0999531
0 0.32643 0.856397 0.0395469 0.0730282
0 0.470469 0.726749 0.071 0.0765493
0 0.85343 0.773592 0.0327656 0.0693427
0 0.604555 0.825376 0.0782969 0.0933333
0 0.54107 0.749131 0.0655469 0.0507042
0 0.14493 0.896854 0.0611406 0.0977934
0 0.0147187 0.853075 0.0285313 0.0761972
0 0.0333516 0.957934 0.0560781 0.0711737
0 0.271055 0.688146 0.0365781 0.0620188
0 0.632109 0.981209 0.0727187 0.0375822
0 0.824422 0.890669 0.0804688 0.108521
0 0.174922 0.735399 0.05575 0.0779812
0 0.182891 0.653228 0.0295938 0.0202582
0 0.332156 0.538862 0.0494375 0.0690376
0 0.843313 0.957171 0.0730625 0.0856573
0 0.27325 0.577899 0.011375 0.0351408
0 0.614188 0.557817 0.0427187 0.0938967
0 0.221687 0.794918 0.0331562 0.0723239
0 0.349227 0.77 0.0455469 0.0546479
0 0.930539 0.856702 0.0412969 0.058615
0 0.0529844 0.88446 0.0564687 0.098216
0 0.341742 0.6227 0.0463906 0.0422535
0 0.173914 0.818721 0.0545781 0.0839671
0 0.663898 0.637136 0.0264531 0.0528638
0 0.0996641 0.77243 0.0572969 0.088662
0 0.0339531 0.755317 0.056625 0.0812911
0 0.969758 0.708369 0.0405781 0.0820892
0 0.2165 0.9148 0.0885 0.0926526
0 0.240328 0.678498 0.0485 0.0653052
0 0.262094 0.738486 0.0506562 0.054108
0 0.699008 0.637993 0.0616094 0.0979108
0 0.146414 0.811408 0.0492031 0.0761972
0 0.0899141 0.928157 0.0585781 0.0521831
0 0.209477 0.62392 0.0607656 0.0823944
0 0.09 0.845352 0.038 0.0370892
0 0.813883 0.751045 0.0641719 0.0972535
0 0.196023 0.843146 0.0546094 0.0733803
0 0.238578 0.73189 0.029875 0.0557042
0 0.343445 0.650035 0.0417656 0.0711972
0 0.97725 0.633732 0.0310625 0.0768075
0 0.587328 0.878603 0.0807187 0.0820423
0 0.963508 0.896937 0.0724219 0.125563
0 0.288633 0.906995 0.0537969 0.0446009
0 0.099875 0.959883 0.0689063 0.0802347
0 0.0796172 0.721232 0.0411094 0.060446
0 0.96007 0.78743 0.0727031 0.10284
0 0.888805 0.905669 0.0545469 0.0676761
0 0.439453 0.958756 0.0630938 0.0824883
0 0.0478828 0.810552 0.0596719 0.0765023
0 0.0334453 0.71216 0.0568281 0.0569953
0 0.652672 0.919965 0.0674063 0.113779
0 0.132578 0.798627 0.0540937 0.0642958
0 0.140633 0.713826 0.0471406 0.0693427
0 0.91882 0.942324 0.0880781 0.112864
0 0.55893 0.626373 0.0340156 0.024061
0 0.596844 0.610646 0.0436563 0.0298357
0 0.166773 0.959707 0.0663906 0.0779108
0 0.182445 0.905399 0.0373906 0.0686385
0 0.472906 0.683603 0.00865625 0.0121362
0 0.512453 0.742077 0.0188125 0.0307746
0 0.884914 0.544155 0.0525156 0.0914085
0 0.708227 0.500951 0.0705781 0.0614789
0 0.415586 0.940775 0.0533906 0.0607981
0 0.935195 0.657077 0.0422344 0.0551878
0 0.0153281 0.948721 0.0306563 0.0637793
0 0.0460781 0.991561 0.0486875 0.0152817
0 0.262227 0.620329 0.0442656 0.0614085
0 0.260984 0.683826 0.0364375 0.0512207
0 0.427359 0.873181 0.0465938 0.077723
0 0.152406 0.672113 0.0569687 0.0533803
0 0.225578 0.727899 0.031875 0.0419953
0 0.523469 0.490516 0.0539375 0.0751643
0 0.674 0.464319 0.055 0.059061
0 0.223805 0.674601 0.0361094 0.0683568
0 0.380063 0.55993 0.0523438 0.0702817
0 0.01475 0.918146 0.0269062 0.056338
0 0.370656 0.690716 0.0434063 0.0416667
0 0.622437 0.464308 0.0490938 0.0503991
0 0.483523 0.532711 0.0477656 0.0820892
0 0.576945 0.485434 0.0486094 0.0266901
0 0.708195 0.685892 0.0650469 0.0612676
0 0.387484 0.887324 0.0352813 0.0753991
0 0.483797 0.790223 0.064375 0.0863146
0 0.514219 0.666831 0.08 0.129437
0 0.743453 0.881491 0.0787812 0.124906
0 0.536328 0.8727 0.0576875 0.0930047
0 0.470969 0.877993 0.0803438 0.118803
0 0.933203 0.525399 0.05225 0.054554
0 0.922984 0.719566 0.0734375 0.0953756
0 0.107492 0.729977 0.0621719 0.0755399
0 0.358656 0.799812 0.0285938 0.0657746
0 0.887016 0.781573 0.0775625 0.0946479
0 0.787828 0.595634 0.0440625 0.0696714
0 0.00665625 0.99027 0.0133125 0.0194601
0 0.249477 0.60135 0.0368906 0.0436854
0 0.056875 0.763756 0.0369375 0.0288263
0 0.691438 0.808427 0.0444375 0.0499061
0 0.357203 0.934953 0.0728125 0.0857746
0 0.729992 0.745552 0.0592969 0.103638
0 0.611477 0.64865 0.0619844 0.0751878
0 0.826336 0.67662 0.0801406 0.110986
0 0.641359 0.680434 0.0634687 0.0731221
0 0.613766 0.743275 0.0608437 0.0844366
0 0.410531 0.607887 0.0568438 0.0858216
0 0.751844 0.568357 0.034375 0.0284977
1 0.116148 0.642852 0.0348906 0.0316667
1 0.615367 0.433298 0.0415156 0.0453756
1 0.422992 0.531561 0.0485156 0.0589906
1 0.568867 0.363908 0.0460469 0.051338
1 0.529336 0.40223 0.0488281 0.0549296
1 0.45375 0.538932 0.0258437 0.0584742
1 0.4945 0.447124 0.062625 0.100869
1 0.609805 0.374824 0.0555156 0.08223
1 0.924195 0.337535 0.0297656 0.081784
1 0.172875 0.986573 0.0510312 0.0268545
1 0.282852 0.959167 0.0710469 0.0816667
1 0.156039 0.498803 0.0318594 0.0539437
1 0.877148 0.376315 0.0572656 0.0725822
1 0.575117 0.399941 0.0485781 0.061385
1 0.835789 0.339695 0.0751719 0.101268
1 0.239984 0.12027 0.0329688 0.0392254
1 0.727039 0.356866 0.0539531 0.0787559
1 0.266227 0.540493 0.0471094 0.0530516
1 0.158695 0.162523 0.0375469 0.0533099
1 0.652812 0.384683 0.0551562 0.0655634
1 0.176313 0.0809272 0.035625 0.0453286
1 0.894852 0.388932 0.0641094 0.0754695
1 0.371766 0.967547 0.0753438 0.0649061
1 0.896188 0.294225 0.069 0.10493
1 0.695625 0.353674 0.0397188 0.0706808
1 0.247 0.0651408 0.032875 0.0544131
1 0.208422 0.175681 0.03325 0.0325822
1 0.475578 0.415376 0.0425 0.0535211
1 0.253609 0.498286 0.0419687 0.0488263
1 0.0795859 0.628685 0.0356094 0.0622535
1 0.675578 0.395998 0.051375 0.0290376
1 0.181563 0.176984 0.0280625 0.0342019
1 0.200242 0.144531 0.0341719 0.054554
1 0.717859 0.406103 0.0500313 0.0578404
1 0.445484 0.480423 0.0623125 0.089061
1 0.553383 0.429695 0.0591406 0.0660563
1 0.0865625 0.645211 0.0254375 0.0429108
1 0.757047 0.407934 0.033625 0.0425352
1 0.222023 0.976749 0.0598281 0.0442488
1 0.240094 0.567641 0.0520312 0.0407277
1 0.777688 0.362089 0.0544375 0.0619249
1 0.305484 0.984237 0.0564063 0.0315258
1 0.165172 0.606854 0.0418437 0.0405164
1 0.207063 0.0562089 0.033875 0.0436854
1 0.149375 0.0956338 0.0305937 0.0421596
1 0.206969 0.448005 0.0208438 0.0183099
1 0.124242 0.591432 0.0558906 0.060939
1 0.150359 0.448756 0.043 0.0540845
