7 0.740883 0.740427 0.0128906 0.0156042
7 0.685914 0.815875 0.0128906 0.0165417
7 0.716734 0.753979 0.0134687 0.0187083
7 0.703227 0.800687 0.0137344 0.0182917
7 0.800109 0.800375 0.0144063 0.0181667
7 0.781922 0.832615 0.00903125 0.0138542
7 0.776539 0.78851 0.0105781 0.0225625
7 0.843844 0.800687 0.01 0.0115417
7 0.709508 0.832437 0.00654688 0.015125
7 0.7895 0.854365 0.015 0.0189792
7 0.686688 0.773156 0.0069375 0.0124375
7 0.758922 0.77474 0.0125 0.0171875
7 0.833297 0.82551 0.015 0.0202708
7 0.700477 0.760844 0.0134844 0.0169375
7 0.785195 0.766458 0.0130781 0.0179583
7 0.803953 0.83874 0.0134687 0.0192292
7 0.672508 0.78349 0.00942187 0.0110208
7 0.730922 0.83626 0.0127812 0.0161875
7 0.819125 0.766177 0.0136562 0.0181875
7 0.811375 0.857812 0.0111562 0.0140833
7 0.762195 0.838458 0.0157656 0.0195
7 0.701477 0.832437 0.0137656 0.0188333
7 0.813508 0.794823 0.0127656 0.0162708
7 0.689305 0.839667 0.0132656 0.0182083
7 0.794172 0.86775 0.0140625 0.0172083
7 0.826891 0.775635 0.0139375 0.0182292
7 0.811336 0.772135 0.00554687 0.0147708
7 0.800883 0.827729 0.0149844 0.0183333
7 0.73107 0.805458 0.0115781 0.0171667
7 0.733063 0.822052 0.0151875 0.0205208
7 0.789258 0.820187 0.0140781 0.0154167
7 0.734602 0.763969 0.0146094 0.0171875
7 0.767437 0.772177 0.0119375 0.0136042
7 0.790367 0.835771 0.0140469 0.0182083
7 0.743367 0.777729 0.0132969 0.0143333
7 0.753797 0.790344 0.0111875 0.0163125
7 0.774773 0.816135 0.0154219 0.0212708
7 0.709156 0.76999 0.0141563 0.0207292
7 0.733562 0.851938 0.0129375 0.0169583
7 0.72282 0.793333 0.0109531 0.0164167
7 0.833297 0.770563 0.0104063 0.014875
7 0.748758 0.801802 0.00710937 0.0102708
7 0.769484 0.855417 0.0116875 0.0160417
7 0.712695 0.740375 0.0142969 0.0155
