1 0.0473906 0.661838 0.0924062 0.123864
1 0.911227 0.156206 0.0866094 0.133583
1 0.607719 0.953864 0.0171875 0.0391569
1 0.735383 0.363326 0.100766 0.13541
1 0.239992 0.430094 0.0956406 0.14445
1 0.353039 0.631475 0.0984531 0.149461
1 0.688055 0.980187 0.0274219 0.0396253
1 0.36393 0.98719 0.0534844 0.0256206
1 0.532875 0.769461 0.10975 0.165855
1 0.0781641 0.950925 0.0458906 0.0637237
1 0.108008 0.975164 0.0262656 0.0454098
1 0.191352 0.737623 0.0636719 0.0705152
1 0.758016 0.785094 0.0232187 0.0357611
1 0.805977 0.596124 0.0770469 0.0797424
1 0.568937 0.975773 0.0164375 0.0287354
1 0.793969 0.505129 0.102875 0.152319
1 0.171445 0.879368 0.0673281 0.12623
