8 0.339258 0.743208 0.100766 0.066
8 0.528078 0.342073 0.0188125 0.0138958
8 0.380578 0.525948 0.0334688 0.0456458
8 0.254555 0.459365 0.0536406 0.0238542
8 0.360578 0.441781 0.04875 0.0230208
8 0.462867 0.42049 0.00751562 0.0136875
8 0.363703 0.709115 0.0590625 0.0589792
8 0.266203 0.536948 0.0400313 0.0273542
8 0.344828 0.57824 0.0381875 0.0395625
8 0.390516 0.463719 0.0309687 0.0330625
8 0.616688 0.552031 0.03 0.0203125
8 0.347789 0.413521 0.0476094 0.0372083
8 0.68607 0.476229 0.0331719 0.0225
8 0.316578 0.437052 0.0540312 0.0305208
8 0.312789 0.461406 0.0378906 0.0412708
8 0.738594 0.455938 0.018875 0.023
8 0.372305 0.493125 0.0319219 0.0271667
8 0.642 0.49526 0.0311563 0.0238542
8 0.260086 0.419229 0.0342344 0.00870833
