24 0.341438 0.396019 0.147344 0.222917
24 0.486227 0.466562 0.231391 0.126273
24 0.594641 0.767384 0.032 0.0619907
24 0.645297 0.496146 0.120125 0.205995
24 0.346844 0.247083 0.0684687 0.1475
24 0.623563 0.168958 0.0293438 0.0494444
24 0.665484 0.388623 0.0801562 0.223819
24 0.684102 0.287095 0.0774531 0.0875694
10 0.455969 0.138333 0.0983125 0.20588
10 0.555211 0.138461 0.120078 0.182708
4 0.763734 0.386563 0.105406 0.166088
4 0.167391 0.529757 0.0985 0.218588
4 0.684773 0.731111 0.179297 0.201204
