4 0.175796 0.521094 0.042178 0.0079375
4 0.0306674 0.518211 0.0103747 0.00667187
4 0.17541 0.516375 0.0358314 0.010875
4 0.185913 0.510055 0.00733021 0.00564062
4 0.11397 0.511539 0.0322482 0.0122344
4 0.22671 0.516977 0.0169321 0.0205156
4 0.0519672 0.517695 0.0315691 0.00873437
4 0.242459 0.521805 0.00730679 0.00923437
4 0.154731 0.508328 0.00655738 0.00640625
4 0.0886066 0.51107 0.0292037 0.00770312
4 0.133852 0.511203 0.00850117 0.0127188
4 0.117904 0.517445 0.0215691 0.00860937
4 0.212014 0.513492 0.0203279 0.0165469
4 0.0240632 0.518656 0.0150117 0.00565625
4 0.192518 0.513945 0.00845433 0.0110469
4 0.110984 0.517484 0.0292272 0.0095625
4 0.155234 0.519727 0.0119204 0.00879687
4 0.131838 0.506047 0.028267 0.00959375
4 0.0644145 0.51668 0.00798595 0.00417188
4 0.139098 0.522219 0.00714286 0.00634375
