25 0.71013 0.847704 0.02958 0.0549849
25 0.70097 0.891571 0.02646 0.0423565
25 0.20715 0.613218 0.01718 0.028429
25 0.64161 0.782719 0.03558 0.0394562
25 0.57447 0.944592 0.03686 0.058006
25 0.44998 0.686737 0.02352 0.040423
25 0.24999 0.596314 0.01722 0.0265257
25 0.19461 0.594789 0.01606 0.0306647
25 0.25187 0.567583 0.0207 0.0206647
25 0.43339 0.663233 0.0261 0.0398187
25 0.676 0.897492 0.0438 0.0610876
25 0.7009 0.822779 0.03448 0.0523263
25 0.61166 0.895 0.0506 0.0648036
25 0.64575 0.742477 0.04358 0.0576435
25 0.60511 0.862205 0.0335 0.0535952
25 0.62492 0.760181 0.014 0.0410876
25 0.63386 0.824532 0.03788 0.0582477
25 0.64434 0.898248 0.03616 0.0558912
25 0.42777 0.695468 0.02342 0.0445317
25 0.22654 0.56426 0.01056 0.0228399
25 0.68091 0.726707 0.03822 0.0563142
25 0.67809 0.858157 0.0445 0.0441692
25 0.24983 0.619109 0.02294 0.0152568
25 0.43343 0.727069 0.03614 0.0374018
25 0.20907 0.576329 0.01858 0.0324169
25 0.42135 0.641405 0.02514 0.03429
25 0.45738 0.636752 0.0254 0.0373716
25 0.66967 0.813278 0.03986 0.0579154
25 0.62775 0.81065 0.0439 0.0516918
25 0.46504 0.664894 0.01948 0.0329305
25 0.69605 0.771118 0.02934 0.0530514
25 0.43591 0.629547 0.01466 0.0212085
25 0.21498 0.589139 0.01852 0.0216012
25 0.71944 0.747659 0.02628 0.0585801
4 0.96409 0.350317 0.00786 0.010423
4 0.69934 0.446193 0.01488 0.025861
4 0.94787 0.509381 0.00858 0.0335045
4 0.69205 0.361193 0.01446 0.0227492
4 0.65485 0.474245 0.0195 0.0257704
4 0.96275 0.469773 0.02538 0.0342296
4 0.67857 0.30355 0.00846 0.0136254
4 0.4328 0.468278 0.00484 0.0135347
4 0.82177 0.476616 0.01782 0.0700302
4 0.72447 0.583157 0.03674 0.0619033
4 0.48724 0.389063 0.00496 0.013716
4 0.44149 0.383882 0.00434 0.00903323
4 0.65795 0.430604 0.00998 0.00851964
4 0.87854 0.434396 0.019 0.0397281
4 0.42527 0.33213 0.00578 0.00728097
4 0.42848 0.422039 0.00848 0.0236556
4 0.71203 0.520332 0.00434 0.012145
4 0.93537 0.590302 0.00858 0.0222961
4 0.70541 0.329728 0.0061 0.0117825
4 0.96067 0.404819 0.01566 0.0263142
4 0.90246 0.522356 0.01756 0.0218127
4 0.68256 0.338822 0.00668 0.0164955
4 0.48475 0.452417 0.01446 0.0383082
4 0.39169 0.324683 0.00686 0.00966767
4 0.69532 0.47781 0.0068 0.0173716
4 0.42527 0.452568 0.00454 0.0161934
4 0.46975 0.413233 0.01058 0.0351057
4 0.45666 0.358021 0.00704 0.0246224
4 0.73919 0.278248 0.0095 0.015287
4 0.69479 0.657432 0.02106 0.0245921
4 0.97071 0.348671 0.0157 0.0296073
4 0.7279 0.614909 0.04356 0.0616012
4 0.81383 0.626435 0.01374 0.0566163
4 0.88859 0.394637 0.01738 0.0490937
4 0.69836 0.60219 0.01156 0.0261329
4 0.67918 0.479335 0.00776 0.0196375
4 0.72808 0.302447 0.0172 0.0143807
4 0.94926 0.326994 0.01244 0.0164048
4 0.6854 0.701677 0.01176 0.0613595
4 0.429 0.51864 0.00892 0.0201813
4 0.46266 0.39213 0.00868 0.0305438
4 0.38387 0.377553 0.00542 0.00912387
4 0.39564 0.366737 0.01176 0.0164955
4 0.65233 0.469622 0.01258 0.0144109
4 0.43601 0.452326 0.00614 0.0199396
4 0.70081 0.438731 0.00758 0.0269486
4 0.91392 0.488353 0.0092 0.0232931
4 0.6547 0.312583 0.00468 0.0133837
4 0.7406 0.61642 0.0362 0.0674622
4 0.68901 0.323897 0.00494 0.010574
4 0.72815 0.607583 0.02706 0.036435
4 0.50197 0.364547 0.00474 0.0197281
4 0.85247 0.334955 0.02706 0.0208459
4 0.97488 0.51148 0.0082 0.0265257
4 0.90838 0.504215 0.01224 0.0211782
4 0.95304 0.431798 0.0068 0.0122961
4 0.66119 0.43855 0.01254 0.0207251
4 0.65559 0.347538 0.0117 0.0299396
4 0.83396 0.485166 0.01812 0.0676133
4 0.42172 0.308867 0.00704 0.022568
4 0.70615 0.479366 0.01198 0.0167976
4 0.45252 0.275604 0.00708 0.0255287
4 0.45481 0.335272 0.00826 0.019003
4 0.38706 0.339849 0.0084 0.0216918
4 0.48888 0.421405 0.00744 0.0187009
4 0.93414 0.523112 0.01912 0.0250151
4 0.64468 0.338686 0.00704 0.0194864
4 0.95419 0.612885 0.01362 0.0370695
4 0.26115 0.401329 0.01366 0.00779456
4 0.44599 0.408882 0.00894 0.0239275
4 0.26759 0.325287 0.00598 0.012145
4 0.70884 0.614517 0.01104 0.0193656
4 0.26588 0.433187 0.00752 0.0120544
4 0.6875 0.296994 0.00636 0.0163444
4 0.83562 0.423308 0.03124 0.0576737
4 0.26119 0.411918 0.01466 0.0109063
4 0.26097 0.453293 0.0071 0.0132326
4 0.70655 0.251284 0.0049 0.0104834
4 0.86426 0.293776 0.02568 0.0177644
