1 0.709836 0.628361 0.0930781 0.0871934
1 0.634422 0.5802 0.0377813 0.0485613
1 0.71532 0.578644 0.0540469 0.0620991
1 0.903937 0.583479 0.0457813 0.0607783
1 0.584852 0.844811 0.0485781 0.067217
1 0.730852 0.52388 0.0546719 0.0687972
1 0.537359 0.835708 0.0402813 0.0709434
1 0.615328 0.858267 0.0385313 0.0608726
1 0.88693 0.628667 0.0475469 0.0543632
1 0.578305 0.935224 0.0429844 0.0582311
1 0.931055 0.633962 0.0156406 0.0636321
1 0.552648 0.777252 0.0428281 0.0622406
1 0.560281 0.714882 0.061375 0.0760849
1 0.44418 0.876238 0.0434844 0.0259198
1 0.368398 0.719623 0.0424219 0.0492453
1 0.768672 0.611002 0.0521563 0.075684
1 0.396266 0.854988 0.05125 0.0359198
1 0.315508 0.766498 0.0395469 0.0620047
1 0.805109 0.612936 0.02525 0.0379481
1 0.488023 0.77895 0.0436719 0.0595047
1 0.288922 0.767606 0.0315937 0.058467
1 0.8735 0.555472 0.0207188 0.0261792
1 0.812375 0.544057 0.0105313 0.0387264
1 0.790992 0.653514 0.0527656 0.0806604
1 0.453359 0.81408 0.0497812 0.0492453
1 0.553352 0.881722 0.0312031 0.0386321
1 0.347859 0.758785 0.0329688 0.0587972
1 0.500258 0.802807 0.0293906 0.0292453
1 0.946641 0.636014 0.0361875 0.0749057
1 0.384273 0.748868 0.0423281 0.0516981
1 0.776492 0.562995 0.0570781 0.0740094
1 0.589367 0.666781 0.0339219 0.0520519
1 0.514094 0.739198 0.0464062 0.0498113
1 0.615383 0.806946 0.0179531 0.0509198
1 0.323914 0.718715 0.0449844 0.0567689
0 0.692953 0.476757 0.0307812 0.0380425
0 0.793781 0.497618 0.0269375 0.0324057
0 0.424445 0.530814 0.0343281 0.0364387
0 0.583289 0.489705 0.0311094 0.0469575
0 0.465703 0.338703 0.0294687 0.032217
0 0.124219 0.373998 0.0322812 0.0202594
0 0.363977 0.578667 0.0255156 0.0235142
0 0.170531 0.530342 0.0324375 0.0356368
0 0.0748281 0.516403 0.0313437 0.0370519
0 0.639047 0.551108 0.0258125 0.0276887
0 0.126523 0.555991 0.0403281 0.056934
0 0.221852 0.381226 0.0241094 0.0224528
0 0.312523 0.572264 0.0319531 0.0425472
0 0.178898 0.496592 0.0314219 0.0483726
0 0.141953 0.582972 0.0361875 0.0513208
0 0.415039 0.578939 0.0290469 0.0464151
0 0.0394922 0.488986 0.0245469 0.0232075
0 0.0680937 0.58158 0.0251563 0.0426887
0 0.392883 0.586816 0.0305781 0.0390094
0 0.406609 0.329693 0.0244688 0.0333491
0 0.668937 0.485236 0.0280313 0.0251415
0 0.0805234 0.529729 0.0243281 0.0471462
0 0.792094 0.528526 0.0235 0.0357783
0 0.633945 0.486851 0.0285469 0.0402594
0 0.435367 0.575755 0.0252656 0.046934
0 0.604148 0.478561 0.0314219 0.0456604
0 0.243445 0.52559 0.0417969 0.0510377
0 0.132281 0.50191 0.029375 0.0245283
0 0.205953 0.560708 0.0365313 0.0620755
0 0.762523 0.503078 0.0216719 0.0329953
0 0.0998906 0.526356 0.0334688 0.0438443
0 0.100414 0.573184 0.0377031 0.0425
0 0.781078 0.477748 0.02225 0.0354009
0 0.342273 0.585578 0.0295781 0.0391745
0 0.670555 0.49888 0.0186094 0.0237972
0 0.600047 0.522382 0.0262812 0.0373585
0 0.612234 0.558561 0.0292187 0.0435849
0 0.437039 0.545472 0.0156406 0.0158962
0 0.657547 0.540649 0.0141875 0.0258726
0 0.169797 0.47737 0.0310937 0.0443632
0 0.45332 0.514965 0.0186406 0.0337028
0 0.391695 0.335696 0.0224219 0.0307783
0 0.284359 0.567877 0.0305 0.0461321
0 0.635195 0.525389 0.0285469 0.0336085
0 0.440242 0.345189 0.0261719 0.0158962
0 0.356867 0.55309 0.0203906 0.0187264
0 0.617031 0.514646 0.02575 0.0349057
0 0.480273 0.458054 0.0257656 0.0446462
0 0.430305 0.511215 0.0248281 0.0322877
0 0.125367 0.498833 0.0223906 0.0313443
0 0.2145 0.492606 0.0323437 0.0481368
0 0.174016 0.561344 0.0409375 0.0541038
0 0.267875 0.5775 0.0295625 0.0556604
0 0.226523 0.572524 0.0309531 0.0501887
0 0.558391 0.513691 0.0332812 0.0350708
