8 0.575417 0.758352 0.217833 0.169672
8 0.39126 0.614617 0.0205208 0.0205156
8 0.325958 0.455125 0.140167 0.03025
8 0.364615 0.602867 0.141229 0.0800781
8 0.723229 0.482969 0.0864167 0.052625
8 0.0987813 0.615117 0.192771 0.0871406
8 0.0938958 0.477008 0.185667 0.0516719
8 0.214531 0.769289 0.319063 0.202953
5 0.244906 0.233945 0.0987708 0.0314844
5 0.309042 0.199102 0.0967083 0.0681406
5 0.304125 0.236523 0.0666667 0.0312656
5 0.459323 0.239797 0.0475208 0.0184687
5 0.401854 0.178859 0.078625 0.072625
5 0.38801 0.235445 0.111104 0.0407344
