0 0.351227 0.761375 0.118016 0.187792
0 0.349852 0.11326 0.227266 0.225021
0 0.199563 0.859469 0.213281 0.281062
0 0.111258 0.533854 0.222016 0.351083
0 0.408602 0.587104 0.260984 0.255875
0 0.0790391 0.258948 0.158078 0.234604
0 0.914156 0.305677 0.171687 0.236979
0 0.64418 0.171448 0.227828 0.242604
0 0.223914 0.489625 0.125672 0.153875
0 0.974602 0.468896 0.0473281 0.152208
0 0.658508 0.394302 0.318703 0.328521
0 0.602219 0.578167 0.1755 0.215125
0 0.236852 0.638312 0.141672 0.285083
0 0.206484 0.151865 0.109469 0.203521
0 0.0198047 0.80625 0.0385781 0.321292
0 0.0861016 0.734594 0.150797 0.159646
0 0.597086 0.0653646 0.157734 0.130729
0 0.133898 0.0986979 0.216203 0.197396
0 0.269281 0.324802 0.247906 0.282604
0 0.908516 0.162802 0.182969 0.183479
0 0.782836 0.921521 0.249578 0.156958
0 0.461328 0.252042 0.151875 0.181958
0 0.774047 0.176979 0.147469 0.156458
0 0.0278906 0.34751 0.0557813 0.140437
0 0.461984 0.815312 0.266125 0.284875
0 0.522555 0.495385 0.103422 0.122854
0 0.82507 0.395313 0.200484 0.308167
0 0.0455156 0.0394062 0.0897813 0.0739375
0 0.105133 0.882625 0.132078 0.178583
0 0.390555 0.915302 0.170297 0.169396
