7 0.73825 0.551031 0.0257188 0.0303125
7 0.760273 0.609792 0.0313281 0.041375
7 0.948492 0.987875 0.0332656 0.02425
7 0.845469 0.62499 0.0328437 0.0475208
7 0.789164 0.681896 0.0298594 0.0403333
7 0.756859 0.69726 0.026125 0.0385625
7 0.894961 0.547625 0.0282969 0.0253333
7 0.761758 0.987323 0.0408906 0.0253542
7 0.613789 0.8125 0.0327969 0.04475
7 0.818164 0.748115 0.0329531 0.0464792
7 0.942367 0.766083 0.0422969 0.0578333
7 0.551625 0.780813 0.0246562 0.0251667
7 0.989703 0.553031 0.0205938 0.0261458
7 0.806344 0.843385 0.0324375 0.0515208
7 0.984227 0.641427 0.0272031 0.0338958
7 0.721695 0.631448 0.0246094 0.0324375
7 0.979648 0.76099 0.0359844 0.0530208
7 0.741758 0.722208 0.0220156 0.040625
7 0.949625 0.603302 0.0330625 0.0424375
7 0.646781 0.698448 0.0261562 0.0356875
7 0.991758 0.570156 0.0164844 0.0393958
7 0.613156 0.942969 0.0345 0.0484792
7 0.879906 0.637438 0.0364375 0.0384583
7 0.935523 0.811865 0.0312969 0.0410208
7 0.996383 0.794198 0.00670312 0.0301875
7 0.747484 0.574917 0.0274063 0.04475
7 0.916844 0.602552 0.0145625 0.0238542
7 0.728969 0.872802 0.0340937 0.0430625
7 0.888562 0.983104 0.0430313 0.0337917
7 0.870211 0.679937 0.0304531 0.0430833
7 0.943961 0.590625 0.0283594 0.0315833
7 0.772812 0.835458 0.0389375 0.054375
7 0.847039 0.709646 0.0369844 0.0462917
7 0.57432 0.794896 0.0327656 0.042875
7 0.674789 0.715146 0.0318906 0.0325
7 0.837109 0.674875 0.0279687 0.0364583
7 0.683922 0.940156 0.025 0.0314375
7 0.731227 0.598927 0.0308906 0.0379792
7 0.722281 0.689896 0.0267188 0.0345833
7 0.889062 0.743427 0.0362813 0.0480208
7 0.985266 0.700823 0.0279063 0.0435208
7 0.652148 0.940573 0.0417656 0.0481875
7 0.724164 0.566219 0.0224531 0.0313125
7 0.559492 0.831719 0.0299219 0.0471042
7 0.817516 0.597667 0.0368125 0.042375
7 0.836359 0.957104 0.0358125 0.044875
7 0.911984 0.919333 0.0395 0.0500417
7 0.8005 0.699875 0.009 0.0130833
7 0.835055 0.74174 0.0295469 0.0476458
7 0.699461 0.966938 0.0440156 0.066125
7 0.903164 0.611604 0.0322344 0.0445417
7 0.857453 0.561354 0.0319063 0.036875
7 0.685789 0.583958 0.0190156 0.0365417
7 0.625828 0.908417 0.0239063 0.0265833
7 0.666984 0.68574 0.0275938 0.0388125
7 0.930453 0.963271 0.0361875 0.0522917
7 0.983648 0.578083 0.0165781 0.0256667
7 0.785086 0.96074 0.0393906 0.0590208
7 0.653758 0.849635 0.0272031 0.0377292
7 0.545937 0.810083 0.0330937 0.0444583
7 0.662508 0.973958 0.0339531 0.0520833
7 0.616938 0.869698 0.035125 0.0479375
7 0.790852 0.735948 0.0332656 0.0443542
7 0.795383 0.917823 0.0539844 0.0501458
7 0.873664 0.717052 0.0288594 0.0361042
7 0.585695 0.832531 0.0336719 0.0436875
7 0.739805 0.667854 0.0302969 0.0397083
7 0.655336 0.652729 0.0298906 0.04025
7 0.962836 0.724021 0.0331719 0.03675
7 0.711898 0.634302 0.0276094 0.0275208
7 0.928883 0.880385 0.0337969 0.0494375
7 0.63093 0.819427 0.0262969 0.0411875
7 0.711133 0.90701 0.0441094 0.0598125
7 0.76243 0.543802 0.0279531 0.0394375
7 0.77768 0.69876 0.0353594 0.0409792
7 0.705422 0.58326 0.0314063 0.0358125
7 0.691891 0.859865 0.0375 0.0524792
7 0.969383 0.965865 0.0437656 0.0530208
7 0.754609 0.736354 0.0268125 0.0412917
7 0.587852 0.885625 0.0322344 0.0435833
7 0.677523 0.89825 0.0348906 0.0436667
7 0.683297 0.734156 0.0314063 0.0336042
7 0.959781 0.685677 0.0345312 0.0443958
7 0.696102 0.682427 0.0274219 0.0335208
7 0.844164 0.783667 0.0369844 0.0427083
7 0.705352 0.713115 0.0275156 0.0386875
7 0.786016 0.607479 0.020625 0.0332083
7 0.982516 0.673417 0.0264062 0.01975
7 0.969703 0.814396 0.038875 0.050625
7 0.9685 0.568927 0.0227187 0.0357292
7 0.822383 0.968479 0.0349844 0.0425833
7 0.78843 0.56126 0.0304531 0.0398958
7 0.923898 0.700833 0.0316094 0.0396667
7 0.704969 0.552375 0.0270312 0.037125
7 0.809555 0.78 0.0332344 0.0390417
7 0.797766 0.553188 0.0233437 0.0280833
7 0.848359 0.588531 0.0261562 0.0340208
7 0.995445 0.651573 0.00910937 0.0410208
7 0.909891 0.569667 0.04275 0.0425833
7 0.919867 0.740229 0.0304531 0.047625
7 0.726289 0.525885 0.0277969 0.0323125
7 0.587164 0.774792 0.0288281 0.0350833
7 0.782344 0.76949 0.0294375 0.0324792
7 0.57093 0.860844 0.0296094 0.0382708
7 0.857992 0.987469 0.0167344 0.0250625
7 0.644805 0.888635 0.0344219 0.0481458
7 0.745547 0.638646 0.0279375 0.034125
7 0.933211 0.630229 0.0348594 0.0395417
7 0.865641 0.944906 0.0438438 0.0487708
7 0.58675 0.944781 0.029125 0.0465208
7 0.904727 0.798969 0.0392344 0.0464792
7 0.798367 0.587042 0.0227656 0.0392083
7 0.836523 0.99101 0.0319219 0.0179792
7 0.8895 0.706448 0.023 0.0273125
7 0.995578 0.602438 0.00884375 0.026
7 0.597625 0.916021 0.0291875 0.0285833
7 0.868016 0.9175 0.0438125 0.0382917
7 0.85893 0.748687 0.0254219 0.037875
7 0.769461 0.58251 0.0235469 0.0349792
7 0.561148 0.896188 0.0277656 0.0338333
7 0.711297 0.657406 0.0300625 0.0384375
7 0.807852 0.621844 0.0236719 0.0311458
7 0.707148 0.741615 0.0278594 0.0216458
7 0.963109 0.645938 0.027625 0.0403333
7 0.733812 0.963938 0.0344062 0.0588333
7 0.871336 0.597531 0.0367344 0.0486875
7 0.984609 0.826969 0.0307812 0.0368958
7 0.752023 0.928823 0.0416094 0.0486042
7 0.977781 0.613302 0.0331875 0.0525208
7 0.791156 0.8865 0.0314063 0.0286667
7 0.909297 0.773167 0.0384062 0.0357083
7 0.683234 0.654531 0.0273125 0.0372292
7 0.762188 0.891021 0.0245312 0.0139583
7 0.905008 0.976177 0.0392344 0.0331458
23 0.555805 0.532406 0.0251094 0.0259375
23 0.388883 0.772458 0.0218906 0.027
23 0.494672 0.856865 0.01825 0.0207292
23 0.565508 0.725021 0.0149531 0.0135
23 0.628063 0.59975 0.0192812 0.0275
23 0.644313 0.621156 0.0256875 0.0278958
23 0.476578 0.651542 0.0185625 0.0236667
23 0.47807 0.848729 0.0267656 0.0317917
23 0.487539 0.639365 0.0182031 0.0217708
23 0.470391 0.630302 0.0241875 0.0303125
23 0.403969 0.785052 0.0246562 0.0308542
23 0.537453 0.52899 0.01825 0.0171458
23 0.559648 0.511219 0.0164219 0.0218958
23 0.580102 0.724375 0.0159219 0.0184583
23 0.525938 0.843583 0.01675 0.0219167
23 0.46268 0.655062 0.0129844 0.0204583
23 0.555305 0.712188 0.0201406 0.0245
23 0.500547 0.827802 0.0170937 0.0258125
23 0.374688 0.761573 0.0216875 0.0195625
23 0.494539 0.844781 0.0113594 0.0107708
23 0.490133 0.662531 0.0244531 0.0308542
23 0.541547 0.730083 0.0143125 0.023
23 0.656203 0.607292 0.0201875 0.0269167
23 0.396695 0.755604 0.0176719 0.0239167
23 0.41525 0.757167 0.025 0.0299583
0 0.293094 0.335542 0.0571875 0.0644583
0 0.30407 0.39625 0.0563594 0.0772083
0 0.36993 0.175958 0.0355781 0.0352917
0 0.122305 0.246938 0.0478594 0.0349583
0 0.722672 0.358688 0.0680625 0.0930833
0 0.205469 0.2125 0.0359375 0.0495833
0 0.571922 0.43101 0.0752812 0.0807292
0 0.132109 0.447448 0.0519063 0.0594375
0 0.365328 0.148073 0.0475313 0.0564792
0 0.334344 0.282312 0.0375937 0.0465417
0 0.0256094 0.517521 0.0512188 0.0685
0 0.354438 0.210323 0.0519687 0.0674375
0 0.617438 0.392594 0.0564375 0.0297292
0 0.397508 0.219375 0.0475469 0.059
0 0.327812 0.184042 0.0455313 0.0555833
0 0.36893 0.253385 0.0460469 0.0442708
0 0.255063 0.264406 0.054 0.0658542
0 0.434969 0.1765 0.0347187 0.0454583
0 0.206352 0.304042 0.0551719 0.0801667
0 0.166625 0.323156 0.0314063 0.0745625
0 0.29732 0.281844 0.0553906 0.0553125
0 0.363258 0.297115 0.0491719 0.0542708
0 0.126422 0.496813 0.04675 0.0556667
0 0.334328 0.329083 0.0455 0.0594583
0 0.434203 0.514396 0.048875 0.05075
0 0.685773 0.378865 0.0768906 0.0707292
0 0.0374922 0.56299 0.0383281 0.0423542
0 0.405414 0.498896 0.0437969 0.0600417
0 0.292477 0.245125 0.0402031 0.0311667
0 0.399609 0.613021 0.0487187 0.0598333
0 0.404703 0.155365 0.0361875 0.0231458
0 0.380289 0.319375 0.0476406 0.0635
0 0.270281 0.22326 0.0395 0.0352708
0 0.647461 0.350104 0.0693281 0.0870833
0 0.332117 0.254385 0.0341719 0.0253125
0 0.878664 0.393375 0.0631094 0.077625
0 0.258844 0.387219 0.047125 0.0650208
0 0.397336 0.286583 0.0481719 0.0670833
0 0.308234 0.214396 0.041875 0.05825
0 0.228383 0.367656 0.0383281 0.0434792
0 0.249555 0.173437 0.0799844 0.0965833
0 0.387727 0.585156 0.0485469 0.0578542
0 0.109234 0.576313 0.0526875 0.0611667
0 0.333102 0.716031 0.0551719 0.0714375
0 0.295273 0.697823 0.0494531 0.0523125
0 0.742547 0.440531 0.0470313 0.0768542
0 0.33707 0.372979 0.0437344 0.0504167
0 0.741672 0.327687 0.0663125 0.0805
0 0.0981797 0.282229 0.0394531 0.0490833
0 0.25282 0.326708 0.0527344 0.0713333
0 0.20732 0.25751 0.0466719 0.0460208
0 0.697078 0.476625 0.0789688 0.0489583
0 0.676125 0.307854 0.0626562 0.0705417
0 0.767516 0.40474 0.0580625 0.0754792
0 0.41393 0.257146 0.0436719 0.0555417
0 0.797727 0.371208 0.0571406 0.070375
0 0.446102 0.482531 0.0400781 0.0382708
0 0.354266 0.623573 0.053125 0.0466875
0 0.253492 0.735 0.0550469 0.0670417
0 0.473805 0.503531 0.0468281 0.0601875
0 0.176844 0.527406 0.043 0.0559375
0 0.977984 0.460073 0.0425937 0.0626042
0 0.251391 0.416802 0.06275 0.0854375
0 0.343672 0.608333 0.0505313 0.061
0 0.92143 0.441271 0.0725469 0.0958333
0 0.238055 0.22951 0.0557344 0.0441042
0 0.626219 0.462187 0.0436563 0.0430833
0 0.304648 0.186479 0.0395156 0.026125
0 0.16025 0.269833 0.0488125 0.0562083
0 0.177281 0.224417 0.0552813 0.0722917
4 0.493719 0.324521 0.0609688 0.0712083
4 0.540727 0.306021 0.0565156 0.0681667
4 0.48582 0.385969 0.0680781 0.0907708
4 0.596469 0.310073 0.0552188 0.0853542
4 0.448594 0.382781 0.0347187 0.0663958
4 0.44043 0.346552 0.0518594 0.0920208
4 0.541125 0.361812 0.0496562 0.0614583
4 0.385039 0.361677 0.0631406 0.108979
4 0.420938 0.388969 0.0249375 0.0360625
4 0.442172 0.423198 0.02525 0.0286458
4 0.411289 0.412958 0.0526406 0.038625
4 0.851063 0.886979 0.0892813 0.122208
4 0.576398 0.343125 0.0404844 0.057
4 0.523922 0.385437 0.0322812 0.0654167
4 0.0774453 0.414198 0.0598281 0.0506042
4 0.106531 0.398917 0.0989063 0.077625
4 0.0278984 0.452667 0.0546094 0.0525833
4 0.0490234 0.430281 0.0566094 0.0491042
4 0.0830156 0.443573 0.0180625 0.0301042
4 0.111617 0.279385 0.0571094 0.0649792
4 0.118672 0.331667 0.0770625 0.0541667
4 0.0132187 0.417563 0.0250625 0.029
4 0.0121953 0.485812 0.0229531 0.0250417
