4 0.641328 0.327118 0.0689687 0.155553
4 0.660109 0.368718 0.0802188 0.1212
4 0.846992 0.937435 0.0272344 0.0291294
4 0.606883 0.349329 0.0216094 0.0661412
4 0.619758 0.330118 0.0430781 0.116376
4 0.900602 0.986247 0.0511094 0.0248706
4 0.814578 0.976494 0.0908125 0.0470118
4 0.547789 0.357129 0.0519219 0.106729
4 0.531719 0.390412 0.0995938 0.111553
4 0.777406 0.986506 0.0413125 0.0230353
4 0.897828 0.968212 0.0398437 0.0389647
4 0.809781 0.953118 0.0675937 0.0276941
4 0.569609 0.368388 0.0354063 0.0620471
4 0.560688 0.449612 0.0476562 0.0446824
4 0.90007 0.922635 0.0493906 0.0590118
4 0.955992 0.975282 0.0549844 0.0494353
