4 0.45472 0.28162 0.29772 0.12724
4 0.48679 0.26002 0.31834 0.24944
4 0.42799 0.72793 0.33118 0.21274
4 0.42396 0.3491 0.38676 0.14712
4 0.42434 0.80031 0.34584 0.1959
1 0.58085 0.40353 0.11822 0.08622
1 0.25435 0.60454 0.11166 0.11604
1 0.42137 0.71265 0.10994 0.07438
1 0.53112 0.49229 0.11172 0.1107
1 0.36252 0.61334 0.1064 0.11764
1 0.42141 0.51165 0.11402 0.11746
1 0.48825 0.60164 0.10078 0.10972
1 0.43366 0.63912 0.12156 0.12548
1 0.25497 0.42418 0.10646 0.10712
1 0.31139 0.51349 0.1059 0.1105
1 0.63805 0.49902 0.10486 0.10872
1 0.46671 0.40673 0.10978 0.10346
1 0.35925 0.42404 0.10462 0.0918
