7 0.758565 0.477453 0.0214579 0.0204688
7 0.69336 0.488461 0.0156492 0.00957812
7 0.730433 0.519008 0.0711617 0.0525781
7 0.711378 0.466188 0.0284055 0.01975
7 0.584408 0.478367 0.0246241 0.0198281
7 0.666902 0.518375 0.0190888 0.00959375
7 0.720364 0.490969 0.0166743 0.0125938
7 0.804613 0.430336 0.0671298 0.0372969
7 0.837904 0.481281 0.068246 0.0451562
7 0.687358 0.453883 0.0384966 0.0250469
7 0.601777 0.483297 0.0199544 0.0127812
7 0.641093 0.503602 0.0282916 0.0183594
7 0.774943 0.44993 0.032574 0.0210156
7 0.778986 0.465008 0.0275399 0.0178281
7 0.749829 0.450547 0.0189749 0.0116562
7 0.791902 0.517844 0.0591572 0.0425937
7 0.666811 0.434969 0.0324829 0.021625
7 0.615387 0.503359 0.0240774 0.0170313
7 0.825569 0.443617 0.056287 0.0347344
7 0.657517 0.463508 0.0327563 0.0206406
7 0.732323 0.47582 0.0283827 0.0212969
7 0.690718 0.474859 0.0328702 0.0229687
7 0.688144 0.503547 0.0164692 0.00771875
7 0.75418 0.433961 0.0321868 0.0181094
7 0.701002 0.442312 0.0242825 0.0139063
7 0.647358 0.445555 0.0262415 0.0208281
7 0.664601 0.490695 0.0253759 0.0112969
7 0.71869 0.451555 0.0261731 0.0173906
0 0.835786 0.770391 0.151116 0.110688
0 0.153713 0.817891 0.147882 0.112594
0 0.308007 0.842547 0.140114 0.100781
0 0.601834 0.825766 0.164852 0.128656
0 0.851549 0.639062 0.146879 0.0920625
0 0.660125 0.751992 0.142665 0.0978281
