1 0.30975 0.561708 0.0483438 0.060625
1 0.433195 0.683885 0.0464844 0.0663958
1 0.362461 0.716615 0.0509844 0.0696875
1 0.212789 0.647167 0.0527031 0.0698333
1 0.723133 0.533979 0.0300469 0.0380417
1 0.21418 0.903115 0.0600781 0.0772708
1 0.52968 0.652542 0.0427656 0.0599167
1 0.0737812 0.609646 0.0592188 0.0774167
1 0.701883 0.597385 0.0242031 0.0339375
1 0.767727 0.59224 0.0344219 0.0403542
1 0.222664 0.58526 0.0451406 0.0706042
1 0.588422 0.624802 0.0379375 0.0538125
1 0.683641 0.471521 0.0330625 0.0440833
1 0.344836 0.545354 0.0450781 0.0584167
1 0.232 0.761094 0.0530937 0.0727708
1 0.609125 0.611708 0.0360938 0.0525833
1 0.678078 0.582125 0.0273125 0.0501667
1 0.537547 0.545073 0.0390313 0.0528542
1 0.464703 0.784323 0.0450625 0.0586042
1 0.187227 0.784438 0.0549531 0.07025
1 0.354758 0.77749 0.0478594 0.0653542
1 0.390984 0.817281 0.0498437 0.0671875
1 0.615016 0.478656 0.02625 0.0316875
1 0.627414 0.654938 0.0384219 0.0532917
1 0.312852 0.794771 0.0532969 0.066125
1 0.0443359 0.970187 0.0704219 0.059625
1 0.717078 0.58424 0.0285 0.0377292
1 0.781008 0.539271 0.0275156 0.041875
1 0.263727 0.878875 0.0552969 0.073
1 0.196672 0.706542 0.0562187 0.0749583
1 0.50157 0.665156 0.0379844 0.0558125
1 0.643477 0.489469 0.0365781 0.0484792
1 0.553977 0.743844 0.0394531 0.0522708
1 0.608023 0.669167 0.0361406 0.04975
1 0.135023 0.806802 0.0584219 0.0771875
1 0.450438 0.57924 0.0417812 0.0571458
1 0.527 0.705781 0.0365625 0.0512292
1 0.0265156 0.852823 0.0530312 0.0838542
1 0.764203 0.508323 0.029875 0.0424375
1 0.180414 0.589948 0.0566094 0.0724375
1 0.0251328 0.634354 0.0502656 0.0774167
1 0.670445 0.518625 0.0282969 0.0392917
1 0.106617 0.956729 0.0644844 0.0865417
1 0.402008 0.640729 0.0440469 0.0625417
1 0.149805 0.73201 0.0595781 0.0777292
1 0.564711 0.533062 0.0376094 0.0523333
1 0.554398 0.694938 0.0382031 0.0506667
1 0.607555 0.516917 0.0320469 0.0466667
1 0.0577891 0.906469 0.0679844 0.0818125
1 0.477266 0.563875 0.0437813 0.061125
1 0.511813 0.558458 0.0388437 0.0537917
1 0.375133 0.591625 0.0482344 0.0635
1 0.610383 0.563302 0.0375469 0.0518125
1 0.264109 0.812792 0.0577187 0.0721667
1 0.652117 0.691042 0.0380156 0.0520417
1 0.311289 0.328812 0.0188594 0.00704167
1 0.162414 0.929417 0.0592656 0.074625
1 0.629508 0.513094 0.0326406 0.0478958
1 0.677383 0.679292 0.0313594 0.0488333
1 0.438211 0.629385 0.0445469 0.0572708
1 0.525797 0.756052 0.0409687 0.0550208
1 0.653734 0.644052 0.0352188 0.0477292
1 0.433742 0.745604 0.0417969 0.0560833
1 0.721641 0.656292 0.032 0.0478333
1 0.411094 0.58375 0.0419375 0.06225
1 0.695656 0.621625 0.0344375 0.0472083
1 0.340117 0.610219 0.0441719 0.0636875
1 0.558922 0.58774 0.0409062 0.0515208
1 0.58543 0.574042 0.0366406 0.05025
1 0.658047 0.590823 0.037625 0.0505625
1 0.46293 0.727719 0.0476719 0.0618125
1 0.169672 0.859771 0.0569375 0.0745417
1 0.0791719 0.828031 0.064 0.0841458
1 0.646937 0.444354 0.0334688 0.0314167
1 0.401914 0.701562 0.0471094 0.0630833
1 0.559383 0.63926 0.0401406 0.0583125
1 0.632953 0.556208 0.031375 0.047875
1 0.631719 0.704729 0.0330312 0.0483333
1 0.269797 0.238406 0.0200313 0.0121458
1 0.581102 0.728875 0.0395156 0.052125
1 0.733352 0.57249 0.0283281 0.0420208
1 0.118281 0.881302 0.05925 0.0763542
1 0.498633 0.715781 0.0404844 0.0576042
1 0.350367 0.839448 0.0502969 0.0651042
1 0.501563 0.611583 0.0379063 0.0534167
1 0.750516 0.601094 0.0257188 0.0410208
1 0.0563047 0.691583 0.0646719 0.0808333
1 0.530039 0.60224 0.0358594 0.0474792
1 0.307461 0.857708 0.0521094 0.0707917
1 0.113422 0.667031 0.0670937 0.0831458
1 0.429867 0.800656 0.0443594 0.0591458
1 0.583609 0.524104 0.0345 0.052625
1 0.288484 0.683552 0.0478125 0.0691458
1 0.721398 0.494292 0.0298281 0.0397917
1 0.656531 0.54551 0.0351875 0.0457292
1 0.278594 0.749833 0.0480312 0.0650417
1 0.583367 0.679219 0.0383281 0.0496458
1 0.301211 0.6185 0.0505469 0.067
1 0.697148 0.667552 0.0343906 0.0494375
1 0.485492 0.529687 0.0371094 0.0273333
1 0.257273 0.635396 0.0524844 0.07025
1 0.562328 0.501927 0.0287187 0.0269792
1 0.367547 0.655615 0.0471875 0.0610208
1 0.0951328 0.750604 0.0635469 0.080625
1 0.583867 0.477479 0.0343906 0.0422917
1 0.652547 0.86299 0.025125 0.0340625
1 0.685063 0.561979 0.0266562 0.0396667
1 0.703867 0.503156 0.0287969 0.0417708
1 0.321117 0.730438 0.0524844 0.0697083
1 0.299453 0.486938 0.0240938 0.0190833
1 0.21825 0.835 0.0575625 0.067875
1 0.635195 0.604198 0.0377969 0.0541875
1 0.00542969 0.99001 0.0108594 0.0199792
1 0.472117 0.673063 0.0417656 0.0587083
1 0.0140391 0.935333 0.0280781 0.0844583
1 0.625008 0.469323 0.0121719 0.0130625
1 0.718945 0.46124 0.0308594 0.0351042
1 0.661711 0.525344 0.0340781 0.0413125
1 0.674633 0.633198 0.0342969 0.0471042
1 0.16393 0.651646 0.0554844 0.0739583
1 0.0147891 0.716437 0.0295781 0.087625
1 0.247844 0.698573 0.0505938 0.0736875
1 0.396836 0.759094 0.0502031 0.0608958
1 0.75175 0.5595 0.0317812 0.044125
1 0.265609 0.571906 0.0515 0.0671875
1 0.710008 0.55049 0.0295781 0.0411875
1 0.237883 0.235396 0.00229687 0.00333333
1 0.690758 0.516583 0.0301719 0.0440833
1 0.0058125 0.793448 0.011625 0.0561875
1 0.644453 0.462406 0.0322812 0.0253125
1 0.295195 0.238094 0.0269219 0.0181042
1 0.0583828 0.535 0.0348906 0.0457083
1 0.420758 0.536198 0.0429219 0.0551875
1 0.735687 0.611854 0.024625 0.040625
1 0.688367 0.441875 0.0320156 0.0192917
1 0.671211 0.481813 0.0278906 0.044625
1 0.605938 0.717385 0.035 0.0534375
1 0.762516 0.546792 0.0246562 0.0416667
1 0.282234 0.32751 0.0250937 0.0112708
1 0.47543 0.622094 0.0422031 0.0531875
1 0.701422 0.466031 0.019875 0.0371875
1 0.596875 0.489073 0.0306875 0.0285208
1 0.495273 0.769937 0.0427656 0.0622083
1 0.0389766 0.773479 0.0631719 0.0814167
1 0.380602 0.535104 0.0436094 0.06
1 0.248148 0.324531 0.0125156 0.0148958
1 0.791773 0.573094 0.0249219 0.0354375
1 0.287188 0.412771 0.017875 0.00516667
1 0.122391 0.601042 0.0518125 0.065625
1 0.327203 0.671094 0.0449375 0.0619375
1 0.321672 0.48625 0.0194062 0.0124167
1 0.738586 0.527917 0.0267344 0.0387083
4 0.380898 0.42324 0.0127969 0.0120625
4 0.434773 0.416698 0.0154531 0.0158958
4 0.133211 0.441646 0.00804688 0.00991667
4 0.54818 0.337469 0.00992188 0.00827083
4 0.414422 0.327906 0.0123125 0.0147292
4 0.456898 0.297333 0.0139531 0.017
4 0.399141 0.374688 0.0124063 0.0165417
4 0.403281 0.400167 0.0104375 0.0167083
4 0.117914 0.435677 0.00970312 0.0123958
4 0.416047 0.339792 0.0155 0.0151667
4 0.42757 0.348271 0.0122656 0.0142083
4 0.537227 0.345021 0.00739063 0.0132917
4 0.541172 0.407448 0.0098125 0.0107292
4 0.427117 0.402812 0.0152969 0.014875
4 0.436734 0.293969 0.0135 0.0151875
4 0.381758 0.378646 0.0167344 0.0179167
4 0.453477 0.363854 0.0103281 0.0165
4 0.456445 0.32525 0.0154844 0.015375
4 0.123797 0.279198 0.00578125 0.0046875
4 0.105937 0.41824 0.00971875 0.0137708
4 0.436273 0.378104 0.0144531 0.015
4 0.41468 0.374594 0.0128906 0.0157708
4 0.121719 0.293427 0.0079375 0.00777083
4 0.1205 0.331104 0.0041875 0.00666667
4 0.106 0.289521 0.00565625 0.00529167
4 0.117867 0.407469 0.0122656 0.0146875
4 0.544398 0.417813 0.0103281 0.0109167
4 0.37607 0.416531 0.00951562 0.0115625
4 0.535914 0.389469 0.00476562 0.00635417
4 0.116672 0.445448 0.00721875 0.00660417
4 0.0925156 0.426781 0.012125 0.0137708
4 0.143336 0.290594 0.00592188 0.00614583
4 0.446773 0.429823 0.0100156 0.0144792
4 0.410633 0.426573 0.0130469 0.0101042
4 0.420328 0.289594 0.00965625 0.0138542
4 0.356195 0.419458 0.00807813 0.0134583
4 0.104375 0.429479 0.0095 0.00920833
4 0.409109 0.290594 0.0126562 0.0143542
4 0.441617 0.324042 0.0172969 0.0136667
4 0.540828 0.35849 0.0101563 0.0116042
4 0.361469 0.376875 0.011375 0.01675
4 0.395437 0.426125 0.0102188 0.0102917
4 0.377109 0.368312 0.01075 0.00770833
