0 0.336965 0.656828 0.0147294 0.00703125
0 0.275035 0.665109 0.0159059 0.00659375
0 0.0946118 0.782406 0.0245176 0.0115937
0 0.0549882 0.218461 0.0229176 0.0164844
0 0.126788 0.3145 0.0221882 0.01425
0 0.805918 0.688203 0.0172941 0.00746875
0 0.0670471 0.297828 0.0204471 0.0150937
0 0.196965 0.708578 0.0203294 0.00965625
0 0.217094 0.89925 0.0224235 0.0146875
0 0.2394 0.64082 0.0130588 0.00867187
0 0.0252706 0.0299219 0.0177412 0.013
0 0.137871 0.0106094 0.0214824 0.0138437
0 0.0414471 0.75218 0.0158824 0.00614063
0 0.0953529 0.175422 0.0221412 0.0122813
0 0.378776 0.0194531 0.0185882 0.0130938
0 0.101082 0.237148 0.0200941 0.0131719
0 0.236741 0.591836 0.0118824 0.00607813
