8 0.423531 0.432667 0.0406875 0.0425732
8 0.656492 0.59295 0.0496406 0.0756904
8 0.452164 0.530826 0.0506094 0.0442469
8 0.644234 0.440471 0.0415937 0.0587657
8 0.801039 0.415031 0.0558281 0.0764644
8 0.422586 0.331956 0.0272656 0.0398117
8 0.599523 0.320962 0.0547344 0.0511297
8 0.713328 0.379059 0.0495937 0.0735565
8 0.393891 0.51999 0.02775 0.0351674
8 0.588289 0.502197 0.0435781 0.05
8 0.320484 0.453996 0.0322812 0.0423013
8 0.554742 0.817479 0.0643594 0.0940377
8 0.448508 0.699393 0.0419844 0.0505439
8 0.612344 0.675617 0.054375 0.0588075
8 0.777273 0.484038 0.0277344 0.0440586
8 0.226141 0.432699 0.0588125 0.0814226
