1 0.413266 0.977849 0.140375 0.0392791
1 0.384734 0.517733 0.17175 0.247279
1 0.281445 0.0860233 0.105734 0.143163
1 0.677359 0.841302 0.0445625 0.161209
1 0.842633 0.31164 0.148266 0.22193
1 0.773703 0.154035 0.0903125 0.0336047
1 0.897641 0.89764 0.0972812 0.172209
1 0.182867 0.234023 0.102547 0.093907
1 0.519469 0.585744 0.1545 0.248884
1 0.266281 0.904012 0.199531 0.191977
1 0.635367 0.675256 0.159891 0.245302
1 0.76443 0.0693837 0.100172 0.137698
1 0.908156 0.463209 0.163969 0.235163
1 0.199633 0.0566977 0.122203 0.113395
1 0.439086 0.0277907 0.108453 0.0555814
1 0.625594 0.516163 0.049375 0.0953023
1 0.451133 0.875151 0.179828 0.223791
1 0.0830625 0.393523 0.125469 0.129837
1 0.450828 0.167279 0.116062 0.18986
1 0.128172 0.883767 0.159562 0.232465
1 0.04525 0.173884 0.0815312 0.0537674
1 0.963008 0.0803256 0.0739844 0.160651
1 0.543758 0.794919 0.121297 0.165558
1 0.0921484 0.659942 0.184297 0.277884
1 0.557758 0.398198 0.0573906 0.152628
1 0.276781 0.408407 0.15 0.235791
1 0.0345937 0.944326 0.0691875 0.111349
1 0.775594 0.900907 0.19675 0.198186
1 0.333727 0.0218256 0.0430469 0.0436512
1 0.775016 0.747163 0.175625 0.202698
1 0.938156 0.913116 0.123687 0.173767
1 0.284562 0.0161395 0.0628125 0.0322791
1 0.269938 0.215709 0.117844 0.132581
1 0.288914 0.761488 0.178703 0.237023
1 0.590477 0.928953 0.190641 0.142093
1 0.571609 0.0513372 0.158938 0.102674
1 0.671719 0.121209 0.100625 0.133907
1 0.492258 0.355919 0.164484 0.244814
1 0.48668 0.0589302 0.0402344 0.0551163
1 0.922734 0.689581 0.154125 0.264698
1 0.0387188 0.474291 0.0774375 0.233791
1 0.376227 0.0969186 0.124297 0.164442
1 0.255195 0.632453 0.158016 0.222767
1 0.189344 0.157988 0.127312 0.127512
1 0.864102 0.0855814 0.154578 0.171163
1 0.815172 0.476302 0.0455938 0.115442
1 0.0122891 0.0853023 0.0245781 0.170605
1 0.703289 0.0985465 0.119641 0.143605
1 0.315992 0.14386 0.0320469 0.0804186
1 0.0909297 0.022907 0.111984 0.0434419
1 0.167336 0.76743 0.0788906 0.150767
1 0.561258 0.185221 0.167797 0.24607
1 0.420039 0.721686 0.140609 0.199977
1 0.696422 0.242826 0.150156 0.157558
1 0.784195 0.588326 0.149422 0.177442
1 0.363492 0.291674 0.148359 0.238558
1 0.0184062 0.0312093 0.0368125 0.0624186
1 0.0370156 0.843535 0.0733437 0.165907
1 0.0846484 0.10593 0.136578 0.178047
1 0.137961 0.513837 0.142766 0.162977
1 0.691266 0.0227442 0.0850937 0.0451163
