1 0.783961 0.676299 0.223453 0.301081
1 0.947109 0.668836 0.105781 0.300915
1 0.7495 0.126975 0.213687 0.244886
1 0.934297 0.387256 0.131406 0.28183
1 0.768906 0.384657 0.237031 0.287069
1 0.794742 0.913399 0.248109 0.173202
1 0.948234 0.907547 0.10225 0.183742
1 0.923211 0.128576 0.146672 0.254823
0 0.245477 0.640988 0.252984 0.307713
0 0.0645703 0.325769 0.129141 0.301642
0 0.520273 0.131559 0.251234 0.263119
0 0.537109 0.690499 0.269625 0.320748
0 0.0620703 0.892692 0.124141 0.214615
0 0.248945 0.0922765 0.248984 0.184553
0 0.225594 0.318025 0.255563 0.35738
0 0.254602 0.887089 0.283016 0.225821
0 0.524203 0.397578 0.26825 0.298316
0 0.0633516 0.611757 0.123578 0.309626
0 0.0625313 0.0876819 0.125063 0.175364
0 0.535125 0.923025 0.263813 0.151663
