4 0.457453 0.661429 0.0120625 0.00838407
4 0.680516 0.508478 0.0100313 0.0158782
4 0.0153906 0.771733 0.015125 0.0257611
4 0.0797734 0.822494 0.0224219 0.0203513
4 0.474516 0.716089 0.0151875 0.0163466
4 0.268883 0.767178 0.0162344 0.00873536
4 0.876773 0.453337 0.0164844 0.0122014
4 0.346719 0.641194 0.0258437 0.0207494
4 0.278781 0.737061 0.0259375 0.0294848
4 0.772336 0.566792 0.00957812 0.0125527
4 0.56093 0.526792 0.0157344 0.0233255
4 0.201586 0.778759 0.0117969 0.0394848
4 0.314102 0.752155 0.0109531 0.0251991
4 0.389047 0.557611 0.0103438 0.0327869
4 0.102703 0.76678 0.00953125 0.0279859
4 0.733586 0.561194 0.0281719 0.0207494
4 0.83657 0.481792 0.0236094 0.0181967
4 0.535266 0.512143 0.013375 0.0232084
4 0.0732187 0.797845 0.0218125 0.0340515
4 0.356094 0.617857 0.0161875 0.0344496
4 0.612375 0.466885 0.009125 0.0207963
4 0.641406 0.598349 0.0125625 0.014637
4 0.0700781 0.721792 0.00940625 0.0369321
4 0.517023 0.513244 0.0106719 0.0221311
4 0.0537578 0.751276 0.0169219 0.0328103
4 0.456805 0.532307 0.00767187 0.00377049
4 0.518023 0.677564 0.0140156 0.0187354
4 0.0799922 0.741663 0.00973437 0.0279625
4 0.467758 0.591721 0.0121406 0.0218033
4 0.124148 0.815691 0.00729687 0.00355972
4 0.238313 0.760808 0.0103125 0.0161358
4 0.273906 0.747705 0.0313437 0.0162529
4 0.536617 0.541148 0.0241094 0.0140984
4 0.671258 0.489848 0.0136719 0.0122951
4 0.460055 0.551288 0.0202656 0.0207494
4 0.0890391 0.783431 0.0115781 0.0359953
4 0.306312 0.66877 0.0109687 0.0261593
4 0.688297 0.602705 0.0102188 0.0231616
4 0.1045 0.781815 0.0180937 0.0354801
4 0.377945 0.59308 0.0114531 0.0117799
4 0.438789 0.698981 0.00992188 0.0231148
4 0.672734 0.596007 0.008375 0.0202576
4 0.855547 0.45397 0.00803125 0.0192272
4 0.0523672 0.803571 0.0107656 0.00555035
4 0.168477 0.802002 0.0200781 0.0216159
4 0.467953 0.64952 0.014875 0.0164169
4 0.530055 0.539614 0.0208906 0.0130913
4 0.509734 0.509368 0.012125 0.0259016
4 0.436945 0.660609 0.0119219 0.0283841
4 0.387281 0.718958 0.0246875 0.0177752
4 0.512555 0.549871 0.0157344 0.01
4 0.352352 0.61966 0.0211094 0.0359485
4 0.527602 0.507436 0.0136719 0.0117799
4 0.440375 0.535515 0.00990625 0.0428337
4 0.456547 0.699836 0.0118125 0.0146136
4 0.310484 0.734379 0.0179687 0.0357845
4 0.580164 0.621159 0.0114531 0.0120609
4 0.608094 0.614309 0.0188125 0.0146136
4 0.0332422 0.842354 0.0176094 0.0225527
4 0.830937 0.498372 0.00790625 0.014356
4 0.0362344 0.822237 0.0218125 0.0217564
4 0.114945 0.788841 0.0198281 0.0197424
4 0.698125 0.62192 0.0109375 0.00903981
4 0.600414 0.481546 0.0135156 0.0194848
4 0.444617 0.564403 0.0124844 0.00974239
4 0.649859 0.59308 0.0189687 0.0122951
4 0.343367 0.660738 0.0202969 0.015808
4 0.861266 0.484251 0.008375 0.03
4 0.353594 0.716534 0.02 0.0171897
4 0.681344 0.571241 0.009625 0.0152225
4 0.425547 0.551639 0.0255 0.0230913
4 0.569914 0.544977 0.0215469 0.0117799
4 0.706172 0.598981 0.00640625 0.00672131
4 0.1055 0.805422 0.0231562 0.0206792
4 0.478641 0.687611 0.0149687 0.0155972
4 0.0315234 0.793888 0.0186406 0.0383607
4 0.692922 0.481733 0.0137813 0.0100703
4 0.590219 0.47281 0.0075 0.0158782
4 0.392398 0.664204 0.0722656 0.0850351
4 0.54807 0.651042 0.00882813 0.0157611
4 0.665969 0.477939 0.018625 0.0107728
4 0.427078 0.569614 0.0170937 0.0136066
4 0.485867 0.536522 0.00892187 0.0162763
4 0.696477 0.564227 0.0111094 0.0110304
4 0.4985 0.53856 0.0076875 0.0153864
4 0.499336 0.663478 0.0168594 0.0365574
4 0.408867 0.571335 0.0185156 0.0221546
4 0.695977 0.467155 0.0243906 0.0174005
4 0.677289 0.497377 0.0110469 0.0140047
4 0.466961 0.525995 0.00889063 0.0112881
4 0.303352 0.649602 0.0215156 0.018267
4 0.434055 0.541288 0.0150469 0.0384543
4 0.284109 0.769075 0.01775 0.0144965
4 0.556969 0.623724 0.0125625 0.0281499
4 0.384523 0.558208 0.0143594 0.0328103
4 0.113969 0.821569 0.0278125 0.0108665
4 0.45093 0.57589 0.0194219 0.0155738
4 0.512672 0.530351 0.018625 0.0151288
4 0.470086 0.700644 0.0235469 0.0225527
4 0.854977 0.474508 0.0115469 0.0302342
4 0.202633 0.796932 0.0136719 0.0205152
4 0.643656 0.6287 0.00875 0.0127166
4 0.0480859 0.726335 0.0205469 0.0328571
4 0.658289 0.586967 0.0227344 0.0258782
4 0.458195 0.679098 0.0133281 0.0176815
4 0.808109 0.43822 0.0114687 0.0162998
4 0.885391 0.444836 0.00796875 0.0239578
4 0.353109 0.649496 0.018375 0.0168852
4 0.606828 0.620925 0.016 0.0171194
4 0.0203516 0.821733 0.0120781 0.0383607
4 0.567477 0.603279 0.0100469 0.0125995
4 0.530812 0.647799 0.018625 0.0128337
4 0.119 0.808782 0.0277187 0.0206557
4 0.606289 0.637717 0.0121406 0.0115457
4 0.636703 0.583595 0.02 0.0148712
4 0.609406 0.500948 0.0109375 0.0212881
4 0.0971641 0.748326 0.0111094 0.0310304
4 0.233617 0.771066 0.0153281 0.0238173
4 0.719055 0.573162 0.0108906 0.0186885
4 0.00707813 0.750632 0.0131562 0.0238407
4 0.0602344 0.781417 0.0267188 0.019274
4 0.54593 0.503103 0.0105156 0.013185
4 0.0159453 0.79308 0.0162969 0.0353864
4 0.0362813 0.766265 0.0100625 0.0106557
4 0.744 0.547541 0.013875 0.0111007
4 0.877977 0.448993 0.0183281 0.0232787
4 0.547336 0.515222 0.0252344 0.0117096
4 0.0508984 0.838302 0.0338594 0.0133255
4 0.0584531 0.833454 0.0135 0.0289696
4 0.45007 0.68808 0.0104219 0.0248712
4 0.509539 0.55637 0.0112031 0.0126932
4 0.0348125 0.752998 0.02325 0.0187822
4 0.04025 0.805258 0.0287187 0.0341218
4 0.267141 0.673419 0.0196563 0.0177518
4 0.7565 0.526452 0.008375 0.025644
4 0.561562 0.547892 0.0191562 0.0153162
4 0.620852 0.466054 0.00829687 0.0196956
4 0.188844 0.798946 0.0105938 0.0210304
4 0.501195 0.683642 0.0126406 0.0282201
4 0.845367 0.495281 0.0136719 0.0141686
4 0.751305 0.555304 0.00785938 0.00690867
4 0.459367 0.580867 0.0172969 0.0200468
4 0.493461 0.691604 0.0124844 0.0233489
4 0.07825 0.757237 0.01675 0.0389696
4 0.0664766 0.764789 0.0191406 0.0412881
4 0.0241172 0.777377 0.0127656 0.0216862
4 0.396578 0.556979 0.0085 0.0311475
4 0.491336 0.565691 0.0153594 0.019719
4 0.191164 0.780059 0.0130156 0.0359016
4 0.593016 0.634438 0.0114062 0.0161358
4 0.300328 0.754098 0.0100938 0.00922717
4 0.409789 0.582705 0.0173906 0.0147307
4 0.282211 0.637319 0.00598438 0.0397424
4 0.708781 0.490457 0.0030625 0.0120609
4 0.478875 0.528326 0.0105938 0.0294848
4 0.773625 0.537951 0.0141875 0.0148712
4 0.347195 0.740316 0.0290781 0.0245667
4 0.84575 0.457787 0.012875 0.0233489
4 0.660047 0.566897 0.0090625 0.0269087
4 0.640078 0.613454 0.008375 0.0197424
4 0.67443 0.585129 0.0235781 0.00716628
4 0.482109 0.561827 0.0095 0.0259485
4 0.392289 0.731101 0.0300781 0.0118033
4 0.728875 0.574742 0.0138437 0.0207728
4 0.388594 0.629485 0.0264062 0.0299297
4 0.0781172 0.728197 0.0143594 0.0287119
4 0.561813 0.645035 0.0162813 0.0160187
4 0.468492 0.666546 0.0333906 0.0180562
4 0.38143 0.615129 0.0200781 0.0385012
4 0.866727 0.489719 0.0136719 0.0287119
4 0.487484 0.685504 0.00684375 0.0135831
4 0.630797 0.601276 0.0136875 0.0159016
4 0.767086 0.551311 0.0198906 0.0123653
4 0.699672 0.475504 0.0122188 0.0133958
4 0.159641 0.809485 0.0196563 0.0169087
4 0.286164 0.673244 0.0198594 0.0256909
4 0.755352 0.549895 0.00889063 0.0138407
4 0.721164 0.599977 0.0153906 0.0119438
4 0.0650313 0.744614 0.01625 0.0333489
4 0.633039 0.579778 0.0187969 0.027096
4 0.524477 0.641546 0.0121406 0.0118033
4 0.625211 0.479403 0.00632812 0.00896956
4 0.0668672 0.826991 0.00832813 0.0137002
4 0.286953 0.698595 0.0220625 0.0146136
4 0.671633 0.472096 0.0153906 0.0235363
4 0.67882 0.615515 0.00960937 0.0192272
4 0.564297 0.629192 0.0204688 0.0162295
