1 0.30102 0.14297 0.16684 0.17598
1 0.48445 0.69864 0.20122 0.2064
1 0.35565 0.32377 0.21846 0.21718
1 0.23897 0.4759 0.18298 0.1804
1 0.16038 0.26056 0.19856 0.20912
0 0.67279 0.77836 0.19262 0.17896
0 0.54994 0.30727 0.17776 0.18462
0 0.82564 0.62639 0.19184 0.18114
0 0.856 0.80155 0.17228 0.1753
0 0.17305 0.82385 0.18206 0.17898
0 0.75661 0.2982 0.1835 0.17988
0 0.35003 0.85591 0.17886 0.18494
0 0.46928 0.13941 0.16832 0.18178
0 0.66376 0.45138 0.17492 0.17592
0 0.83804 0.44749 0.17072 0.17506
0 0.83617 0.14606 0.18386 0.17504
0 0.6464 0.6144 0.16668 0.15216
0 0.64797 0.1539 0.19074 0.17932
0 0.52655 0.88687 0.18658 0.1761
