1 0.870852 0.71184 0.238109 0.290587
1 0.91243 0.152822 0.173672 0.304108
1 0.909438 0.435937 0.181125 0.306185
1 0.713836 0.504041 0.226297 0.29693
8 0.740711 0.226366 0.206641 0.306366
8 0.537406 0.160282 0.217 0.320564
0 0.194594 0.874345 0.265906 0.251309
0 0.537406 0.161546 0.216969 0.318352
0 0.0998437 0.618307 0.199687 0.393815
8 0.388602 0.892427 0.0871094 0.157178
8 0.861156 0.983826 0.0752812 0.0323476
8 0.833641 0.903984 0.109969 0.13
8 0.611414 0.785655 0.0750469 0.120384
8 0.76832 0.950666 0.0864219 0.0939278
8 0.418961 0.787415 0.0877969 0.119616
8 0.607641 0.653262 0.0773438 0.0984424
8 0.748352 0.83193 0.0835469 0.141287
8 0.534883 0.744153 0.0814531 0.116072
8 0.590578 0.689605 0.0808438 0.117223
8 0.655062 0.93254 0.084125 0.125169
8 0.322023 0.789481 0.0927031 0.128172
8 0.683875 0.780519 0.0868437 0.123792
8 0.692289 0.704876 0.0807656 0.0922348
8 0.926492 0.947698 0.0854844 0.104605
8 0.473352 0.8786 0.0890469 0.126411
8 0.562586 0.880463 0.0798281 0.120835
