8 0.849578 0.317039 0.0539375 0.0687709
8 0.437055 0.143128 0.0417344 0.0808939
8 0.553367 0.37433 0.0406094 0.0751397
8 0.481086 0.392304 0.0463594 0.0925978
8 0.493914 0.282737 0.0434531 0.0669274
8 0.489367 0.105154 0.0387031 0.0707542
8 0.731914 0.42405 0.0483281 0.0582123
8 0.936305 0.197486 0.0492031 0.12514
8 0.463117 0.113184 0.0307969 0.0412849
8 0.980563 0.407989 0.0382188 0.070838
8 0.427281 0.112821 0.0422187 0.0741899
8 0.466242 0.337486 0.0432656 0.0758659
8 0.528227 0.20845 0.0543906 0.0826536
8 0.521617 0.11655 0.0366406 0.0684637
8 0.530531 0.408897 0.0325625 0.0618156
8 0.484641 0.186969 0.04475 0.0794693
8 0.455203 0.465251 0.049 0.0700559
8 0.419273 0.170154 0.0357031 0.0654469
8 0.567023 0.274623 0.0557969 0.0820391
8 0.916188 0.031662 0.0753125 0.0458939
8 0.745508 0.0907123 0.0518594 0.0977933
8 0.444961 0.282165 0.0499531 0.0876257
8 0.501422 0.154972 0.0256563 0.0387709
8 0.50993 0.339665 0.0484844 0.087933
8 0.411602 0.28398 0.0390156 0.0771788
8 0.893188 0.517696 0.0697187 0.0523184
8 0.541578 0.252975 0.03575 0.0628212
8 0.993305 0.293296 0.0127031 0.0347486
8 0.802039 0.458212 0.0579531 0.0582123
8 0.425992 0.231732 0.0298594 0.0373743
8 0.409891 0.35986 0.0445313 0.0787151
8 0.444531 0.396313 0.0354063 0.0759218
8 0.539078 0.172598 0.0371563 0.0543575
8 0.514742 0.433715 0.0142031 0.0253631
5 0.189156 0.351564 0.0879062 0.0648045
5 0.327117 0.527835 0.0704844 0.114888
5 0.451977 0.792039 0.0486094 0.109274
5 0.483938 0.836732 0.0360625 0.131676
5 0.526594 0.720265 0.0381563 0.115391
5 0.523648 0.835433 0.0530781 0.115391
5 0.438539 0.722332 0.0624219 0.121983
5 0.192234 0.469735 0.0601563 0.129134
5 0.121898 0.423101 0.0642344 0.108715
5 0.215711 0.562863 0.0594531 0.145
5 0.187289 0.254693 0.0764531 0.0389944
5 0.166148 0.571774 0.0441719 0.0976816
5 0.492047 0.758925 0.073625 0.0986313
5 0.349055 0.551173 0.0277656 0.0646927
5 0.25618 0.658156 0.0709219 0.105587
