17 0.230082 0.252961 0.132844 0.0623594
17 0.247494 0.181148 0.0751748 0.0882969
17 0.943403 0.126781 0.0531469 0.033875
17 0.814347 0.054875 0.105991 0.0396875
17 0.888065 0.0387656 0.0703497 0.0656875
17 0.812471 0.160102 0.0886713 0.0712344
17 0.450047 0.185242 0.107925 0.0606719
17 0.267704 0.124016 0.0718648 0.0585
17 0.0367832 0.293578 0.0735664 0.053375
17 0.862902 0.122711 0.123846 0.0513906
17 0.342844 0.101695 0.0997203 0.0680781
17 0.958625 0.0731484 0.0827506 0.0579219
17 0.729942 0.0474766 0.0507925 0.0678594
17 0.342844 0.235945 0.102098 0.0422969
17 0.964895 0.18232 0.0702098 0.0649219
17 0.950723 0.027625 0.091655 0.0538125
17 0.761434 0.107922 0.101702 0.0665937
17 0.0574942 0.219805 0.0772261 0.0428594
17 0.110921 0.256609 0.0737762 0.0505625
17 0.84021 0.0860391 0.0611655 0.0333594
17 0.19296 0.226437 0.102704 0.0341875
17 0.807879 0.0269141 0.0340326 0.0183906
17 0.0838462 0.272492 0.0837762 0.0651094
17 0.894918 0.1845 0.110676 0.0655937
17 0.977564 0.315445 0.043007 0.0551406
17 0.922786 0.0909922 0.123939 0.0413281
17 0.772331 0.0238906 0.0443357 0.0318125
1 0.539918 0.0774141 0.264918 0.154828
0 0.263124 0.0416797 0.207646 0.0833594
