0 0.391683 0.386912 0.142778 0.133105
0 0.925237 0.660899 0.0764216 0.0453922
0 0.895711 0.630948 0.113578 0.0834641
0 0.552819 0.415425 0.140605 0.139314
0 0.839248 0.821462 0.0794771 0.0694935
0 0.856569 0.752868 0.0341503 0.0471732
0 0.985792 0.6396 0.0267484 0.0545261
0 0.429984 0.475221 0.149967 0.14165
0 0.988897 0.882966 0.0222059 0.0412908
0 0.925016 0.6875 0.0716993 0.0380719
0 0.611332 0.533007 0.136748 0.090817
0 0.620482 0.743448 0.0813235 0.101699
0 0.467067 0.538889 0.0918791 0.0421242
0 0.959608 0.951185 0.0593464 0.0395588
0 0.95473 0.930253 0.0628268 0.0521405
0 0.901136 0.89 0.0635784 0.102059
0 0.944118 0.73826 0.111765 0.0697876
0 0.991176 0.904706 0.0176471 0.0391176
0 0.897459 0.779845 0.0796242 0.105212
0 0.841838 0.877892 0.0589706 0.0492484
0 0.975752 0.775155 0.0484967 0.0607026
0 0.974208 0.848554 0.0505065 0.0544935
0 0.84241 0.700539 0.106912 0.0574837
0 0.979665 0.681348 0.0406699 0.0582516
0 0.935882 0.797051 0.0664052 0.0858987
0 0.942778 0.868088 0.0834641 0.0935948
0 0.818676 0.75469 0.0973529 0.071732
