0 0.299758 0.937266 0.0416719 0.0630374
0 0.835898 0.623341 0.0363281 0.0546729
0 0.468992 0.467418 0.0407656 0.066472
0 0.259086 0.596192 0.0470781 0.0529907
0 0.348781 0.622056 0.0450313 0.0636916
0 0.108648 0.838388 0.0575781 0.0829439
0 0.841836 0.84771 0.0285781 0.0451869
0 0.140352 0.757722 0.0470781 0.0817991
0 0.233367 0.348119 0.0352969 0.0322196
0 0.823273 0.7091 0.0386094 0.0562383
0 0.528344 0.477582 0.0440313 0.0629206
0 0.226547 0.495643 0.039375 0.0615187
0 0.415109 0.838341 0.0455313 0.071028
0 0.685656 0.983575 0.0323437 0.0295794
0 0.452383 0.92993 0.0365469 0.0465421
0 0.515469 0.737523 0.0417812 0.0608879
0 0.806953 0.906215 0.040375 0.0347664
0 0.0250469 0.335117 0.0500938 0.0808879
0 0.358672 0.372605 0.0410625 0.0680607
0 0.770563 0.692231 0.0484375 0.0551168
0 0.989531 0.485911 0.0202188 0.0284579
0 0.20468 0.668668 0.0355469 0.036729
0 0.352695 0.708131 0.0471406 0.0681308
0 0.535336 0.8466 0.0382969 0.0546495
0 0.619875 0.313715 0.0415 0.050514
0 0.684148 0.559696 0.0375469 0.0514486
0 0.987531 0.696916 0.0249375 0.0401869
0 0.0248828 0.547874 0.0497656 0.0671495
0 0.643875 0.986355 0.024 0.0272897
0 0.965445 0.70014 0.0162344 0.018785
0 0.729625 0.525923 0.0238438 0.0399766
0 0.188586 0.511308 0.0583281 0.0845327
0 0.33207 0.289054 0.0150781 0.0341822
0 0.781211 0.814509 0.0291406 0.0415888
0 0.390062 0.945292 0.0397813 0.0529206
0 0.924141 0.851799 0.00859375 0.00845794
0 0.427055 0.602687 0.0406094 0.0633178
0 0.680867 0.5359 0.0362969 0.0528271
0 0.311625 0.48757 0.046625 0.0719626
0 0.976445 0.551414 0.0212656 0.0168925
0 0.0581719 0.470082 0.051375 0.0766121
0 0.894273 0.83882 0.0135156 0.0156308
0 0.126477 0.32736 0.0496406 0.0817757
0 0.57625 0.834509 0.0294375 0.0530841
0 0.640156 0.909019 0.0297812 0.0454206
0 0.601844 0.834393 0.0277187 0.0354673
0 0.420484 0.9291 0.0154062 0.0520327
0 0.558289 0.340257 0.0267031 0.0430841
0 0.773648 0.9075 0.0271094 0.0398131
0 0.876969 0.692629 0.0322812 0.0478738
0 0.0466797 0.880327 0.0563281 0.0870561
0 0.317273 0.340584 0.0478594 0.0628972
0 0.62393 0.879988 0.0351406 0.0553505
0 0.377781 0.759614 0.0460625 0.0725467
0 0.926312 0.48493 0.0130312 0.0341121
0 0.0432891 0.605864 0.0218906 0.0252804
0 0.281906 0.517407 0.0189375 0.0259346
0 0.304992 0.703902 0.0489219 0.0642523
0 0.0947344 0.618458 0.05325 0.0764019
0 0.812141 0.46403 0.0328437 0.0465654
0 0.139992 0.983937 0.0369219 0.0321262
0 0.486961 0.601016 0.0412031 0.060257
0 0.0589766 0.213364 0.0446719 0.0807009
0 0.683844 0.418096 0.032875 0.0566589
0 0.514094 0.410479 0.0349687 0.0544159
0 0.193414 0.939755 0.0499844 0.049743
0 0.868664 0.912909 0.0260781 0.0379673
0 0.776039 0.751846 0.0318281 0.0425701
0 0.546914 0.898458 0.0446719 0.0533178
0 0.250891 0.671414 0.055625 0.081285
0 0.435469 0.644871 0.042625 0.0425467
0 0.676828 0.592944 0.0378437 0.0479439
0 0.325109 0.397383 0.0182187 0.0308411
0 0.564727 0.397453 0.0270469 0.0603738
0 0.844109 0.744322 0.0314375 0.0503738
0 0.250508 0.518773 0.0302969 0.0451168
0 0.0228359 0.218458 0.0438281 0.0843458
0 0.60775 0.954369 0.0308125 0.021028
0 0.801547 0.550315 0.0256875 0.030257
0 0.697367 0.448551 0.0282656 0.0465888
0 0.790953 0.848364 0.0176563 0.0220561
0 0.277211 0.478388 0.0378281 0.0730841
0 0.608195 0.80736 0.0320156 0.051028
0 0.342438 0.500526 0.0390313 0.0560981
0 0.200391 0.984065 0.044125 0.0296729
0 0.623602 0.775946 0.0270469 0.0430607
0 0.568797 0.942921 0.0299687 0.0522897
0 0.913398 0.689696 0.0216719 0.0264953
0 0.632766 0.823773 0.0330312 0.0556308
0 0.197437 0.900643 0.0501562 0.0730607
0 0.487242 0.542442 0.0414219 0.061285
0 0.264539 0.954486 0.0498594 0.0725701
0 0.702297 0.921273 0.0350937 0.0523131
0 0.809711 0.9734 0.0283594 0.0241822
0 0.566602 0.535327 0.0357031 0.0433178
0 0.673336 0.830491 0.0298906 0.0520093
0 0.391 0.414603 0.0458125 0.0679907
0 0.954234 0.935479 0.0145937 0.0242757
0 0.243008 0.878341 0.0446719 0.07
0 0.822461 0.535129 0.0342344 0.0523131
0 0.192766 0.597605 0.0491562 0.0551636
0 0.168656 0.689533 0.0512188 0.0805607
0 0.0286953 0.730853 0.0230156 0.0362383
0 0.591648 0.360724 0.0403906 0.0620561
0 0.912984 0.955304 0.0193437 0.0264019
0 0.912438 0.670374 0.0166875 0.0228505
0 0.716508 0.386157 0.0234844 0.0308178
0 0.307719 0.811145 0.0429688 0.0520561
0 0.846844 0.479498 0.0270312 0.0446963
0 0.296094 0.388481 0.0426562 0.0598598
0 0.0221797 0.789357 0.0443594 0.086472
0 0.150273 0.567664 0.0297344 0.0467757
0 0.981812 0.656729 0.0203438 0.0280841
0 0.941195 0.48375 0.0220781 0.023715
