0 0.589289 0.756059 0.0413594 0.0665176
0 0.677203 0.266129 0.0465625 0.0655294
0 0.383883 0.183976 0.0306406 0.0512941
0 0.868812 0.280553 0.0317812 0.0478824
0 0.731844 0.0991529 0.0452813 0.0586353
0 0.259539 0.1342 0.0227031 0.0583765
0 0.717063 0.140153 0.0343125 0.0367765
0 0.774227 0.139341 0.0403594 0.0472941
0 0.863625 0.147341 0.0255312 0.0307765
0 0.774594 0.259659 0.0342187 0.0512706
0 0.375836 0.685212 0.0335469 0.0412941
0 0.399562 0.589518 0.0244375 0.0511294
0 0.780383 0.922612 0.0295156 0.0404706
0 0.454008 0.5484 0.0378594 0.0574118
0 0.201133 0.577129 0.0350781 0.0528471
0 0.954391 0.355894 0.0330625 0.0413882
0 0.413789 0.436341 0.0337344 0.0522118
0 0.641773 0.748365 0.0445781 0.0693412
0 0.441383 0.395753 0.0419531 0.0648706
0 0.339555 0.324588 0.0309844 0.0507765
0 0.369406 0.276071 0.0304687 0.0456471
0 0.30675 0.331188 0.0354063 0.05
0 0.650906 0.915882 0.0294375 0.0610353
0 0.941766 0.329929 0.0383125 0.0553882
0 0.464703 0.734376 0.0406562 0.0565176
0 0.916992 0.355694 0.0367656 0.0546353
0 0.151719 0.443318 0.0681563 0.111435
0 0.966375 0.316541 0.0284687 0.0421647
0 0.0433594 0.230776 0.0510625 0.105788
0 0.401672 0.497765 0.0391562 0.0597647
0 0.176398 0.156435 0.0374531 0.0551294
0 0.460656 0.802541 0.0304687 0.0456471
