1 0.845734 0.577073 0.0309063 0.0403958
1 0.227039 0.444573 0.0116719 0.0147292
1 0.501797 0.561021 0.0074375 0.008
1 0.97175 0.572094 0.0314063 0.0416042
1 0.449953 0.279562 0.0059375 0.0101667
1 0.889797 0.390354 0.030375 0.0396667
1 0.858234 0.78075 0.0180312 0.02175
1 0.057875 0.232125 0.0104063 0.0135
1 0.260891 0.453313 0.00609375 0.0065
1 0.358469 0.402948 0.0115 0.0165208
1 0.876281 0.951156 0.00621875 0.0165625
1 0.251008 0.47149 0.0116719 0.0179375
1 0.241711 0.344271 0.0130156 0.0126667
1 0.790109 0.71549 0.025625 0.0340208
1 0.256062 0.367677 0.0124063 0.0152708
1 0.0481094 0.719281 0.011125 0.0155208
1 0.414094 0.590719 0.007875 0.0112292
1 0.961406 0.312396 0.0334688 0.0435417
1 0.143844 0.539708 0.010875 0.0155417
1 0.865891 0.686938 0.0081875 0.00645833
1 0.946102 0.115552 0.0155781 0.0224375
1 0.0624141 0.337177 0.0100781 0.0130625
1 0.216523 0.166104 0.0101719 0.0146667
1 0.192672 0.382198 0.0103125 0.0105208
1 0.353469 0.242583 0.0112187 0.0145417
1 0.0395078 0.71901 0.00992188 0.0110208
1 0.180453 0.17575 0.0115625 0.014875
1 0.112984 0.583448 0.0121875 0.0160208
1 0.755273 0.318458 0.00351563 0.003875
1 0.16332 0.696906 0.00939062 0.0155625
1 0.0554922 0.563302 0.0122344 0.0133958
1 0.627164 0.296292 0.00520313 0.00625
1 0.0276875 0.379583 0.011375 0.012
1 0.0458125 0.144344 0.0125938 0.0159792
1 0.355484 0.210187 0.0111562 0.017625
1 0.0514922 0.550687 0.0119844 0.014875
1 0.167641 0.650687 0.00709375 0.0114167
1 0.496039 0.493156 0.00529688 0.00564583
1 0.977633 0.750781 0.0384219 0.0522708
1 0.121883 0.538521 0.00735937 0.0155417
1 0.0234062 0.714594 0.00928125 0.00877083
1 0.381742 0.434979 0.00882813 0.0125
1 0.602477 0.369896 0.00507813 0.00516667
1 0.0581406 0.593406 0.00640625 0.0121042
1 0.613297 0.470677 0.004375 0.00439583
1 0.178047 0.58401 0.00928125 0.0131458
1 0.374688 0.546698 0.0089375 0.0108542
1 0.158531 0.129938 0.0053125 0.00633333
1 0.260117 0.491885 0.0113594 0.0155208
1 0.140867 0.660313 0.00879687 0.0085
1 0.540734 0.376823 0.00446875 0.00735417
1 0.369117 0.416177 0.0113281 0.0178542
1 0.26982 0.534604 0.00689063 0.01625
1 0.867937 0.582677 0.0169375 0.0236875
1 0.860883 0.758875 0.0138594 0.019
1 0.988625 0.219292 0.00840625 0.0255417
1 0.843117 0.975635 0.0119219 0.0367292
1 0.1695 0.689937 0.0115625 0.0157083
1 0.591492 0.219562 0.00495313 0.00716667
1 0.354719 0.184667 0.0118125 0.0150833
1 0.223867 0.23574 0.00907812 0.0130625
1 0.365289 0.54374 0.00867187 0.0123542
1 0.88218 0.81549 0.0170781 0.0287292
1 0.93318 0.402 0.0216094 0.0402917
1 0.360359 0.366958 0.0127188 0.014125
1 0.136023 0.256333 0.0103281 0.0140417
1 0.252953 0.636969 0.00778125 0.0123542
1 0.417352 0.410427 0.00648438 0.00885417
1 0.514273 0.405365 0.00417188 0.00639583
1 0.190227 0.699167 0.00601563 0.00758333
1 0.451898 0.406062 0.00517188 0.00495833
1 0.950922 0.934656 0.0389375 0.0513125
1 0.631742 0.419844 0.00560937 0.0078125
1 0.277562 0.522781 0.0133125 0.0162708
1 0.368484 0.622344 0.0103125 0.0102292
1 0.287703 0.489552 0.012375 0.0153958
1 0.117672 0.212365 0.01075 0.0156875
1 0.577023 0.393802 0.00454688 0.00635417
1 0.0859766 0.26601 0.00785938 0.0122292
1 0.0715391 0.49201 0.00660938 0.00552083
1 0.403695 0.179365 0.00685937 0.0089375
1 0.16557 0.334708 0.0111719 0.0143333
1 0.925664 0.901094 0.00417188 0.00722917
1 0.811695 0.786635 0.0275781 0.0367708
1 0.509477 0.216885 0.00382813 0.00510417
1 0.342148 0.639177 0.0100781 0.0132292
1 0.343641 0.567146 0.0110312 0.0140833
1 0.494359 0.368594 0.005375 0.0088125
1 0.426641 0.201656 0.0093125 0.00977083
1 0.559562 0.467635 0.00475 0.0046875
1 0.781297 0.590406 0.00884375 0.0110208
1 0.27968 0.667948 0.00835937 0.0171458
1 0.373375 0.607385 0.00853125 0.0113958
1 0.814336 0.676542 0.00910937 0.0187917
1 0.826789 0.66225 0.00979688 0.0122083
1 0.558992 0.213615 0.00517188 0.00689583
1 0.228141 0.170469 0.0107813 0.0158542
