7 0.230656 0.491615 0.0736563 0.0776875
7 0.240016 0.620677 0.0539375 0.0770208
7 0.311555 0.404562 0.0527969 0.073375
7 0.285758 0.317354 0.0448906 0.0693333
7 0.344461 0.486094 0.0584531 0.0825625
7 0.316742 0.262302 0.0538281 0.0740625
7 0.362367 0.418583 0.0525469 0.0659583
7 0.26943 0.552917 0.0601094 0.0735417
7 0.267773 0.261021 0.0461406 0.0635833
7 0.223422 0.424469 0.053375 0.0666042
7 0.330281 0.336188 0.0530625 0.0670417
7 0.229719 0.349271 0.0515938 0.066125
7 0.269125 0.376927 0.0538438 0.0671875
