4 0.45503 0.148193 0.03322 0.0972892
4 0.46563 0.295286 0.0237 0.0718373
4 0.34215 0.278449 0.04702 0.104428
4 0.70874 0.150377 0.02164 0.0602108
4 0.4233 0.150753 0.03908 0.0972289
4 0.53862 0.217696 0.06808 0.211235
4 0.30405 0.277184 0.04414 0.0991265
4 0.25734 0.150557 0.05704 0.157259
4 0.58628 0.259804 0.05236 0.127018
4 0.49312 0.182997 0.03532 0.113223
4 0.68033 0.257816 0.0391 0.120994
4 0.74982 0.283102 0.02452 0.0527108
4 0.26194 0.257169 0.0996 0.063494
4 0.64764 0.255798 0.04688 0.134187
4 0.41458 0.248931 0.04464 0.0815361
4 0.37891 0.292952 0.07582 0.0806627
4 0.2362 0.194036 0.08364 0.0824096
4 0.65093 0.153102 0.03262 0.120422
4 0.59815 0.174217 0.0527 0.124217
4 0.53622 0.277123 0.04052 0.0948494
4 0.71268 0.258509 0.0322 0.112259
4 0.58273 0.211867 0.08834 0.220783
4 0.33224 0.218193 0.04316 0.120783
4 0.62973 0.168554 0.0691 0.144157
4 0.67772 0.112078 0.03256 0.0594578
4 0.4859 0.224669 0.0696 0.116928
4 0.43583 0.30119 0.04818 0.065753
4 0.73074 0.18378 0.02912 0.0530422
4 0.38377 0.232154 0.05434 0.114428
4 0.24394 0.277846 0.08468 0.0796084
4 0.51915 0.205392 0.01838 0.0572289
4 0.7359 0.224111 0.0256 0.074006
4 0.49823 0.28759 0.04182 0.0786747
4 0.23298 0.121913 0.02336 0.114307
4 0.42704 0.264774 0.03748 0.102259
4 0.68375 0.180497 0.04234 0.1325
4 0.28838 0.178163 0.04768 0.122892
4 0.35995 0.232304 0.01942 0.0478012
4 0.20803 0.232877 0.02474 0.0663554
