1 0.231078 0.311356 0.0723203 0.0684641
1 0.196879 0.432557 0.0781699 0.0686438
1 0.389861 0.480923 0.0858987 0.0836111
1 0.142157 0.473717 0.0594771 0.059232
1 0.232737 0.561021 0.0625654 0.0558987
1 0.301969 0.42277 0.0561928 0.0588072
1 0.308309 0.336716 0.0543627 0.0528105
1 0.17442 0.583007 0.0610294 0.0617974
1 0.253889 0.381087 0.0552941 0.0838399
1 0.255147 0.477108 0.0651307 0.0669281
1 0.450278 0.413815 0.0848039 0.0878268
1 0.361454 0.392949 0.09 0.0910294
1 0.304036 0.538129 0.0633333 0.0648856
1 0.265163 0.61031 0.0667647 0.060915
1 0.46768 0.491005 0.0718954 0.0653758
1 0.327933 0.263538 0.0921078 0.0881209
1 0.423333 0.567949 0.0679412 0.0810294
1 0.320368 0.479886 0.0611601 0.0640523
1 0.339984 0.575131 0.0453922 0.0461438
1 0.437173 0.299804 0.0914052 0.0862092
1 0.177802 0.373505 0.0689052 0.0598203
1 0.199763 0.50424 0.0626634 0.0604739
