4 0.428094 0.706054 0.043125 0.0435831
4 0.641523 0.679742 0.0335156 0.0466511
4 0.282953 0.811276 0.0609062 0.0637237
4 0.655766 0.467763 0.0558125 0.0316862
4 0.62632 0.531159 0.0304531 0.0544496
4 0.686727 0.623794 0.0411406 0.0565808
4 0.390461 0.661206 0.0678594 0.0327166
4 0.640109 0.422506 0.09025 0.0457611
4 0.328484 0.802272 0.0609375 0.058829
4 0.537844 0.713232 0.0320625 0.0900703
4 0.403875 0.80411 0.0388125 0.0753864
4 0.48093 0.70103 0.0273594 0.0589696
4 0.521352 0.535246 0.0418906 0.0453864
4 0.438352 0.595105 0.0580156 0.0476815
4 0.510234 0.78274 0.0510625 0.0508665
4 0.432445 0.734262 0.0394844 0.0469789
4 0.54825 0.752986 0.0259688 0.0704215
4 0.686094 0.740468 0.032125 0.0589696
4 0.592258 0.706803 0.0415469 0.115995
4 0.672664 0.708876 0.0311719 0.0656674
4 0.631648 0.593466 0.0315156 0.0866042
4 0.654398 0.789286 0.0299844 0.0658782
4 0.650836 0.7176 0.0347344 0.045644
4 0.574945 0.761417 0.0427344 0.0489696
4 0.537453 0.499801 0.0426875 0.0467213
4 0.694828 0.81466 0.0310625 0.0461827
4 0.433234 0.625129 0.0659687 0.0528337
4 0.623273 0.695164 0.0338906 0.0391335
4 0.353281 0.770492 0.0117813 0.00688525
4 0.446109 0.811639 0.0444375 0.0619204
4 0.679648 0.562822 0.0271719 0.0482201
4 0.573242 0.557178 0.0233594 0.0320609
4 0.374516 0.812178 0.0524687 0.035644
4 0.664445 0.522494 0.0280469 0.0515457
4 0.447555 0.674169 0.0103281 0.0194379
4 0.665945 0.584848 0.0293906 0.0453864
4 0.634453 0.644485 0.0292812 0.0449415
4 0.65357 0.407295 0.0916094 0.0324824
4 0.379945 0.738396 0.0430469 0.0725761
4 0.677805 0.480422 0.00857813 0.012459
4 0.609359 0.753806 0.0184687 0.0407728
4 0.504602 0.661663 0.0364219 0.0648712
4 0.463562 0.577834 0.0440313 0.0594145
4 0.480633 0.744614 0.00973437 0.0194848
4 0.503258 0.507939 0.0354219 0.0488056
4 0.563305 0.490504 0.0277031 0.0415691
4 0.444602 0.792693 0.0162344 0.0238407
4 0.663391 0.657869 0.033125 0.0433724
4 0.588047 0.820749 0.0164687 0.0294145
4 0.309367 0.746101 0.0784531 0.0773536
4 0.533789 0.664473 0.0278594 0.061733
4 0.675258 0.805304 0.0240469 0.0499063
4 0.407562 0.687108 0.0725313 0.0351054
4 0.479141 0.526077 0.019375 0.0440515
4 0.42943 0.530691 0.0171719 0.0199297
4 0.41982 0.772436 0.0223906 0.031007
4 0.404172 0.724098 0.021875 0.0405152
4 0.407398 0.747974 0.0305781 0.0425527
4 0.653133 0.552646 0.0244531 0.0471663
4 0.692969 0.969848 0.0431875 0.0551054
4 0.344102 0.70904 0.0223281 0.0273068
4 0.657937 0.38377 0.0844375 0.0233255
4 0.548039 0.536546 0.0301094 0.0514988
4 0.633164 0.489672 0.0543594 0.0325527
4 0.612125 0.475 0.0569375 0.0397424
4 0.609195 0.802693 0.0364531 0.0653396
4 0.507469 0.697869 0.0350312 0.0744262
4 0.564664 0.417904 0.0457969 0.0706089
4 0.624602 0.736405 0.0254844 0.0564169
4 0.558008 0.653443 0.0271094 0.0728806
4 0.316562 0.764871 0.0709375 0.0671663
4 0.600836 0.427354 0.0591406 0.055644
4 0.52525 0.587693 0.034 0.03637
4 0.389156 0.80466 0.0415937 0.06637
4 0.576695 0.521148 0.0283906 0.0398126
4 0.5245 0.558829 0.0219062 0.0240749
4 0.569844 0.796206 0.051625 0.0441218
4 0.674289 0.513349 0.0389531 0.0683841
4 0.464594 0.622705 0.0315937 0.0335597
4 0.367664 0.715246 0.0504844 0.062623
4 0.691039 0.52363 0.0334844 0.0874005
4 0.426812 0.811745 0.0201875 0.0481733
4 0.680141 0.769602 0.0240938 0.0535831
4 0.261578 0.791393 0.0185 0.0463466
4 0.526211 0.794836 0.0302031 0.0476112
4 0.579156 0.679766 0.0328437 0.0548478
4 0.50057 0.62123 0.0409219 0.0440984
4 0.48043 0.652049 0.0372656 0.0533255
4 0.412766 0.56219 0.0295312 0.0234895
4 0.526875 0.631323 0.0405625 0.0550585
4 0.653656 0.751335 0.0396562 0.0642623
4 0.555711 0.568759 0.0256406 0.0302576
4 0.658922 0.621452 0.0249062 0.063185
4 0.564219 0.608642 0.0495312 0.0554567
4 0.580797 0.726803 0.0164063 0.0289696
4 0.597758 0.513314 0.0342969 0.0533255
4 0.497992 0.739333 0.0291094 0.05
