4 0.208656 0.891014 0.150781 0.151432
4 0.221547 0.908103 0.129031 0.178592
4 0.511945 0.375298 0.100234 0.142148
4 0.823375 0.815119 0.0959375 0.369761
4 0.906938 0.714356 0.0307812 0.193246
4 0.644328 0.666086 0.0724687 0.182196
4 0.0813594 0.783031 0.0760625 0.17852
4 0.484578 0.601551 0.0975625 0.1379
4 0.307195 0.85253 0.101609 0.100286
4 0.970977 0.401301 0.0537969 0.233294
4 0.606875 0.573747 0.0536875 0.195656
4 0.13332 0.799224 0.0609844 0.196874
4 0.30318 0.638687 0.0641719 0.0583771
4 0.0379531 0.860692 0.0719063 0.0724582
4 0.740055 0.751289 0.105141 0.239809
4 0.0315781 0.982422 0.0631562 0.0351551
4 0.503891 0.491146 0.022875 0.0280668
4 0.252945 0.786241 0.108016 0.0979236
4 0.470563 0.491838 0.039375 0.0342243
4 0.416414 0.632864 0.0475781 0.119284
4 0.654297 0.958842 0.0687813 0.082315
4 0.313281 0.771205 0.080375 0.0846062
4 0.648367 0.779248 0.0687031 0.0973031
4 0.21493 0.704857 0.0266406 0.0754893
4 0.313617 0.68574 0.105172 0.0553461
4 0.474711 0.739081 0.0707031 0.119642
4 0.679867 0.685334 0.0541094 0.244129
4 0.570266 0.470752 0.055125 0.0384964
4 0.542219 0.394153 0.09975 0.186444
4 0.602523 0.650215 0.0839219 0.144344
4 0.660922 0.421706 0.08425 0.113055
4 0.984867 0.350394 0.0302656 0.118783
4 0.17093 0.870823 0.0685156 0.0966826
4 0.125516 0.60111 0.0290312 0.0228401
4 0.389445 0.613735 0.0898281 0.0947733
4 0.318914 0.928616 0.108641 0.126969
4 0.104344 0.990406 0.047125 0.0191885
4 0.837648 0.346611 0.0352344 0.0681146
4 0.256695 0.919618 0.113672 0.148687
4 0.908945 0.490084 0.0367969 0.0565394
4 0.776773 0.775012 0.0780469 0.276468
4 0.475047 0.451301 0.045875 0.0402625
4 0.608836 0.341408 0.0398594 0.115227
4 0.0554297 0.769916 0.107266 0.158496
4 0.0357734 0.686742 0.0693281 0.101217
4 0.52543 0.619893 0.0590781 0.163938
4 0.0797578 0.678759 0.0496406 0.0580907
4 0.513703 0.72648 0.0397188 0.0657518
4 0.812867 0.561838 0.0592344 0.115036
4 0.1475 0.640895 0.0363438 0.0897136
4 0.443273 0.625406 0.0222969 0.0920525
4 0.85968 0.391706 0.0676719 0.15864
4 0.712266 0.921897 0.060125 0.156205
4 0.927516 0.791527 0.0857187 0.342816
4 0.560664 0.628019 0.0621719 0.194558
4 0.625211 0.428401 0.103234 0.0606205
4 0.237648 0.600644 0.0302344 0.0243914
4 0.253148 0.65969 0.0367344 0.0649165
4 0.235477 0.658258 0.0367656 0.0461098
4 0.355508 0.971683 0.123859 0.0519093
4 0.605648 0.88648 0.0800469 0.163031
4 0.683914 0.550632 0.0758594 0.149809
4 0.182586 0.746074 0.0514844 0.141313
4 0.728125 0.593687 0.0671563 0.162649
4 0.155852 0.68821 0.0547031 0.092506
4 0.930641 0.381241 0.0652188 0.194558
4 0.870406 0.613854 0.0702812 0.0573508
4 0.442727 0.739499 0.0716719 0.120907
4 0.597695 0.755585 0.0576406 0.0977566
4 0.374234 0.703496 0.0400625 0.106945
4 0.490336 0.844833 0.155109 0.141074
4 0.381047 0.597685 0.07825 0.0986635
4 0.421555 0.724749 0.0941719 0.0976134
4 0.746195 0.405215 0.0978281 0.168616
4 0.477703 0.95358 0.068 0.0889737
4 0.546203 0.965967 0.0639062 0.0680668
4 0.399336 0.954033 0.112016 0.0884964
4 0.514016 0.365656 0.0276563 0.0508831
4 0.770695 0.938902 0.0685469 0.122196
4 0.554078 0.898043 0.103937 0.193699
4 0.60868 0.485979 0.0298594 0.0361098
4 0.0992734 0.866885 0.0477031 0.108329
4 0.974195 0.69957 0.0516094 0.11432
4 0.940164 0.488938 0.0281094 0.0620286
4 0.137844 0.642482 0.0374688 0.0849642
4 0.208 0.591838 0.024875 0.0432936
4 0.499078 0.605322 0.083625 0.133317
4 0.111875 0.634928 0.0747812 0.0688067
4 0.233703 0.686062 0.0736875 0.0884487
4 0.353203 0.58148 0.029875 0.0415274
4 0.603305 0.423556 0.100141 0.0907876
4 0.61425 0.376539 0.0396562 0.0574702
4 0.229297 0.775191 0.129281 0.100453
4 0.844016 0.36358 0.0364375 0.082673
4 0.284234 0.652053 0.0358125 0.070358
4 0.389688 0.86136 0.0624687 0.0914558
4 0.626383 0.566062 0.0368281 0.146253
4 0.85268 0.380573 0.0526406 0.132936
4 0.749625 0.640382 0.0609375 0.212411
4 0.161062 0.635048 0.02275 0.0813126
4 0.330203 0.592768 0.034 0.0389976
4 0.578719 0.783329 0.0393125 0.047327
4 0.895648 0.380453 0.0706406 0.174463
4 0.874367 0.476659 0.0456406 0.0732697
4 0.496641 0.548174 0.06075 0.0552506
4 0.560031 0.738484 0.05325 0.0635084
4 0.598891 0.791277 0.0396875 0.0465155
4 0.0528047 0.725823 0.103422 0.0884487
4 0.512602 0.787482 0.142328 0.0716229
4 0.729094 0.664809 0.0665 0.275107
4 0.356039 0.689069 0.0481406 0.0796659
4 0.72325 0.38432 0.0311563 0.0767542
4 0.861914 0.803138 0.0878281 0.391909
4 0.661937 0.875107 0.0594688 0.135609
4 0.510367 0.873663 0.145797 0.150955
4 0.0179219 0.957363 0.0358438 0.0455609
4 0.326844 0.56278 0.0286563 0.0306683
4 0.464906 0.392554 0.105406 0.122196
4 0.0456328 0.968401 0.0437031 0.0520286
4 0.529375 0.497422 0.03575 0.0208592
4 0.793344 0.575036 0.0355625 0.0923628
4 0.794484 0.398532 0.068125 0.187709
4 0.71207 0.40358 0.0962969 0.136754
4 0.372617 0.795656 0.0499844 0.0865394
4 0.330141 0.739535 0.0760312 0.0703819
4 0.664148 0.557267 0.0617031 0.139451
4 0.828242 0.559952 0.0773281 0.106683
4 0.325867 0.988628 0.123703 0.0227446
4 0.600469 0.947709 0.0749062 0.104582
