4 0.90007 0.148993 0.121203 0.095644
4 0.753422 0.121218 0.0825937 0.0666042
4 0.761383 0.156241 0.0844531 0.0859251
4 0.782469 0.0712998 0.0497812 0.0428806
4 0.807078 0.22678 0.0676563 0.149578
4 0.957984 0.310995 0.0537813 0.260679
4 0.891164 0.241581 0.133547 0.188689
4 0.84493 0.351066 0.0348906 0.0812881
4 0.977547 0.665316 0.0449062 0.0669321
4 0.804602 0.317693 0.0528281 0.0887354
4 0.922391 0.545316 0.0426875 0.0991101
4 0.932398 0.301581 0.0771094 0.246862
4 0.984094 0.294356 0.0312812 0.220515
4 0.96857 0.0211827 0.0628594 0.0423653
4 0.770977 0.191546 0.0914531 0.108712
4 0.911945 0.283349 0.113703 0.239485
4 0.983805 0.363595 0.0306406 0.104473
4 0.926055 0.483841 0.0382969 0.0825761
4 0.765445 0.246323 0.0601406 0.0599532
4 0.966469 0.479098 0.0469375 0.0797424
4 0.982938 0.592564 0.0328125 0.101522
4 0.951266 0.604098 0.0582812 0.0887119
4 0.785945 0.279063 0.0855781 0.0767681
