4 0.65836 0.820707 0.19868 0.229147
4 0.84583 0.732347 0.17862 0.247467
4 0.61017 0.449867 0.20774 0.224853
4 0.78731 0.52408 0.22018 0.267787
4 0.47363 0.472973 0.11762 0.249573
4 0.69532 0.649547 0.15944 0.193707
4 0.54236 0.67768 0.204 0.258187
4 0.88136 0.58608 0.03672 0.0810133
24 0.97418 0.309307 0.05164 0.0901867
24 0.95015 0.197067 0.08382 0.154187
24 0.89798 0.452827 0.0664 0.11568
24 0.81903 0.357333 0.09794 0.0873067
24 0.88874 0.225213 0.05016 0.0462133
24 0.93893 0.38688 0.08654 0.08384
24 0.73226 0.38124 0.08904 0.157413
24 0.88665 0.30528 0.1105 0.181813
24 0.97085 0.353813 0.04422 0.07488
24 0.92845 0.295827 0.08286 0.100667
24 0.86262 0.386067 0.0258 0.0498933
