4 0.654542 0.31007 0.016375 0.0334219
4 0.367615 0.709633 0.0357708 0.0240781
4 0.263906 0.818063 0.0432292 0.0171563
4 0.325625 0.799102 0.0314583 0.0489844
4 0.466875 0.883516 0.0594167 0.0315937
4 0.35074 0.708719 0.0290625 0.0333437
4 0.485344 0.882547 0.0589792 0.0275313
4 0.643052 0.283289 0.0228125 0.0225156
4 0.641687 0.324977 0.0420417 0.0341406
4 0.355708 0.733078 0.0164167 0.0307812
4 0.338271 0.804617 0.024625 0.0497344
4 0.739635 0.348461 0.0136875 0.0215469
4 0.651719 0.349992 0.0129792 0.0333281
4 0.652354 0.266406 0.0272917 0.0220938
4 0.454646 0.863672 0.0833333 0.0210938
4 0.292115 0.782945 0.0498958 0.0294844
4 0.426906 0.76875 0.0193542 0.024625
4 0.677927 0.320523 0.0121875 0.0246094
4 0.421198 0.810305 0.0201875 0.0343594
4 0.410906 0.775953 0.0158958 0.0339062
4 0.451021 0.748203 0.0405 0.0225625
4 0.294823 0.807109 0.0199375 0.0570937
4 0.641031 0.307055 0.0225625 0.0294844
4 0.476135 0.816508 0.0191458 0.0143594
4 0.68826 0.272828 0.0213958 0.0254375
4 0.481083 0.770516 0.034875 0.0312812
4 0.39074 0.778383 0.0261042 0.0322344
4 0.323417 0.698844 0.038 0.0310625
4 0.732156 0.350906 0.0161458 0.0318125
4 0.356406 0.806891 0.0233542 0.05075
4 0.341729 0.770344 0.034125 0.019375
4 0.455458 0.77025 0.0160833 0.0120625
4 0.681719 0.345055 0.0208542 0.0228281
4 0.435021 0.874492 0.0690417 0.0243594
4 0.442927 0.797469 0.0273542 0.02975
4 0.661354 0.265328 0.0350417 0.0199688
4 0.50751 0.818945 0.0380208 0.0285156
4 0.640281 0.318297 0.0140208 0.0271875
4 0.729229 0.367242 0.025875 0.0143594
4 0.409385 0.718664 0.0405208 0.0229844
4 0.390708 0.741383 0.0587917 0.0241094
4 0.624104 0.290672 0.007875 0.0161563
4 0.482563 0.835313 0.0300833 0.0238438
4 0.642198 0.24232 0.0215208 0.0286094
4 0.43899 0.810438 0.0205208 0.0300938
4 0.661396 0.379227 0.014375 0.0258594
4 0.750021 0.366469 0.0164583 0.0123438
4 0.279375 0.696828 0.0202917 0.015875
4 0.628312 0.322344 0.01025 0.0156563
4 0.497031 0.837492 0.0308542 0.0295781
4 0.631781 0.370367 0.0134375 0.0288594
4 0.429719 0.890273 0.0626042 0.0337344
4 0.65301 0.375523 0.0126458 0.0217969
4 0.262875 0.701406 0.021875 0.0212812
4 0.432042 0.828727 0.032875 0.0115469
4 0.459479 0.759023 0.0335 0.0210156
4 0.343167 0.693383 0.0465 0.0235781
4 0.25276 0.699633 0.0666042 0.0371406
4 0.624885 0.355273 0.0326458 0.0346094
4 0.40099 0.813484 0.0287292 0.0407187
4 0.436323 0.754734 0.0410208 0.0187187
4 0.407781 0.823773 0.0206875 0.0330156
4 0.39601 0.865742 0.0248125 0.0501406
4 0.655865 0.284859 0.0207292 0.0170625
4 0.665312 0.371773 0.020875 0.0210469
4 0.423729 0.785 0.018125 0.0264062
4 0.463729 0.831727 0.0500833 0.0205781
4 0.285458 0.671477 0.0247083 0.0177344
4 0.641344 0.381648 0.00989583 0.0302969
4 0.340406 0.724875 0.0188125 0.0261562
4 0.509906 0.83282 0.00922917 0.0164219
4 0.265406 0.67243 0.0509792 0.0159844
4 0.247698 0.810227 0.0816042 0.0332031
4 0.649719 0.402305 0.00614583 0.0205156
4 0.236302 0.784875 0.0293958 0.025125
4 0.449979 0.848844 0.081375 0.014625
4 0.397656 0.789883 0.0168542 0.0346406
4 0.627156 0.23782 0.0171042 0.0279531
4 0.421385 0.839039 0.0303958 0.0120781
4 0.693302 0.292961 0.00922917 0.0146094
4 0.374094 0.80125 0.0310625 0.0463438
4 0.327323 0.755766 0.0273542 0.0171875
4 0.679885 0.304023 0.00989583 0.0137656
4 0.39125 0.75282 0.0598333 0.0215469
4 0.329375 0.719148 0.0220417 0.0373594
4 0.490312 0.853328 0.0136667 0.0164063
4 0.461083 0.800898 0.0195 0.0248594
4 0.67825 0.34982 0.0220833 0.0267969
4 0.513708 0.846695 0.0120417 0.0233594
4 0.611271 0.263977 0.020125 0.0134844
4 0.25525 0.781461 0.0365 0.0192344
4 0.631792 0.280094 0.0180833 0.0198438
4 0.312406 0.724539 0.0184792 0.0256719
4 0.341083 0.744227 0.011625 0.0156406
4 0.208594 0.796664 0.0526042 0.0232656
0 0.0420312 0.910641 0.0404375 0.0344375
0 0.159875 0.900891 0.0430833 0.035375
0 0.244719 0.955305 0.0458958 0.0373594
0 0.0171667 0.87 0.0343333 0.0312812
0 0.330458 0.901352 0.0439167 0.0292656
0 0.1195 0.784852 0.039125 0.0262031
0 0.208833 0.871414 0.0429583 0.0294844
0 0.0754896 0.945031 0.0483958 0.0338125
0 0.184365 0.860133 0.0439792 0.0306094
0 0.191594 0.820898 0.0324792 0.0151406
0 0.282302 0.945344 0.0401458 0.0325312
0 0.243052 0.983719 0.0444375 0.0325625
0 0.0476771 0.834234 0.0393125 0.0264062
0 0.00561458 0.855133 0.00889583 0.00820313
0 0.0801354 0.920312 0.0475208 0.0276875
0 0.183385 0.973094 0.0475208 0.034875
0 0.317604 0.913516 0.0205 0.014625
0 0.0710104 0.818977 0.0427292 0.0297344
0 0.214115 0.846242 0.0418958 0.0250781
0 0.108135 0.826008 0.0110208 0.0114219
0 0.228802 0.893906 0.0428958 0.0342812
0 0.235948 0.870102 0.0346042 0.0272656
0 0.323604 0.969281 0.0437917 0.0323125
0 0.136594 0.933563 0.0441458 0.0346562
0 0.240573 0.922687 0.0458125 0.03
0 0.16374 0.956539 0.0389792 0.0361406
0 0.40325 0.927875 0.0416667 0.0269688
0 0.358604 0.97257 0.0345417 0.0317969
0 0.312823 0.931164 0.0377292 0.0278281
0 0.145 0.80818 0.0335 0.0251406
0 0.158781 0.824234 0.0293958 0.0171875
0 0.0309375 0.857875 0.03725 0.0223125
0 0.0253958 0.938586 0.0507917 0.0336406
0 0.0848958 0.969016 0.0447917 0.0310312
0 0.119427 0.910266 0.0446042 0.0340312
0 0.283854 0.917484 0.0434167 0.0238125
0 0.131969 0.968305 0.0527708 0.0347656
0 0.430698 0.942695 0.0373125 0.0269531
0 0.112115 0.946148 0.0338542 0.0379531
0 0.0442708 0.88 0.0434167 0.025125
0 0.0661042 0.859906 0.0328333 0.0124375
0 0.199302 0.918961 0.0423542 0.0296719
0 0.0173125 0.841453 0.034625 0.02575
0 0.23251 0.945703 0.0374792 0.0357188
0 0.158854 0.929664 0.0125833 0.0221719
0 0.121115 0.814445 0.0230208 0.0187656
0 0.0588125 0.849328 0.0394583 0.0250937
0 0.190875 0.891914 0.0403333 0.0331094
0 0.270052 0.86482 0.0361875 0.0314531
0 0.183469 0.930906 0.0479375 0.035625
0 0.130406 0.832508 0.0444375 0.0333281
0 0.347687 0.988875 0.0434167 0.02225
0 0.346292 0.921594 0.0386667 0.0313125
0 0.246365 0.845773 0.0311458 0.0233281
0 0.0861146 0.870945 0.0437708 0.0294844
0 0.0740312 0.894398 0.0426458 0.0333906
0 0.412531 0.958289 0.0413542 0.0293594
0 0.415042 0.899016 0.0342917 0.023
0 0.0180833 0.896531 0.0334167 0.02925
0 0.195292 0.791898 0.0335 0.0169219
0 0.290583 0.909453 0.0361667 0.0234062
0 0.128323 0.879898 0.0473125 0.0309844
0 0.203073 0.953086 0.0402708 0.0276406
0 0.190677 0.834719 0.0406875 0.0210313
0 0.142542 0.861789 0.0403333 0.0230781
0 0.121177 0.856664 0.0290625 0.0184531
0 0.117062 0.991539 0.04925 0.0146719
0 0.365031 0.895867 0.0311458 0.0281406
0 0.159292 0.844102 0.0420417 0.0251406
0 0.265615 0.893328 0.0389792 0.0276875
0 0.274667 0.98782 0.0300833 0.0228281
0 0.297094 0.861203 0.0331458 0.0212812
0 0.356729 0.955961 0.033875 0.0200156
0 0.0362187 0.818328 0.0337292 0.0223125
0 0.180917 0.994164 0.045875 0.0113594
0 0.0368958 0.969234 0.0639167 0.0461562
0 0.38774 0.909219 0.0384792 0.033625
0 0.295875 0.884359 0.0403333 0.0287187
0 0.264948 0.995539 0.0381042 0.00782813
