9 0.123188 0.756555 0.246375 0.302776
9 0.0762031 0.231799 0.149031 0.20653
9 0.370016 0.158753 0.107594 0.197712
9 0.298602 0.161401 0.186609 0.209177
9 0.0599297 0.49946 0.119859 0.3
9 0.0308438 0.61 0.0605938 0.337224
1 0.0916406 0.868959 0.139406 0.247121
1 0.707563 0.534897 0.0967812 0.153907
1 0.441828 0.533753 0.133469 0.274499
1 0.786234 0.724923 0.0430938 0.100334
1 0.476516 0.846003 0.0938438 0.167686
1 0.811898 0.518445 0.0991719 0.16162
1 0.264875 0.852262 0.114062 0.192288
1 0.734852 0.485231 0.0548906 0.0637275
1 0.312773 0.698535 0.105547 0.162982
1 0.430633 0.95063 0.105297 0.0936504
1 0.77393 0.593046 0.0827344 0.159049
1 0.424781 0.845746 0.0415312 0.121414
1 0.188797 0.929769 0.0985625 0.139794
1 0.849141 0.593509 0.067625 0.117609
1 0.497961 0.672314 0.0881094 0.0929049
1 0.851008 0.713573 0.0902031 0.129254
1 0.547047 0.593265 0.0940312 0.156812
1 0.737914 0.860488 0.0125781 0.0307969
1 0.73457 0.682545 0.0891094 0.151414
1 0.912023 0.623021 0.0944844 0.119769
1 0.409055 0.715013 0.104828 0.172905
1 0.136609 0.98563 0.0757812 0.0266838
1 0.771672 0.804936 0.0778438 0.115938
1 0.683125 0.44653 0.115187 0.101645
1 0.372687 0.868098 0.103344 0.175527
1 0.567758 0.722918 0.0867969 0.113033
1 0.321813 0.952712 0.107531 0.0945758
1 0.811039 0.664846 0.0657344 0.120026
1 0.779336 0.461375 0.0825156 0.103162
1 0.381117 0.979923 0.0199531 0.0401542
1 0.668852 0.729165 0.109859 0.157661
1 0.671484 0.612082 0.0894375 0.101028
1 0.607242 0.670913 0.0787344 0.158843
1 0.252664 0.960694 0.0446719 0.0786118
1 0.612195 0.524152 0.0973281 0.162596
