4 0.717031 0.484385 0.0415 0.0506042
4 0.246391 0.549979 0.033875 0.0500417
4 0.612102 0.565958 0.0336719 0.0372083
4 0.658758 0.460552 0.0300156 0.0393542
4 0.601078 0.588125 0.0451562 0.036125
4 0.674414 0.361052 0.0716719 0.0556458
4 0.514789 0.628292 0.0347031 0.036875
4 0.768164 0.405646 0.0772656 0.0789167
4 0.360203 0.739333 0.0437188 0.0342083
4 0.284891 0.510354 0.0516875 0.071875
4 0.664016 0.557063 0.046625 0.0636667
4 0.390758 0.657698 0.0344219 0.0441042
4 0.329602 0.447854 0.126953 0.0549167
4 0.506461 0.665656 0.0697969 0.0438125
4 0.574805 0.376719 0.111922 0.0338542
4 0.636633 0.590052 0.0203906 0.0446042
4 0.376047 0.722823 0.0688438 0.0410208
4 0.815391 0.697229 0.0125 0.0379583
4 0.808969 0.71225 0.0190312 0.0245417
4 0.528031 0.417427 0.0442188 0.0611042
4 0.383844 0.513938 0.0885 0.0657083
4 0.559633 0.663823 0.0393281 0.0307292
4 0.620422 0.467187 0.0336562 0.0482083
4 0.635758 0.66651 0.0486094 0.0307292
4 0.262484 0.44875 0.0404687 0.07725
4 0.661828 0.433844 0.0228437 0.0298542
4 0.663883 0.631229 0.0258594 0.085125
4 0.447352 0.39149 0.0855156 0.0955208
4 0.550406 0.688708 0.123875 0.0710417
4 0.306336 0.495917 0.0512656 0.0817083
4 0.606539 0.621917 0.0814844 0.0630417
4 0.334117 0.71051 0.0442344 0.0907708
4 0.79125 0.528635 0.024625 0.144354
4 0.297602 0.567615 0.105766 0.0479375
4 0.577172 0.356479 0.0271875 0.0225
4 0.514742 0.462865 0.0284531 0.0630625
4 0.722406 0.517875 0.0234688 0.02025
4 0.610437 0.696302 0.0484687 0.0476875
4 0.700508 0.525625 0.0327656 0.0877917
4 0.365437 0.422552 0.055 0.0465208
4 0.679234 0.485302 0.0375 0.0576875
4 0.460375 0.441927 0.0373125 0.0725625
4 0.685516 0.575896 0.0326875 0.0379583
4 0.649648 0.492052 0.0313594 0.0481875
4 0.759406 0.492948 0.06 0.114604
4 0.390992 0.694094 0.0465469 0.0307708
4 0.308375 0.734615 0.0394062 0.0468542
4 0.461734 0.696417 0.0707812 0.0610417
4 0.660992 0.699042 0.117203 0.0785
4 0.686406 0.651594 0.0413437 0.0379375
4 0.718789 0.40726 0.0258594 0.0276458
4 0.79957 0.63426 0.0212656 0.0266042
4 0.701445 0.462802 0.0334531 0.0371875
4 0.726859 0.358938 0.0953125 0.0622083
4 0.423766 0.716406 0.027375 0.0383125
4 0.66325 0.524875 0.0501875 0.065125
4 0.798555 0.698313 0.0272969 0.0524167
4 0.759031 0.706917 0.0585938 0.0482917
4 0.511984 0.68875 0.0353125 0.0305833
