23 0.456437 0.847454 0.0245625 0.0328413
23 0.456898 0.796153 0.0319219 0.0317897
23 0.396891 0.843635 0.0320625 0.0350554
23 0.292516 0.829354 0.0415 0.0385978
23 0.335633 0.746697 0.0280469 0.0385978
23 0.369758 0.72083 0.0328594 0.0320664
23 0.444109 0.780387 0.0278125 0.0379705
23 0.401734 0.816319 0.04 0.0407565
23 0.368945 0.844317 0.0330156 0.0290037
23 0.318078 0.821292 0.0302187 0.044059
23 0.33225 0.784871 0.0311875 0.0483026
23 0.304617 0.802334 0.0353906 0.0266605
23 0.394328 0.761513 0.037125 0.0459041
23 0.299922 0.782103 0.0343437 0.0336162
23 0.342234 0.715231 0.0282813 0.0391328
23 0.470805 0.813847 0.0392969 0.0410148
23 0.430031 0.847823 0.037125 0.03
23 0.435453 0.821439 0.0345 0.0397048
23 0.419367 0.790544 0.0273281 0.0328229
23 0.497094 0.766125 0.027125 0.0317712
23 0.488852 0.745249 0.0411094 0.0285055
23 0.494305 0.80322 0.0301406 0.0404982
23 0.346375 0.803958 0.029125 0.0388376
23 0.485797 0.719908 0.0321875 0.0306642
23 0.303883 0.743376 0.0341406 0.0367897
23 0.48143 0.845351 0.0402031 0.0384871
23 0.417945 0.754908 0.0367344 0.0530996
23 0.447039 0.753994 0.0253281 0.0245203
23 0.382367 0.739483 0.0325781 0.0246125
23 0.378016 0.787482 0.00653125 0.0169557
23 0.421406 0.720157 0.0179375 0.0264022
23 0.366297 0.827906 0.0351562 0.0426015
23 0.386 0.716255 0.010375 0.0122509
23 0.463703 0.768985 0.014375 0.0322878
23 0.30832 0.718653 0.0347969 0.0281181
23 0.443219 0.728681 0.0276563 0.02869
23 0.459406 0.736541 0.033875 0.0371771
23 0.40393 0.719105 0.0297344 0.0314576
23 0.365547 0.762685 0.0215312 0.025369
23 0.383234 0.966439 0.00978125 0.0293727
