4 0.934617 0.746979 0.130766 0.369708
4 0.90907 0.279646 0.133672 0.304917
4 0.541484 0.269573 0.101156 0.349896
4 0.800164 0.275062 0.0616094 0.286
4 0.0865312 0.315906 0.132156 0.172813
4 0.359758 0.384052 0.0440156 0.0526875
4 0.955969 0.682365 0.0880625 0.275229
4 0.103922 0.236833 0.207844 0.280458
4 0.129695 0.219729 0.246672 0.274875
4 0.665789 0.868198 0.0419219 0.122896
4 0.570406 0.774583 0.0511875 0.0912917
4 0.990328 0.618729 0.0185937 0.0760417
4 0.135883 0.736615 0.0809844 0.383521
4 0.602711 0.674406 0.122578 0.241937
4 0.255633 0.749271 0.0901406 0.366458
4 0.691437 0.269448 0.0736875 0.337146
4 0.0352109 0.606531 0.0693906 0.174646
4 0.294953 0.284771 0.0853125 0.249333
4 0.488758 0.276833 0.0932031 0.358833
4 0.440375 0.242823 0.0944688 0.338771
4 0.326242 0.723927 0.133891 0.356729
4 0.335555 0.268927 0.0896719 0.200313
4 0.0793438 0.75249 0.075 0.393521
4 0.638039 0.735354 0.0905781 0.340292
4 0.384297 0.268354 0.104906 0.2105
4 0.755844 0.260583 0.0725625 0.316208
4 0.852305 0.988583 0.0156406 0.0228333
4 0.0405859 0.770042 0.0811719 0.441458
4 0.89068 0.725833 0.130953 0.334917
4 0.811055 0.988594 0.0325781 0.0228125
4 0.989039 0.317781 0.0219219 0.0542292
4 0.155055 0.647219 0.0781406 0.224354
4 0.70732 0.736219 0.0717031 0.352313
4 0.414109 0.387156 0.0470313 0.0479375
4 0.293187 0.995135 0.0828438 0.00972917
4 0.21357 0.725875 0.0397656 0.317792
4 0.558961 0.815 0.0485469 0.0577083
4 0.294539 0.741302 0.100672 0.366021
4 0.986523 0.262146 0.0269531 0.0861667
4 0.865313 0.347573 0.047125 0.148521
4 0.519609 0.801271 0.0452188 0.158042
4 0.582695 0.263833 0.153578 0.3555
4 0.678125 0.99126 0.0564063 0.0174792
4 0.671914 0.23701 0.0662969 0.263271
4 0.826656 0.275094 0.0924062 0.293938
4 0.789039 0.795177 0.126953 0.199187
4 0.967828 0.640844 0.0643438 0.163562
4 0.878633 0.9875 0.0431719 0.025
4 0.933984 0.274938 0.128125 0.320708
4 0.833547 0.989104 0.0271562 0.0217917
4 0.370234 0.984333 0.0284375 0.0148333
4 0.449508 0.753385 0.157609 0.219229
4 0.424898 0.86325 0.0935781 0.2735
