4 0.87027 0.507953 0.25946 0.212281
4 0.82027 0.588008 0.35946 0.196578
4 0.958204 0.328453 0.064061 0.0414062
4 0.9127 0.423453 0.174601 0.225
4 0.890329 0.470023 0.219343 0.248078
4 0.978815 0.381688 0.0423709 0.067125
4 0.855634 0.197867 0.288732 0.180297
4 0.977195 0.336828 0.0456103 0.0645625
4 0.822406 0.284555 0.354577 0.211797
8 0.938556 0.961805 0.0873005 0.0571406
8 0.515739 0.809945 0.268662 0.133266
8 0.866244 0.895633 0.203286 0.134516
8 0.75466 0.677305 0.245376 0.157078
8 0.965047 0.876391 0.0699061 0.117844
8 0.989484 0.784906 0.0210329 0.067
8 0.974577 0.963195 0.0508451 0.0736094
8 0.676549 0.962461 0.207559 0.0750781
8 0.520305 0.966273 0.152347 0.0674531
8 0.857512 0.980953 0.181502 0.0380937
8 0.704531 0.920211 0.217793 0.119953
