24 0.309734 0.679017 0.137781 0.15887
24 0.627352 0.6284 0.123422 0.168264
24 0.657148 0.428515 0.118547 0.117782
24 0.571711 0.473253 0.177391 0.144707
24 0.738461 0.538274 0.142172 0.173326
24 0.614523 0.557751 0.118766 0.155711
24 0.59025 0.213358 0.092375 0.055795
24 0.392781 0.248128 0.0852813 0.130188
24 0.4425 0.494979 0.0851875 0.0862762
24 0.404547 0.395031 0.154719 0.163243
24 0.353203 0.523159 0.163562 0.217615
24 0.498211 0.234372 0.128078 0.14159
24 0.45807 0.655554 0.167266 0.138766
24 0.430203 0.286182 0.072375 0.141276
24 0.302867 0.306621 0.102016 0.114289
24 0.558898 0.293525 0.0933594 0.110063
24 0.524398 0.354142 0.126953 0.147741
24 0.195219 0.345356 0.141344 0.166653
24 0.29025 0.445209 0.0974688 0.103013
4 0.294758 0.807594 0.0706406 0.0956485
4 0.373922 0.196914 0.104813 0.0972594
4 0.802703 0.562981 0.137344 0.263494
4 0.198516 0.448661 0.120188 0.140795
4 0.777797 0.410345 0.11925 0.0774268
4 0.699648 0.679529 0.140641 0.295293
4 0.605258 0.273556 0.0685781 0.108243
4 0.586781 0.789017 0.167594 0.240084
4 0.169398 0.581841 0.0297344 0.108661
4 0.249844 0.58137 0.150344 0.159812
4 0.262727 0.520544 0.111391 0.123431
4 0.324648 0.374351 0.145703 0.0918828
