4 0.56858 0.268723 0.053 0.0269398
4 0.56621 0.321349 0.03038 0.0510361
4 0.66447 0.279771 0.04422 0.0522651
4 0.56839 0.232964 0.03038 0.0373494
4 0.63207 0.275819 0.03874 0.0492289
4 0.55874 0.346133 0.01312 0.0235904
4 0.65693 0.280337 0.04482 0.052
4 0.58057 0.233687 0.03422 0.0437108
4 0.4803 0.266024 0.0332 0.0240964
4 0.64403 0.286482 0.04722 0.077253
4 0.52959 0.235313 0.02726 0.0276867
4 0.56848 0.260181 0.0198 0.0543855
4 0.59311 0.292964 0.03022 0.0261687
4 0.6096 0.304759 0.01512 0.0251325
4 0.60346 0.32353 0.01328 0.0205542
4 0.60337 0.281554 0.02482 0.0373735
4 0.67097 0.318482 0.01242 0.0192289
4 0.67478 0.270518 0.03572 0.0561687
4 0.63696 0.321554 0.023 0.031012
4 0.53425 0.212096 0.01838 0.00838554
4 0.62216 0.281855 0.04044 0.0520482
4 0.5904 0.299036 0.0324 0.0328675
4 0.54723 0.242614 0.01746 0.0284578
4 0.5385 0.292265 0.03028 0.0544096
4 0.55577 0.286133 0.04958 0.0682651
4 0.55689 0.239735 0.02146 0.0377831
8 0.34515 0.567795 0.0281 0.0290361
8 0.3248 0.579289 0.03916 0.031012
8 0.31523 0.548699 0.04642 0.0502651
8 0.27915 0.535711 0.03338 0.034747
8 0.3667 0.545434 0.02308 0.0412771
8 0.36335 0.594867 0.02186 0.0395181
8 0.37239 0.519458 0.01426 0.0169398
8 0.31299 0.517096 0.00894 0.0113012
8 0.40432 0.560096 0.0234 0.0351325
8 0.27008 0.565108 0.04208 0.025012
8 0.23955 0.56259 0.02514 0.0220482
8 0.66399 0.584169 0.01234 0.00949398
8 0.37854 0.583976 0.03788 0.0346024
8 0.68144 0.608012 0.01788 0.0187229
8 0.709 0.610663 0.01668 0.0108675
8 0.22665 0.569157 0.00538 0.0188434
8 0.31321 0.592108 0.03258 0.0238313
8 0.34162 0.514663 0.0296 0.0264337
8 0.33205 0.53353 0.03778 0.0420964
8 0.68666 0.597747 0.01852 0.0115422
8 0.70783 0.599542 0.01806 0.0151807
8 0.24555 0.566217 0.02146 0.0155663
8 0.36253 0.566663 0.0165 0.018241
8 0.29584 0.522157 0.03308 0.0236867
8 0.40603 0.520602 0.0227 0.0232771
8 0.6762 0.587952 0.0202 0.0129639
8 0.28706 0.559518 0.02012 0.0203855
8 0.29797 0.574663 0.01454 0.014
8 0.23469 0.546928 0.02062 0.0248434
8 0.72375 0.606602 0.01682 0.018988
8 0.39813 0.579578 0.0121 0.0304819
8 0.72105 0.617072 0.02022 0.0212771
8 0.34313 0.591518 0.03054 0.025253
