4 0.984336 0.6375 0.0272031 0.0362928
4 0.804852 0.657148 0.0341719 0.0449049
4 0.905281 0.634962 0.0441563 0.0590114
4 0.707383 0.637975 0.0270156 0.0256464
4 0.895781 0.657053 0.0366875 0.0653992
4 0.784766 0.684259 0.026375 0.0668061
4 0.847492 0.624753 0.0288594 0.05327
4 0.730352 0.641378 0.0209844 0.0377757
4 0.861602 0.663935 0.0359219 0.0657414
4 0.942266 0.623317 0.031375 0.0609696
4 0.923766 0.66346 0.02825 0.0376806
4 0.838937 0.654068 0.0367188 0.0664639
4 0.779492 0.657224 0.0321719 0.0637643
4 0.915234 0.616027 0.049125 0.0607605
4 0.803937 0.681207 0.0230312 0.0425665
4 0.750008 0.658042 0.00742187 0.0123194
4 0.946289 0.65711 0.0280156 0.030076
4 0.969086 0.654487 0.0283594 0.02327
4 0.962875 0.628565 0.0307187 0.0476236
4 0.772406 0.685133 0.01125 0.0303802
4 0.755922 0.653859 0.0319063 0.0646768
4 0.873891 0.626892 0.0300312 0.06827
7 0.545172 0.684848 0.0126562 0.0130798
7 0.232703 0.741939 0.0109687 0.0123194
7 0.0831563 0.818308 0.0139063 0.0159316
7 0.104828 0.837262 0.0164687 0.0182129
7 0.545984 0.639515 0.0105313 0.0190304
7 0.691594 0.744667 0.0146563 0.0169392
7 0.671922 0.640856 0.0084375 0.0102662
7 0.909008 0.774544 0.0170781 0.0230798
7 0.876117 0.771407 0.00842187 0.0110266
7 0.686594 0.723755 0.0120313 0.0148859
7 0.944141 0.727348 0.0175 0.0205133
7 0.543734 0.716027 0.00821875 0.0125475
7 0.142562 0.774743 0.00946875 0.00880228
7 0.200336 0.849582 0.0160469 0.0203422
7 0.271703 0.771283 0.0130625 0.013327
7 0.848547 0.74846 0.0200313 0.0251331
7 0.723531 0.686825 0.0155937 0.0138403
7 0.501797 0.699791 0.00990625 0.00923954
7 0.559844 0.701397 0.0139063 0.0135932
7 0.561523 0.712348 0.0137031 0.0146198
7 0.23382 0.811578 0.0154219 0.0161217
7 0.962195 0.670048 0.0139844 0.00986692
7 0.204062 0.744629 0.0109687 0.0135932
7 0.275391 0.858118 0.0190312 0.0152471
7 0.708508 0.712567 0.00548437 0.0102662
7 0.641039 0.631683 0.0135469 0.0129087
7 0.943477 0.677205 0.0173281 0.0155894
7 0.564555 0.652947 0.0111719 0.0171863
7 0.22518 0.79943 0.0189219 0.0201141
7 0.715578 0.728375 0.0118125 0.0148859
7 0.544594 0.732357 0.00653125 0.0138403
7 0.474492 0.660181 0.0128594 0.0156464
7 0.498727 0.742129 0.00870313 0.0134981
7 0.0856875 0.83962 0.0102188 0.0147909
7 0.146992 0.786283 0.0160156 0.0187262
7 0.619297 0.666692 0.0136562 0.016616
7 0.908062 0.722567 0.0200313 0.0230798
7 0.510344 0.707861 0.0118125 0.0157605
7 0.89575 0.737747 0.0158125 0.0194867
7 0.356523 0.776721 0.00864063 0.0123004
7 0.470937 0.705494 0.00653125 0.0121673
7 0.844297 0.789667 0.011375 0.016673
7 0.507039 0.664544 0.0122344 0.0152091
7 0.50618 0.720808 0.0118281 0.0143916
7 0.19943 0.81961 0.0196094 0.0212738
7 0.292914 0.760817 0.00845313 0.0102662
7 0.495977 0.669487 0.0122344 0.0153992
7 0.685703 0.658973 0.0145937 0.0213688
7 0.340516 0.803241 0.0111562 0.0120342
7 0.29982 0.784183 0.0103281 0.0182129
7 0.594961 0.788203 0.0120156 0.0112738
7 0.693547 0.677871 0.0126562 0.0151331
7 0.891227 0.728907 0.0175781 0.0200951
7 0.644516 0.616854 0.0105938 0.0125665
7 0.58757 0.704144 0.0123906 0.0186692
7 0.592992 0.737006 0.0117031 0.0120342
7 0.465344 0.778013 0.013625 0.015038
7 0.491438 0.722975 0.0132188 0.0175856
7 0.245633 0.797842 0.0150156 0.0174715
7 0.677109 0.7075 0.0129062 0.0186502
7 0.704445 0.722053 0.0130781 0.0171863
7 0.809422 0.749715 0.0166563 0.0197719
7 0.623352 0.646217 0.0119531 0.0132319
7 0.191523 0.83731 0.0185469 0.0192205
7 0.987937 0.662928 0.0181562 0.0198099
7 0.604641 0.777234 0.0096875 0.0147719
7 0.279867 0.750513 0.0105469 0.0123194
7 0.516352 0.746768 0.0139219 0.0195817
7 0.122266 0.855913 0.0189375 0.0261977
7 0.990977 0.709487 0.0180469 0.0251331
7 0.176719 0.81423 0.0130625 0.0202471
7 0.59582 0.651968 0.0128594 0.0156464
7 0.264531 0.808973 0.0111875 0.0138403
7 0.248563 0.78846 0.014125 0.0138403
7 0.708258 0.745048 0.0117031 0.0125665
7 0.568844 0.783888 0.0149375 0.0140114
7 0.664094 0.621844 0.0116875 0.0106464
7 0.182422 0.783945 0.0130625 0.0103232
7 0.857102 0.779829 0.00626562 0.0112548
7 0.669398 0.746854 0.0128281 0.0120342
7 0.68057 0.67731 0.0128594 0.0156464
7 0.586508 0.677947 0.0124531 0.0154373
7 0.281242 0.782053 0.0120156 0.0138403
7 0.516781 0.689316 0.0095 0.0117871
7 0.637742 0.660589 0.0122031 0.0136882
7 0.685195 0.759848 0.0141719 0.0155894
7 0.706937 0.67403 0.01025 0.0136502
7 0.2345 0.787224 0.0154375 0.0177567
7 0.296367 0.739125 0.00960937 0.0125095
7 0.967414 0.70308 0.0210781 0.0241065
7 0.625836 0.736549 0.0137031 0.0151901
7 0.302344 0.764202 0.012625 0.0146388
7 0.571984 0.65039 0.00759375 0.0115399
7 0.32582 0.728356 0.0124531 0.0176996
7 0.155797 0.801027 0.0158125 0.0179468
7 0.549562 0.786683 0.0168125 0.0162548
7 0.862625 0.728042 0.0155937 0.0164259
7 0.47682 0.759249 0.0138594 0.0151141
7 0.606453 0.739211 0.0169687 0.0189544
7 0.731141 0.706939 0.015125 0.0154373
7 0.978836 0.724943 0.0217656 0.0218251
7 0.103219 0.800466 0.0119688 0.0172053
7 0.321086 0.763317 0.0109531 0.0126806
7 0.594352 0.667871 0.0117969 0.0156274
7 0.524547 0.79385 0.0135 0.0143536
7 0.487383 0.773042 0.0129219 0.0127376
7 0.895938 0.706797 0.0194062 0.0259125
7 0.539219 0.710513 0.00590625 0.0110266
7 0.576586 0.735637 0.0199844 0.0194487
7 0.570836 0.675713 0.0139219 0.0134791
7 0.235109 0.850998 0.0179687 0.0218441
7 0.530938 0.721958 0.0174063 0.0185171
7 0.576461 0.710114 0.0130469 0.018251
7 0.592797 0.680779 0.00590625 0.0130798
7 0.308352 0.737015 0.0137031 0.0138403
7 0.505523 0.639106 0.00948437 0.0130798
7 0.988016 0.68154 0.019375 0.0219772
7 0.255422 0.80674 0.0117813 0.0205133
7 0.219992 0.75731 0.0117969 0.0135932
7 0.349477 0.82634 0.00967187 0.0115399
7 0.897695 0.808194 0.00985938 0.0174144
7 0.732391 0.750989 0.0156875 0.0160076
7 0.62893 0.690333 0.0157656 0.018308
7 0.626609 0.775817 0.0122188 0.0161597
7 0.755133 0.701625 0.0171406 0.0148859
7 0.650836 0.646027 0.0120156 0.0146008
7 0.910797 0.752567 0.020875 0.0261597
7 0.228508 0.732823 0.0130781 0.0107414
7 0.545352 0.655722 0.0162031 0.0125856
7 0.670867 0.617044 0.00695313 0.0105133
7 0.62907 0.708337 0.0113906 0.0146198
7 0.521375 0.773517 0.0155937 0.0202662
7 0.336422 0.81347 0.00990625 0.0125665
7 0.455094 0.682614 0.010125 0.00975285
7 0.861883 0.79384 0.0170781 0.0210266
7 0.859883 0.744487 0.0172969 0.0217871
7 0.69993 0.769658 0.0117344 0.0161597
7 0.573742 0.631131 0.0128281 0.021692
7 0.820797 0.758432 0.0175625 0.0213498
7 0.935945 0.715105 0.0129531 0.020019
7 0.906711 0.79307 0.0141406 0.0176996
7 0.516641 0.72731 0.0126562 0.0146198
7 0.178305 0.836958 0.0141094 0.0257414
7 0.65643 0.696797 0.0115156 0.014924
7 0.552859 0.62673 0.0135625 0.0176806
7 0.509062 0.780475 0.010125 0.0148669
7 0.12068 0.788004 0.0107969 0.0123574
7 0.938758 0.762167 0.0152344 0.0264639
7 0.552438 0.724544 0.0114687 0.0177947
7 0.603406 0.692937 0.0153125 0.0169772
7 0.57657 0.792186 0.0156719 0.0155513
7 0.701594 0.706217 0.0128438 0.0169202
7 0.921414 0.686721 0.0185781 0.0220722
7 0.894055 0.768356 0.0146719 0.0195247
7 0.104219 0.855827 0.0175313 0.0236692
7 0.920625 0.740846 0.0184062 0.0259125
7 0.241469 0.736255 0.0126562 0.0106084
7 0.469414 0.671416 0.0113906 0.0156464
7 0.940656 0.826521 0.013625 0.0186312
7 0.289484 0.722785 0.0130625 0.0129087
7 0.48193 0.695466 0.0137969 0.0123004
7 0.648203 0.661692 0.0160625 0.0151331
7 0.171414 0.803698 0.0169219 0.0196388
7 0.719352 0.675428 0.0139219 0.013289
7 0.681414 0.634487 0.0120156 0.00642586
7 0.727398 0.662605 0.0105469 0.00897338
7 0.481438 0.764791 0.0145 0.0178707
7 0.910016 0.826017 0.0121875 0.0224905
7 0.338992 0.776759 0.0105781 0.0119582
7 0.880859 0.823013 0.0150625 0.0225665
7 0.0777891 0.806416 0.0170781 0.0246198
7 0.881406 0.79403 0.0126562 0.0184791
7 0.498625 0.774772 0.0134062 0.0139924
7 0.673047 0.666711 0.02025 0.0156654
7 0.917039 0.812234 0.0164531 0.023327
7 0.649203 0.706264 0.0127812 0.0140114
7 0.48143 0.638327 0.0113906 0.0151331
7 0.62575 0.630181 0.0113437 0.0154943
7 0.506445 0.763489 0.00926562 0.0130608
7 0.354406 0.766283 0.00821875 0.0105133
7 0.616469 0.632177 0.014125 0.0156464
7 0.353062 0.742899 0.00803125 0.0123764
7 0.250211 0.743679 0.0128594 0.0118061
7 0.935852 0.785789 0.0179531 0.0276616
7 0.305078 0.848413 0.0165937 0.0180798
7 0.610844 0.794344 0.00990625 0.00811787
7 0.477594 0.735219 0.0125 0.010019
7 0.765766 0.702747 0.0118125 0.0156464
7 0.324766 0.783859 0.0103438 0.0126236
7 0.5575 0.773384 0.010125 0.021749
7 0.523844 0.736483 0.0107813 0.0111787
7 0.662758 0.719068 0.0121406 0.0123194
7 0.597781 0.760951 0.0170937 0.018327
7 0.267766 0.84538 0.0195625 0.0255133
7 0.153266 0.826816 0.01 0.015076
7 0.717094 0.763954 0.0145 0.0155894
7 0.266555 0.785133 0.00629688 0.016692
7 0.649367 0.72269 0.0162344 0.0151141
7 0.109195 0.78 0.0145469 0.0107605
7 0.285031 0.738203 0.00990625 0.0107795
7 0.614992 0.691844 0.0111094 0.0120913
7 0.561312 0.756616 0.0141563 0.0156274
7 0.948719 0.690884 0.012375 0.0145057
7 0.533406 0.641768 0.00715625 0.00988593
7 0.257102 0.862433 0.0189844 0.0182129
7 0.535266 0.659316 0.0135 0.0126616
7 0.211766 0.771217 0.0041875 0.00927757
7 0.455531 0.720903 0.003375 0.006673
7 0.652422 0.771283 0.00484375 0.00614068
7 0.581586 0.772101 0.0126094 0.0223004
7 0.112203 0.815922 0.0180625 0.0202471
7 0.534062 0.621778 0.0112812 0.0137452
7 0.156094 0.814354 0.0154375 0.0121673
7 0.14 0.848241 0.0182812 0.0224905
7 0.0969375 0.794648 0.0100625 0.0125665
7 0.494555 0.641692 0.0111719 0.00821293
7 0.484055 0.670798 0.0117656 0.0138023
7 0.905305 0.696198 0.0138906 0.016654
7 0.255102 0.829601 0.0227031 0.0263118
7 0.292016 0.833346 0.0177187 0.0220532
7 0.553117 0.736445 0.0141406 0.0184791
7 0.572242 0.62193 0.0137031 0.0135932
7 0.543055 0.76115 0.0152969 0.0202471
7 0.736883 0.668669 0.0111719 0.0158935
7 0.703016 0.656692 0.0109687 0.0192395
7 0.162594 0.854544 0.0205313 0.0271863
7 0.524883 0.637224 0.0126094 0.0145247
7 0.489133 0.749867 0.0120156 0.0141065
7 0.639766 0.74962 0.0109687 0.0151331
7 0.760266 0.68039 0.00821875 0.00640684
7 0.617578 0.778203 0.010125 0.0138593
7 0.318797 0.79769 0.0089375 0.0127947
7 0.287477 0.757852 0.0107656 0.0125095
7 0.641305 0.685779 0.0104844 0.00988593
7 0.194391 0.787329 0.0122188 0.0146198
7 0.351477 0.755646 0.0137031 0.0115589
7 0.745219 0.697662 0.0120313 0.0182129
7 0.660062 0.744078 0.014625 0.0134411
7 0.602789 0.723612 0.0143594 0.0150951
7 0.252211 0.754772 0.00901562 0.011673
7 0.213578 0.808251 0.0078125 0.0169202
7 0.649805 0.638241 0.0154844 0.0139734
7 0.591039 0.641274 0.0114219 0.0132319
7 0.362352 0.760209 0.0107656 0.0126236
7 0.454758 0.744344 0.00842187 0.00922053
7 0.702117 0.643698 0.00457813 0.00819392
7 0.332852 0.758973 0.00970312 0.0107605
7 0.201391 0.783213 0.010125 0.0110266
7 0.65068 0.762433 0.0103281 0.0130798
7 0.880125 0.709354 0.0164375 0.0130798
7 0.221625 0.726882 0.00996875 0.0138403
7 0.562164 0.794762 0.0148594 0.0120342
7 0.473844 0.716578 0.009625 0.0112167
7 0.612383 0.715789 0.0156719 0.0174715
7 0.467047 0.75077 0.0139063 0.0148859
7 0.737516 0.72347 0.0118125 0.0174335
7 0.448477 0.756654 0.0109844 0.0174525
7 0.610898 0.774068 0.00729687 0.0154373
7 0.84875 0.766977 0.01425 0.0177947
7 0.126922 0.810694 0.0135 0.016673
7 0.555227 0.67231 0.0122344 0.0138593
7 0.548586 0.772567 0.0153906 0.0148669
7 0.71482 0.663707 0.0171094 0.0147529
7 0.52718 0.688584 0.0126406 0.0135932
0 0.872477 0.299905 0.0216719 0.0263498
0 0.615414 0.524078 0.0470781 0.0508175
0 0.796633 0.391017 0.0375156 0.0405133
0 0.594406 0.488916 0.0369063 0.0468061
0 0.637383 0.481264 0.0480781 0.0546958
0 0.835219 0.38846 0.035 0.0410266
0 0.900039 0.421768 0.0393594 0.0394297
0 0.872883 0.388954 0.0360469 0.0402281
0 0.911445 0.502367 0.0280469 0.0275856
0 0.493766 0.384335 0.0383437 0.0380228
0 0.791859 0.508042 0.0383125 0.0402281
0 0.521156 0.326454 0.0244688 0.0297529
0 0.764555 0.473365 0.0382656 0.0474144
0 0.768648 0.409591 0.0143281 0.0125665
0 0.651664 0.43558 0.0358906 0.0423384
0 0.557391 0.496407 0.035625 0.0451331
0 0.526234 0.443717 0.0445 0.0546198
0 0.783141 0.438565 0.0334375 0.0410076
0 0.723945 0.46692 0.0168594 0.0287072
0 0.609539 0.437833 0.0313281 0.0362357
0 0.800953 0.283536 0.0330937 0.0378327
0 0.820664 0.43153 0.0354219 0.0405513
0 0.588156 0.395437 0.0370937 0.0431939
0 0.846914 0.47038 0.0314219 0.0392395
0 0.681406 0.474106 0.0474375 0.0548669
0 0.553008 0.331027 0.0181406 0.0153992
0 0.80475 0.471797 0.03775 0.0405133
0 0.699203 0.520589 0.0375625 0.0409125
0 0.6215 0.342975 0.0213125 0.0275095
0 0.529516 0.38403 0.0217188 0.0307605
0 0.819664 0.323764 0.0365469 0.0345627
0 0.857531 0.425817 0.0347812 0.0428137
0 0.54943 0.352557 0.0314219 0.0394867
0 0.827734 0.250257 0.0330937 0.0420342
0 0.949656 0.497177 0.0332188 0.0405133
0 0.570414 0.530837 0.0367344 0.0429278
0 0.737313 0.32423 0.0265937 0.0418061
0 0.543836 0.409743 0.0339531 0.0430608
0 0.756461 0.363717 0.0362656 0.0381939
0 0.83143 0.507319 0.0295781 0.0328137
0 0.83707 0.354068 0.0338906 0.0319011
0 0.730508 0.281587 0.0152344 0.0354563
0 0.923031 0.45693 0.0360625 0.0374335
0 0.752883 0.516008 0.0351094 0.0368821
0 0.796781 0.36153 0.0331875 0.026635
0 0.511477 0.354401 0.0383906 0.0472814
0 0.845594 0.286873 0.0349062 0.0410076
0 0.735281 0.489287 0.0127812 0.0172053
0 0.781164 0.325627 0.0330469 0.0406084
0 0.648625 0.347947 0.030375 0.0230798
0 0.750164 0.434002 0.0204531 0.0151901
0 0.869633 0.509097 0.0320469 0.0223004
0 0.531008 0.530941 0.0437344 0.0526046
0 0.883109 0.466283 0.0395625 0.0479658
0 0.483258 0.538356 0.0451406 0.0423384
0 0.506758 0.489373 0.0391719 0.0422814
0 0.569531 0.449515 0.0351562 0.0393346
0 0.88182 0.358308 0.0377031 0.0320152
0 0.718313 0.362738 0.0270937 0.0272624
0 0.6325 0.390124 0.0482812 0.056673
0 0.865367 0.324202 0.0308281 0.0356274
0 0.183383 0.504373 0.0420781 0.073346
0 0.71407 0.30711 0.0263594 0.0351331
0 0.676398 0.376074 0.0318281 0.0325665
0 0.892094 0.331378 0.0174063 0.0215019
0 0.768492 0.252529 0.0412656 0.0445247
0 0.76082 0.290133 0.0405156 0.0423574
0 0.583281 0.345951 0.0194062 0.0305323
