24 0.3476 0.831148 0.0801412 0.0366406
24 0.639729 0.8545 0.0724941 0.0301563
24 0.494776 0.816023 0.0844706 0.0370781
24 0.572706 0.824281 0.0741176 0.0464062
24 0.642212 0.829625 0.0802353 0.03875
24 0.415071 0.808594 0.0826118 0.04025
24 0.471871 0.84332 0.0906588 0.0435156
24 0.570612 0.853211 0.0793412 0.0354531
24 0.331541 0.80875 0.0674118 0.0513125
24 0.406635 0.83182 0.0773176 0.0436406
23 0.5396 0.803328 0.0442353 0.0276875
23 0.464588 0.795422 0.0345882 0.0220625
23 0.411894 0.845391 0.0351294 0.02
23 0.374482 0.791078 0.0428471 0.024625
23 0.528447 0.844672 0.0398588 0.024875
23 0.299459 0.826727 0.0394353 0.0258594
23 0.614471 0.807594 0.0412235 0.0245312
