4 0.301906 0.631557 0.0192187 0.0118267
4 0.705398 0.56377 0.00870313 0.0272131
4 0.522461 0.490445 0.0104219 0.0140984
4 0.191695 0.331932 0.0239219 0.0202576
4 0.472375 0.388466 0.00546875 0.00358314
4 0.940477 0.280574 0.0192969 0.0229742
4 0.576023 0.454297 0.0313906 0.0251756
4 0.605367 0.347389 0.0179531 0.0195082
4 0.744695 0.369953 0.0160781 0.0577518
4 0.716492 0.371909 0.0218906 0.046815
4 0.967336 0.276546 0.0111094 0.0315457
4 0.18882 0.558103 0.0206406 0.0102108
4 0.252102 0.409625 0.0112656 0.0182201
4 0.636367 0.363033 0.00929687 0.00466042
4 0.0750625 0.332646 0.013125 0.00847775
4 0.516563 0.528009 0.00859375 0.0248244
4 0.424422 0.333478 0.0179375 0.0150117
4 0.646672 0.410012 0.0080625 0.0047541
4 0.557844 0.393888 0.014875 0.0387354
4 0.156141 0.360902 0.00684375 0.0176815
4 0.0390547 0.328665 0.0140156 0.0271663
4 0.706414 0.520176 0.0295781 0.0484543
4 0.741094 0.353595 0.01025 0.0446136
4 0.188273 0.370468 0.00510938 0.0157377
4 0.453297 0.328981 0.0145 0.0118735
4 0.196266 0.392787 0.0148125 0.0226698
4 0.780375 0.593513 0.0159375 0.0256206
4 0.339422 0.667225 0.0207188 0.00957845
4 0.915531 0.937705 0.02675 0.0375176
4 0.33768 0.66089 0.0230781 0.0166745
4 0.577844 0.47411 0.0261562 0.0364169
4 0.748133 0.526792 0.0321406 0.0415457
4 0.78025 0.451979 0.0345312 0.0474239
4 0.880633 0.441534 0.0133281 0.00770492
4 0.633227 0.35582 0.0182969 0.00742389
4 0.184992 0.308478 0.0135156 0.0241218
4 0.440031 0.387459 0.0044375 0.00484778
4 0.733539 0.602693 0.0148906 0.0297892
4 0.405023 0.387178 0.0140156 0.00512881
4 0.267695 0.630293 0.0223594 0.0110773
4 0.104078 0.531136 0.0162188 0.0211475
4 0.459195 0.269824 0.0163906 0.00882904
4 0.768945 0.542588 0.0181719 0.0433958
4 0.566758 0.447998 0.0147031 0.0148712
4 0.266734 0.330398 0.0137813 0.0332084
4 0.11625 0.397881 0.00846875 0.00953162
4 0.0393437 0.319227 0.00615625 0.0189696
4 0.164703 0.320316 0.0126562 0.0240984
4 0.570969 0.514614 0.0299063 0.0220609
4 0.531352 0.535539 0.0229219 0.0300937
4 0.0554063 0.356745 0.009375 0.0187354
4 0.532141 0.373536 0.00803125 0.0140047
4 0.117578 0.795293 0.03175 0.0164403
4 0.724 0.485059 0.0149687 0.036534
4 0.258094 0.369438 0.009875 0.0171897
4 0.492016 0.270141 0.0079375 0.0109133
4 0.776828 0.445105 0.0319688 0.0496019
4 0.510906 0.269567 0.00409375 0.00948478
4 0.536195 0.379239 0.00945312 0.0318267
4 0.167258 0.373852 0.00598438 0.0230679
4 0.0743438 0.323595 0.0124688 0.0122951
4 0.164977 0.41719 0.0116406 0.0158782
4 0.177539 0.420187 0.00785938 0.0179391
4 0.753766 0.55692 0.0145937 0.0372131
4 0.180266 0.471546 0.01025 0.02
4 0.771773 0.423794 0.0216719 0.0673536
4 0.551664 0.477553 0.0131719 0.0387119
4 0.731141 0.365902 0.0124063 0.0645902
4 0.806391 0.42308 0.0109375 0.0261593
4 0.134219 0.538173 0.021625 0.00903981
4 0.456852 0.334696 0.0153906 0.0185246
4 0.562016 0.433466 0.0134375 0.0132084
4 0.175969 0.373548 0.00684375 0.0310304
4 0.105328 0.527319 0.00975 0.01
4 0.450328 0.262447 0.0025625 0.01
4 0.703359 0.480621 0.011875 0.0374005
4 0.792227 0.534731 0.0140469 0.0403747
4 0.80207 0.465574 0.0186094 0.0377518
4 0.633172 0.410105 0.0200625 0.00629977
4 0.570078 0.360468 0.0174687 0.0329742
4 0.504797 0.3424 0.0043125 0.0121077
4 0.600609 0.356862 0.00784375 0.0120375
4 0.263062 0.419742 0.0141875 0.0112881
4 0.784602 0.477553 0.0222656 0.0322951
4 0.288445 0.335386 0.00854687 0.0102576
4 0.502555 0.266768 0.0152969 0.0146136
4 0.743484 0.553958 0.0134375 0.0390164
4 0.528312 0.408185 0.0154375 0.0173536
4 0.768359 0.610398 0.0360938 0.0213583
4 0.707164 0.385644 0.0292344 0.0507728
4 0.676305 0.366815 0.0263281 0.0076815
4 0.839383 0.367482 0.0232031 0.0103747
4 0.759633 0.376745 0.0256719 0.0792506
4 0.48 0.339742 0.0114375 0.0143794
4 0.0347344 0.368068 0.00940625 0.0207728
4 0.524648 0.470644 0.00889063 0.0218033
4 0.0812969 0.52541 0.014375 0.00903981
4 0.732133 0.516745 0.0159531 0.0464637
4 0.573422 0.397974 0.0335 0.0328103
4 0.537195 0.481874 0.0172031 0.0358782
4 0.0422422 0.499461 0.0136719 0.00716628
4 0.865445 0.433255 0.0114531 0.0100234
4 0.455453 0.331792 0.01675 0.0153864
4 0.795914 0.546124 0.0153281 0.0374941
4 0.119602 0.377049 0.00495313 0.0135831
4 0.501359 0.264227 0.00940625 0.00845433
4 0.305188 0.322213 0.00503125 0.0164169
4 0.251688 0.329637 0.011625 0.0283138
4 0.745859 0.491007 0.024 0.0521311
4 0.11575 0.531546 0.008375 0.0194848
4 0.794695 0.501803 0.0209219 0.0262763
4 0.726398 0.410492 0.00992188 0.03274
4 0.720172 0.6 0.0209375 0.0390164
4 0.863195 0.385328 0.0242344 0.0117799
4 0.70507 0.592237 0.0295781 0.051733
4 0.197391 0.371511 0.0063125 0.0120609
4 0.244609 0.371159 0.00871875 0.0120609
4 0.0547578 0.344098 0.00585938 0.0177518
4 0.482234 0.383454 0.00615625 0.00512881
4 0.277164 0.381253 0.0136719 0.0142155
4 0.534594 0.424145 0.0264375 0.018829
4 0.476992 0.340714 0.00970312 0.0148712
4 0.671797 0.417541 0.0117813 0.00918033
4 0.956313 0.276276 0.0159063 0.0233255
4 0.682937 0.417424 0.0070625 0.00613583
4 0.454648 0.385913 0.0138906 0.00728337
4 0.861797 0.441557 0.0125 0.00625293
4 0.0687188 0.381405 0.00221875 0.00590164
4 0.646766 0.404625 0.0217188 0.00522248
4 0.743055 0.699333 0.0262344 0.0359953
4 0.433055 0.403173 0.00376563 0.00461358
