4 0.0905469 0.304933 0.0184375 0.0274531
4 0.788773 0.93181 0.0160156 0.0405094
4 0.321836 0.166126 0.0179531 0.0535389
4 0.80507 0.87693 0.0134531 0.0205094
4 0.79318 0.338445 0.0110781 0.0190349
4 0.774687 0.294987 0.0111875 0.023378
4 0.762602 0.395764 0.00917187 0.0173727
4 0.411594 0.450362 0.0134375 0.020563
4 0.846711 0.190067 0.00826563 0.020563
4 0.745297 0.433512 0.00765625 0.0237534
4 0.467547 0.680483 0.0130938 0.026756
4 0.0811016 0.625429 0.0132344 0.0131099
4 0.967039 0.946408 0.0398594 0.0372118
4 0.490336 0.339584 0.0103906 0.0480697
4 0.0696016 0.363485 0.0172969 0.0163539
4 0.851055 0.399155 0.00864063 0.0214745
4 0.821766 0.258861 0.00765625 0.0361662
4 0.343445 0.409906 0.0138281 0.0206166
4 0.317742 0.269397 0.0175781 0.0649062
4 0.490281 0.421287 0.0151562 0.0119571
4 0.780242 0.383686 0.0105469 0.0212601
4 0.0237344 0.851247 0.0119688 0.0368097
4 0.640328 0.952198 0.00778125 0.0302413
4 0.374266 0.428204 0.022125 0.018445
4 0.705602 0.784129 0.0108906 0.0306702
4 0.375633 0.648324 0.0115469 0.0184718
4 0.736164 0.410818 0.0105469 0.0244772
4 0.707844 0.944424 0.0970938 0.111153
4 0.48707 0.446756 0.00814063 0.0257909
4 0.234016 0.148311 0.0122813 0.040429
4 0.123992 0.331743 0.00889063 0.011689
4 0.862844 0.670214 0.01075 0.018445
4 0.0511094 0.196984 0.01075 0.0464611
4 0.0846016 0.756206 0.0152969 0.0294102
4 0.11368 0.293847 0.0122656 0.0143432
4 0.400125 0.410268 0.0272188 0.0164075
4 0.877891 0.284866 0.00565625 0.0220107
4 0.311359 0.16929 0.0119688 0.0530027
4 0.366383 0.209357 0.00839063 0.0411796
4 0.130375 0.315067 0.0076875 0.0138338
4 0.870758 0.930858 0.0149531 0.0605362
4 0.692156 0.972024 0.01125 0.0227614
4 0.850125 0.318123 0.01 0.0197319
4 0.0768828 0.397386 0.00939062 0.0173995
4 0.381039 0.212105 0.00879687 0.0415818
4 0.44832 0.39122 0.00735937 0.0148794
4 0.355359 0.701059 0.0134375 0.0134853
4 0.535336 0.355496 0.00910937 0.0166756
4 0.0970078 0.718794 0.0194219 0.0269705
4 0.394617 0.635496 0.0149531 0.0246113
4 0.382836 0.296153 0.00810938 0.0541823
4 0.802977 0.407386 0.00814063 0.0243164
4 0.82182 0.340845 0.00960937 0.0217962
4 0.780977 0.878391 0.0177344 0.0484718
4 0.0581172 0.159933 0.00592188 0.0247453
4 0.107141 0.713298 0.00909375 0.0258981
4 0.466703 0.792051 0.00853125 0.0154692
4 0.0898203 0.396635 0.00867187 0.0159517
4 0.0648594 0.18618 0.0121875 0.0297855
4 0.812094 0.703539 0.00921875 0.0245576
4 0.318664 0.173686 0.0101719 0.0548794
4 0.430391 0.678525 0.0118125 0.0157641
4 0.0463516 0.128727 0.0166406 0.0317694
4 0.0526641 0.163298 0.00517188 0.0252011
4 0.362797 0.643257 0.0155 0.0177212
4 0.237937 0.312922 0.00896875 0.0564075
4 0.767977 0.859142 0.0142344 0.0284182
4 0.369453 0.655952 0.0165313 0.0194638
4 0.814891 0.687748 0.0081875 0.0169437
4 0.370445 0.165777 0.00889063 0.0280161
4 0.419242 0.723043 0.00642188 0.0134853
4 0.474656 0.72819 0.00846875 0.00742627
4 0.700125 0.890067 0.0264688 0.0241019
4 0.330961 0.378727 0.0179844 0.0170241
4 0.776977 0.800282 0.00673437 0.0397587
4 0.429289 0.733097 0.00907812 0.0109651
4 0.703086 0.838056 0.0120781 0.0220643
4 0.776023 0.369276 0.00760937 0.0153351
4 0.85925 0.255885 0.009375 0.0172386
4 0.343875 0.714075 0.0110312 0.0167292
4 0.234203 0.186408 0.0146875 0.0358177
4 0.865828 0.982239 0.0129375 0.0255496
4 0.0792891 0.849062 0.0120156 0.0389276
4 0.0615469 0.398405 0.0080625 0.0124129
4 0.37682 0.388566 0.00689063 0.0158981
4 0.497625 0.230536 0.0039375 0.0216086
4 0.69518 0.956649 0.0158906 0.0300804
4 0.378516 0.112587 0.006 0.00887399
4 0.858984 0.421863 0.0102188 0.0162198
4 0.959734 0.877158 0.0271875 0.0280429
4 0.743437 0.348405 0.00765625 0.0216354
4 0.377695 0.699491 0.00926562 0.0133512
4 0.417859 0.433378 0.0128438 0.0255764
4 0.892477 0.965027 0.0287969 0.0303217
4 0.484742 0.646153 0.00557812 0.0120375
4 0.811664 0.30307 0.0107969 0.0272118
4 0.05075 0.227386 0.00578125 0.0162198
4 0.814797 0.676005 0.00971875 0.030563
4 0.0440859 0.275724 0.00854687 0.049571
4 0.422836 0.639839 0.00914062 0.0160322
4 0.494867 0.449048 0.00629688 0.00689008
4 0.781914 0.293164 0.0110781 0.018445
4 0.757047 0.778968 0.00828125 0.0400804
4 0.651945 0.922694 0.0115781 0.0404021
4 0.359281 0.262426 0.0080625 0.0426005
4 0.433758 0.78563 0.00604688 0.0157641
4 0.377102 0.304357 0.00867187 0.0692493
4 0.760391 0.448405 0.00846875 0.0173995
4 0.483547 0.221273 0.009875 0.0241019
4 0.333266 0.424611 0.0075625 0.022252
4 0.441156 0.417909 0.0184062 0.0365147
4 0.0786719 0.602386 0.013875 0.0178552
4 0.245977 0.232279 0.0175781 0.0468097
4 0.0759688 0.704182 0.0100313 0.0357105
4 0.821883 0.246877 0.0172969 0.0139142
4 0.325797 0.0847855 0.0124375 0.039866
4 0.114281 0.820818 0.0130312 0.0237802
4 0.0783047 0.73819 0.0175781 0.0230295
4 0.114539 0.32433 0.0124844 0.013378
4 0.797016 0.649906 0.015875 0.0354692
4 0.0617734 0.230054 0.0134219 0.0409115
4 0.129266 0.873579 0.0128125 0.0237802
4 0.330813 0.312319 0.009125 0.0406166
4 0.464969 0.451166 0.0085 0.0140751
4 0.412531 0.281032 0.00478125 0.0133244
4 0.424 0.335818 0.0155 0.0127614
4 0.840867 0.454638 0.0106094 0.0247721
4 0.374297 0.0829223 0.00540625 0.0120107
4 0.773141 0.354638 0.01025 0.0193566
4 0.811156 0.746635 0.00909375 0.0336997
4 0.400102 0.667131 0.00848437 0.0205898
4 0.956828 0.802721 0.0277813 0.0226542
4 0.445789 0.273552 0.00929687 0.0123056
4 0.401813 0.63492 0.0159375 0.0246917
4 0.0884297 0.649638 0.00929687 0.0106434
4 0.758891 0.334946 0.00834375 0.0159517
4 0.4865 0.277828 0.0071875 0.009437
4 0.854375 0.379088 0.017375 0.0219839
4 0.0676719 0.622681 0.01825 0.0106702
4 0.354844 0.429531 0.009875 0.0338606
4 0.450758 0.712976 0.00710937 0.0130295
4 0.837922 0.833686 0.0150937 0.0489276
4 0.489047 0.403499 0.00878125 0.0206702
4 0.96657 0.933405 0.0346094 0.0307775
4 0.631688 0.955147 0.0165313 0.0507239
4 0.801633 0.966729 0.0141094 0.0182306
4 0.125617 0.355322 0.0128594 0.0192761
4 0.446172 0.603753 0.00971875 0.00938338
4 0.371211 0.323606 0.00601563 0.0269437
4 0.864336 0.168606 0.0177969 0.0242359
4 0.648312 0.991139 0.011 0.0177212
4 0.376477 0.613432 0.00779687 0.0238606
4 0.851039 0.840389 0.0152344 0.0483914
4 0.374875 0.358257 0.0105625 0.0248257
4 0.804234 0.387172 0.008375 0.0194906
4 0.374797 0.211555 0.008 0.0497051
4 0.747383 0.29563 0.00976562 0.0298123
4 0.0920625 0.809169 0.0220938 0.00713137
4 0.824633 0.811247 0.0132656 0.0551475
4 0.434828 0.627292 0.009875 0.0164075
4 0.477844 0.349651 0.0076875 0.0212869
4 0.357625 0.106917 0.00309375 0.00530831
4 0.234117 0.284946 0.00945312 0.0108043
4 0.0588672 0.311354 0.00557812 0.0241019
4 0.13582 0.297279 0.00926562 0.00871314
4 0.367273 0.695697 0.0106094 0.0137534
4 0.430781 0.639169 0.00471875 0.0116354
4 0.430492 0.411903 0.0251094 0.0389812
4 0.112563 0.803566 0.0125312 0.0120643
4 0.251945 0.211005 0.00679687 0.0228686
4 0.0793906 0.665362 0.015125 0.0115282
4 0.0489609 0.419625 0.00854687 0.00868633
4 0.948531 0.867668 0.018375 0.0418767
4 0.409523 0.601769 0.0109531 0.0319035
4 0.853148 0.286099 0.00779687 0.0206166
4 0.0760234 0.349826 0.0113594 0.0187936
4 0.236187 0.350362 0.00515625 0.0119839
4 0.397898 0.598311 0.00717187 0.0179625
4 0.695164 0.803901 0.0119844 0.0439946
4 0.378016 0.176756 0.0081875 0.0270241
4 0.0866719 0.913834 0.0147813 0.0180697
4 0.117102 0.932051 0.00882813 0.0121984
