6 0.3144 0.71705 0.03232 0.03514
6 0.49144 0.57183 0.01628 0.01666
6 0.33372 0.60158 0.01692 0.02052
6 0.4709 0.70916 0.03512 0.03
6 0.38821 0.63338 0.0177 0.02
6 0.26807 0.72498 0.03642 0.03488
6 0.40318 0.61872 0.00872 0.01128
6 0.47317 0.51836 0.02014 0.01852
6 0.37417 0.60121 0.02078 0.01666
6 0.35747 0.61907 0.01978 0.01894
6 0.31105 0.61713 0.03374 0.02578
6 0.49382 0.68397 0.01308 0.0259
6 0.46137 0.54218 0.02614 0.02448
6 0.49333 0.54082 0.00846 0.01024
6 0.33271 0.66458 0.02282 0.02016
6 0.43848 0.71493 0.03384 0.03026
6 0.42837 0.63147 0.0229 0.02606
6 0.48998 0.55115 0.01692 0.02334
6 0.42434 0.66067 0.03128 0.02954
6 0.40926 0.7095 0.0312 0.02764
6 0.43539 0.68678 0.03366 0.02764
6 0.48664 0.65779 0.0264 0.02794
6 0.45306 0.63169 0.03564 0.02762
6 0.28613 0.64819 0.02906 0.02734
6 0.48908 0.59898 0.01692 0.01948
6 0.37359 0.65493 0.0177 0.01898
6 0.28101 0.7087 0.0273 0.03036
6 0.45961 0.56281 0.02682 0.02106
6 0.47034 0.68207 0.03472 0.02646
6 0.37067 0.58398 0.01982 0.01916
6 0.44833 0.60859 0.03258 0.02742
6 0.31552 0.64025 0.02436 0.0249
6 0.34002 0.68388 0.02248 0.0208
6 0.49363 0.58975 0.01302 0.01114
6 0.46556 0.7359 0.03332 0.02768
6 0.38984 0.72944 0.03488 0.03388
6 0.45618 0.65922 0.03168 0.02508
6 0.28367 0.67676 0.03106 0.03216
6 0.48545 0.63161 0.03042 0.03042
6 0.26024 0.68719 0.02052 0.02518
6 0.35658 0.67091 0.025 0.02218
6 0.35541 0.65291 0.02646 0.02118
6 0.49449 0.56244 0.01078 0.00948
6 0.29794 0.7356 0.02224 0.015
6 0.35521 0.6014 0.02326 0.02052
6 0.30326 0.69257 0.03144 0.02666
6 0.4874 0.58159 0.00872 0.01794
6 0.46185 0.58269 0.03118 0.03102
6 0.40707 0.68357 0.03062 0.03062
6 0.49502 0.70819 0.01 0.02514
6 0.35041 0.63281 0.01462 0.01154
6 0.26224 0.65207 0.02452 0.01786
6 0.33179 0.69866 0.02802 0.03176
6 0.3931 0.64801 0.02248 0.01666
6 0.49074 0.73304 0.01816 0.02444
6 0.36197 0.68611 0.02358 0.01666
1 0.22738 0.79259 0.0458 0.08538
1 0.02236 0.78029 0.04344 0.0609
1 0.17164 0.76525 0.0644 0.03102
1 0.17946 0.83436 0.10744 0.1082
1 0.04442 0.94532 0.08812 0.10444
1 0.23174 0.88714 0.0374 0.08484
1 0.67938 0.08525 0.10624 0.10846
1 0.06105 0.81844 0.04886 0.06608
1 0.52678 0.10232 0.05408 0.10816
1 0.73218 0.13864 0.03616 0.08232
1 0.67344 0.01551 0.0636 0.03102
1 0.59809 0.12735 0.10038 0.09942
1 0.65359 0.0543 0.07078 0.06
1 0.58577 0.23698 0.04822 0.02564
1 0.0992 0.87651 0.10088 0.09914
1 0.64278 0.17755 0.1016 0.09646
1 0.52243 0.03015 0.04462 0.0603
1 0.56296 0.06702 0.05 0.06564
1 0.54714 0.0124 0.013 0.0102
1 0.59913 0.03899 0.10474 0.07798
1 0.66801 0.20356 0.1297 0.09204
1 0.54406 0.19851 0.08796 0.10358
1 0.16811 0.95386 0.13002 0.09228
1 0.15192 0.8039 0.06768 0.06
1 0.7346 0.2138 0.03088 0.07256
1 0.23464 0.96383 0.03072 0.07138
1 0.0876 0.98641 0.04564 0.0241
1 0.72711 0.04345 0.04646 0.08446
1 0.02666 0.84994 0.05332 0.10252
1 0.14319 0.92654 0.10154 0.0936
1 0.09909 0.78937 0.10442 0.07906
0 0.95711 0.70645 0.08578 0.08722
0 0.1528 0.04602 0.0618 0.05616
0 0.03125 0.12841 0.0625 0.06346
0 0.52262 0.52107 0.04384 0.04154
0 0.21771 0.13592 0.06494 0.0682
0 0.84207 0.59387 0.13094 0.10942
0 0.13332 0.18205 0.09872 0.1005
0 0.49562 0.09646 0.0088 0.06128
0 0.45696 0.205 0.08744 0.08796
0 0.4937 0.0432 0.0126 0.05264
0 0.63365 0.68312 0.10086 0.1018
0 0.7307 0.51589 0.03912 0.03026
0 0.60102 0.58324 0.04104 0.03584
0 0.71959 0.56507 0.06074 0.07922
0 0.02473 0.02038 0.0439 0.0364
0 0.84212 0.52339 0.12028 0.04762
0 0.73473 0.68268 0.03242 0.08664
0 0.1007 0.08339 0.04128 0.0359
0 0.6529 0.54632 0.0614 0.05432
0 0.67804 0.51487 0.0624 0.02922
0 0.17806 0.01795 0.06308 0.03486
0 0.0969 0.04108 0.05704 0.05556
0 0.59648 0.54206 0.05864 0.0598
0 0.23415 0.18218 0.03222 0.08744
0 0.94603 0.66031 0.10666 0.1123
0 0.6198 0.51732 0.05488 0.03444
0 0.77207 0.68892 0.04414 0.12156
0 0.06481 0.21679 0.08786 0.06638
0 0.92641 0.56367 0.1087 0.11074
0 0.27816 0.06251 0.05488 0.11754
0 0.53391 0.60146 0.05766 0.03888
0 0.06614 0.17884 0.03616 0.02744
0 0.33539 0.18919 0.15394 0.12218
0 0.52703 0.66829 0.0543 0.09358
0 0.97236 0.54999 0.04676 0.08506
0 0.23126 0.01551 0.0382 0.03102
0 0.4475 0.15877 0.107 0.1077
0 0.58569 0.63572 0.05642 0.07944
0 0.7178 0.63603 0.06512 0.06794
0 0.51346 0.58544 0.02692 0.03948
0 0.09729 0.24186 0.04498 0.01852
0 0.70359 0.60487 0.02142 0.02018
0 0.67842 0.70419 0.14376 0.09386
0 0.12036 0.01705 0.05128 0.03154
0 0.77787 0.56138 0.05558 0.11364
0 0.08627 0.13616 0.0559 0.08
0 0.06717 0.01334 0.04694 0.02668
0 0.17803 0.20367 0.14042 0.09182
0 0.01306 0.08677 0.02612 0.04166
0 0.34213 0.09381 0.13054 0.1077
0 0.43203 0.05914 0.09898 0.10296
0 0.64704 0.60648 0.10348 0.08968
0 0.55249 0.57771 0.05566 0.05386
0 0.56746 0.51788 0.04636 0.03568
0 0.53199 0.62936 0.0643 0.06508
0 0.54017 0.54628 0.05486 0.05
0 0.03296 0.10089 0.05816 0.03942
0 0.01078 0.23403 0.02156 0.0327
0 0.05313 0.07841 0.05542 0.05582
0 0.04074 0.04748 0.05296 0.04888
0 0.27137 0.18849 0.04366 0.1209
0 0.56325 0.71641 0.0859 0.06614
0 0.5674 0.67775 0.03504 0.02546
0 0.83616 0.68863 0.15396 0.12238
0 0.33934 0.02689 0.11788 0.04422
0 0.02768 0.16752 0.05536 0.09392
0 0.22079 0.06568 0.06106 0.07792
0 0.47555 0.10065 0.03322 0.03094
0 0.14749 0.10717 0.10174 0.09066
0 0.47394 0.04862 0.05224 0.0828
0 0.51095 0.73344 0.02214 0.0334
0 0.42478 0.00736 0.0508 0.01472
0 0.5058 0.54607 0.01256 0.03898
