9 0.293164 0.329836 0.0425469 0.0271194
9 0.2545 0.390258 0.0439688 0.0437939
9 0.229711 0.365117 0.0342344 0.0425527
9 0.339625 0.363232 0.03325 0.0400937
9 0.232086 0.424614 0.0431719 0.0497424
9 0.287164 0.403841 0.0357344 0.0492272
9 0.269219 0.428103 0.0475313 0.0496956
9 0.19332 0.424625 0.0418906 0.045644
9 0.304406 0.363244 0.0521875 0.0506089
9 0.212953 0.392166 0.0410625 0.0416628
9 0.297164 0.337822 0.0322656 0.0195785
9 0.359492 0.349379 0.0356094 0.0324824
9 0.329906 0.344742 0.0247812 0.0125761
9 0.251539 0.339988 0.0330156 0.0277049
9 0.371695 0.337693 0.0362344 0.0287354
