24 0.372648 0.657546 0.121172 0.105946
24 0.411648 0.852035 0.152234 0.12876
24 0.427391 0.713618 0.108187 0.148643
24 0.334969 0.7866 0.173563 0.16593
8 0.489242 0.380008 0.0781406 0.071876
8 0.510758 0.355469 0.0927031 0.121725
8 0.189438 0.440854 0.0758125 0.0986935
8 0.117789 0.508074 0.0957969 0.0447571
8 0.131508 0.463333 0.0863281 0.11598
7 0.239695 0.650209 0.0873906 0.0983417
7 0.296391 0.885486 0.084 0.0692295
7 0.187461 0.84294 0.100172 0.0958626
7 0.288148 0.695335 0.0968281 0.0860804
7 0.29025 0.631826 0.0558438 0.0489112
7 0.139117 0.879322 0.100609 0.0991122
7 0.131359 0.701809 0.0703438 0.0819095
7 0.182266 0.646072 0.0422812 0.0456449
7 0.0936484 0.864698 0.0728594 0.088794
7 0.140758 0.771382 0.0747969 0.0826633
7 0.104445 0.793199 0.0770469 0.0764824
7 0.0954453 0.632303 0.0882969 0.0923116
7 0.14625 0.656273 0.0308125 0.0395142
7 0.187148 0.700092 0.0811094 0.0883585
7 0.325297 0.876173 0.0463125 0.0412228
7 0.200602 0.896801 0.0358906 0.0269347
7 0.0894219 0.910888 0.0507187 0.039598
7 0.277742 0.829397 0.0656719 0.0707538
7 0.0728906 0.729489 0.06125 0.0905025
7 0.216266 0.763811 0.0860937 0.0994137
7 0.241266 0.888283 0.0544063 0.0695645
