4 0.567992 0.199323 0.391797 0.386896
4 0.913727 0.440583 0.0730781 0.19125
4 0.258914 0.566458 0.144234 0.273833
4 0.286336 0.35551 0.184422 0.239729
4 0.236609 0.128198 0.158094 0.255896
4 0.480625 0.410073 0.0307187 0.115062
4 0.405508 0.177281 0.238078 0.354563
4 0.679852 0.280021 0.146797 0.17975
4 0.612023 0.770771 0.309234 0.455375
0 0.59657 0.405625 0.274922 0.357208
0 0.103891 0.196656 0.204437 0.260188
0 0.818531 0.490177 0.244719 0.301812
0 0.0942422 0.786479 0.188484 0.294042
0 0.769695 0.188677 0.138703 0.153729
