7 0.51057 0.188666 0.01218 0.0202639
7 0.40788 0.317082 0.01092 0.0204399
7 0.14379 0.608284 0.02178 0.0269501
7 0.20299 0.529941 0.0169 0.0253959
7 0.53853 0.132038 0.0135 0.0177419
7 0.63137 0.0626393 0.00926 0.0139589
7 0.58062 0.0743255 0.00868 0.0129912
7 0.41106 0.257361 0.0152 0.0235777
7 0.18884 0.586657 0.01528 0.0226979
7 0.17076 0.581217 0.01136 0.0129912
7 0.2938 0.463519 0.01484 0.0245748
7 0.50743 0.102419 0.00986 0.00829912
7 0.56953 0.101642 0.0095 0.0133138
7 0.19691 0.564296 0.0175 0.0230205
7 0.37065 0.391158 0.01254 0.0175073
7 0.64113 0.0754545 0.00986 0.00832845
7 0.43021 0.287111 0.0087 0.0177419
7 0.40655 0.291144 0.01322 0.0196481
7 0.54599 0.173182 0.0157 0.0184457
7 0.36791 0.310381 0.01046 0.016129
7 0.30796 0.354443 0.01032 0.0159824
7 0.37998 0.261994 0.00552 0.00897361
7 0.49251 0.19393 0.01466 0.0167742
7 0.22003 0.53478 0.01362 0.0169501
7 0.16921 0.507918 0.01258 0.017654
7 0.52347 0.181642 0.00734 0.00956012
7 0.49093 0.226569 0.01218 0.0133138
7 0.1206 0.600733 0.01324 0.015132
7 0.26725 0.486466 0.01314 0.0152786
7 0.50649 0.207903 0.01454 0.0132845
7 0.48273 0.22129 0.00822 0.00985337
7 0.32487 0.361452 0.0085 0.0130499
7 0.31844 0.438592 0.0118 0.015132
7 0.44973 0.256041 0.01734 0.0208798
7 0.45129 0.233534 0.01198 0.0224927
7 0.12163 0.579062 0.01774 0.0286804
7 0.46375 0.242639 0.00994 0.0195894
7 0.28008 0.410953 0.012 0.017566
7 0.52355 0.141584 0.0083 0.00651026
7 0.37903 0.320367 0.01226 0.0201466
7 0.47493 0.275264 0.01362 0.0217889
7 0.36086 0.350733 0.01708 0.0270381
7 0.21992 0.472625 0.00888 0.0129912
7 0.22231 0.446848 0.01178 0.0157478
7 0.51549 0.141862 0.00786 0.0115249
7 0.35811 0.286598 0.0093 0.0208798
7 0.54299 0.0846921 0.00598 0.00785924
7 0.24791 0.480425 0.01018 0.0155132
7 0.51677 0.196554 0.0131 0.0209091
7 0.27484 0.454106 0.01792 0.0246921
7 0.38697 0.242977 0.0079 0.0119941
7 0.44243 0.291056 0.01862 0.0188856
7 0.33756 0.313519 0.00708 0.008739
7 0.48538 0.135718 0.00756 0.0153079
7 0.42257 0.214003 0.0093 0.0160411
7 0.44952 0.308988 0.0124 0.0166276
7 0.39371 0.314633 0.0077 0.0140176
7 0.39344 0.28676 0.01344 0.0217889
7 0.62324 0.0655132 0.00868 0.0118475
7 0.18417 0.502507 0.01278 0.018739
7 0.36359 0.383079 0.01238 0.013607
7 0.54495 0.147009 0.01322 0.0157185
7 0.13543 0.526584 0.01006 0.0124047
7 0.50003 0.150499 0.00926 0.015132
7 0.29607 0.376085 0.0181 0.0227273
7 0.5507 0.158196 0.01032 0.0132845
7 0.39188 0.353636 0.0168 0.0194721
7 0.315 0.363284 0.01168 0.0199413
7 0.21379 0.495249 0.0113 0.0169501
7 0.25453 0.443109 0.01274 0.0212903
7 0.50079 0.201657 0.01218 0.0160411
7 0.24253 0.514296 0.01602 0.0247214
7 0.2283 0.479912 0.0072 0.00756598
7 0.46188 0.221129 0.00996 0.0130499
7 0.21118 0.524956 0.00716 0.0156012
7 0.47192 0.1789 0.0126 0.0176833
7 0.30368 0.448123 0.01528 0.0184751
7 0.19801 0.604413 0.00818 0.0128739
7 0.22118 0.552111 0.01392 0.0206452
7 0.30431 0.421056 0.01734 0.0229912
7 0.27867 0.48412 0.01694 0.0193842
7 0.49791 0.220528 0.01082 0.0173021
7 0.35461 0.38868 0.01094 0.0139003
7 0.20221 0.496364 0.0131 0.0164809
7 0.32983 0.449282 0.01278 0.01739
7 0.34849 0.36676 0.0107 0.01
7 0.55584 0.0894868 0.01156 0.0147507
7 0.16343 0.606628 0.0157 0.0208798
7 0.45369 0.198416 0.0127 0.015132
7 0.34257 0.322918 0.01374 0.0175073
7 0.50566 0.11154 0.00956 0.014868
7 0.15611 0.536246 0.01066 0.0120821
7 0.29637 0.441877 0.01186 0.0173607
7 0.34954 0.405777 0.0128 0.0226979
7 0.38642 0.25324 0.01012 0.0108798
7 0.38073 0.374164 0.00786 0.015132
7 0.59665 0.093783 0.01102 0.0142522
7 0.56756 0.170132 0.01224 0.0171554
7 0.52271 0.104619 0.0105 0.0168622
7 0.24358 0.427126 0.01164 0.0108504
7 0.52183 0.0915543 0.0099 0.0130205
7 0.19942 0.484707 0.01672 0.0153959
7 0.15965 0.565249 0.01322 0.0208798
7 0.60145 0.0830352 0.00922 0.0104106
7 0.35247 0.32176 0.01158 0.00985337
7 0.5265 0.155499 0.01508 0.0162757
7 0.38004 0.340704 0.01032 0.0113783
7 0.4811 0.189604 0.01324 0.021261
7 0.47483 0.234575 0.01426 0.0214663
7 0.41501 0.23654 0.01286 0.0161877
7 0.32391 0.371584 0.00774 0.0101466
7 0.18954 0.541965 0.01468 0.0182405
7 0.61069 0.106686 0.00766 0.0108504
7 0.12987 0.559589 0.01466 0.0145455
7 0.31835 0.412082 0.01374 0.0218768
7 0.15176 0.598768 0.01548 0.0226979
7 0.22943 0.511188 0.01218 0.0145161
7 0.34543 0.355997 0.00926 0.0146921
7 0.26848 0.431979 0.01368 0.0174487
7 0.26441 0.502801 0.01682 0.0250733
7 0.14601 0.549296 0.01434 0.0170674
7 0.4253 0.308651 0.0118 0.0198827
7 0.16105 0.547903 0.01642 0.0205572
7 0.39475 0.223021 0.01194 0.018651
7 0.22422 0.48868 0.01516 0.0215836
7 0.40319 0.272962 0.01734 0.0227566
7 0.47989 0.162683 0.0123 0.0160997
7 0.25742 0.517991 0.01156 0.0184457
7 0.5823 0.136642 0.01076 0.0170381
7 0.41079 0.353006 0.01218 0.0145161
7 0.38288 0.300748 0.01316 0.0205572
7 0.15798 0.625411 0.01588 0.0247214
7 0.23686 0.486364 0.01292 0.0217595
7 0.31109 0.399296 0.0105 0.0171848
7 0.16755 0.537625 0.01394 0.0212903
7 0.4297 0.319384 0.01112 0.0185924
7 0.28841 0.420293 0.0157 0.0208798
7 0.14389 0.583944 0.01958 0.0220821
7 0.42877 0.194399 0.0103 0.0164223
7 0.36414 0.269589 0.01212 0.0133138
7 0.24286 0.402727 0.0112 0.0133138
7 0.27039 0.369501 0.00534 0.00821114
7 0.58348 0.152449 0.01136 0.017566
7 0.33499 0.403416 0.01494 0.0176833
7 0.58848 0.0829179 0.00876 0.0103519
7 0.32953 0.420982 0.0139 0.0184457
7 0.42109 0.252595 0.0111 0.0224927
7 0.26357 0.417405 0.01178 0.0160997
7 0.49477 0.114326 0.00854 0.0102933
7 0.30874 0.464663 0.01596 0.0248094
7 0.51399 0.132845 0.01198 0.0133138
7 0.329 0.395821 0.0154 0.0230792
7 0.49062 0.260894 0.00992 0.0184457
7 0.52674 0.131701 0.01132 0.0147214
7 0.31483 0.319472 0.00986 0.013783
7 0.18646 0.528431 0.00972 0.0145161
7 0.23358 0.440704 0.0136 0.025044
7 0.19692 0.503065 0.01584 0.0157478
7 0.42525 0.228226 0.01302 0.0220821
7 0.3233 0.331114 0.00856 0.0177126
7 0.55076 0.0617009 0.0072 0.0173021
7 0.34648 0.425235 0.00848 0.0124047
7 0.59548 0.117097 0.00848 0.012434
7 0.38878 0.380279 0.00928 0.0119941
7 0.56789 0.141466 0.00786 0.0148387
7 0.25505 0.427038 0.01434 0.0201173
7 0.62124 0.105044 0.01328 0.0148974
7 0.44147 0.263871 0.00854 0.0131965
7 0.61068 0.0560264 0.01428 0.0223167
7 0.47585 0.133431 0.00718 0.00733138
7 0.43472 0.252742 0.0146 0.0172727
7 0.19582 0.515411 0.00796 0.0111144
7 0.60042 0.0655425 0.01012 0.0117889
7 0.1811 0.572287 0.01632 0.021173
7 0.24865 0.534751 0.0169 0.0219355
7 0.59201 0.0550293 0.00846 0.0132845
7 0.37862 0.356202 0.01236 0.0170968
7 0.27921 0.379912 0.00846 0.0169501
7 0.52987 0.180132 0.00702 0.0142229
7 0.56018 0.120029 0.00772 0.0136657
7 0.45417 0.156979 0.01094 0.015132
19 0.43619 0.538724 0.01242 0.0341642
19 0.52884 0.418651 0.01936 0.0268622
19 0.65259 0.258372 0.0157 0.0139296
19 0.4643 0.605792 0.02404 0.0343988
19 0.48684 0.560367 0.02084 0.0329326
19 0.79633 0.129238 0.01714 0.0319648
19 0.77754 0.23261 0.019 0.0272141
19 0.51268 0.546276 0.02092 0.0294428
19 0.71991 0.187243 0.0161 0.0175367
19 0.63525 0.391525 0.0293 0.024868
19 0.88496 0.0468915 0.01736 0.0133138
19 0.73747 0.235792 0.01818 0.0166276
19 0.57833 0.4311 0.0221 0.0415543
19 0.87051 0.0747801 0.01858 0.0193548
19 0.77026 0.164721 0.0118 0.0147214
19 0.57037 0.373358 0.02286 0.0368035
19 0.48 0.612023 0.03052 0.0375953
19 0.40427 0.701774 0.03114 0.0321114
19 0.52027 0.463842 0.02126 0.028739
19 0.65835 0.398666 0.02934 0.0465982
19 0.63846 0.432287 0.0218 0.0314956
19 0.54437 0.495938 0.01822 0.0223167
19 0.56085 0.415396 0.01994 0.0501466
19 0.88919 0.0872581 0.01922 0.0293548
19 0.34872 0.686921 0.02012 0.0165396
19 0.67331 0.343152 0.01586 0.0202639
19 0.74211 0.19827 0.01838 0.0112023
19 0.67397 0.226613 0.01218 0.0163343
19 0.44638 0.638328 0.03196 0.0524927
19 0.81266 0.118182 0.02096 0.0256305
19 0.74188 0.272977 0.01892 0.0400293
19 0.66059 0.36305 0.03486 0.032434
19 0.71416 0.289194 0.01508 0.0314076
19 0.45212 0.600513 0.0348 0.0443695
19 0.43227 0.557933 0.02666 0.0432551
19 0.34429 0.631466 0.02194 0.0436364
19 0.64158 0.258974 0.01432 0.0192375
19 0.45058 0.494721 0.01996 0.016129
19 0.91212 0.0697214 0.02912 0.0233138
19 0.44767 0.548548 0.01694 0.032346
19 0.465 0.639956 0.028 0.0423167
19 0.85552 0.0559531 0.01136 0.00785924
19 0.66331 0.282815 0.01446 0.0284457
19 0.71599 0.277434 0.01906 0.0201466
19 0.83922 0.160836 0.02248 0.0317009
19 0.60146 0.320161 0.01192 0.0162757
19 0.76908 0.212346 0.02024 0.0229912
19 0.39964 0.576378 0.02416 0.032346
19 0.84754 0.120762 0.0144 0.0195894
19 0.49052 0.543754 0.018 0.0228739
19 0.87053 0.131774 0.02082 0.041085
19 0.69554 0.296584 0.01652 0.0420235
19 0.37321 0.610323 0.0243 0.0375367
19 0.52515 0.504457 0.02234 0.0228739
19 0.4388 0.562889 0.0198 0.0319941
19 0.6502 0.288109 0.01672 0.0202639
19 0.44264 0.666569 0.019 0.0117889
19 0.50118 0.610821 0.0332 0.0329619
19 0.59654 0.43415 0.01372 0.0151026
19 0.54218 0.556408 0.02272 0.0360411
19 0.48597 0.590469 0.02062 0.0202346
19 0.41941 0.65915 0.03186 0.028739
19 0.39836 0.676789 0.02992 0.0272434
19 0.8267 0.0452933 0.011 0.0147507
19 0.43108 0.703915 0.03972 0.0368035
19 0.48724 0.469311 0.018 0.0209677
19 0.58303 0.486613 0.02918 0.0316422
19 0.74344 0.240381 0.02868 0.036305
19 0.389 0.619076 0.01372 0.044956
19 0.5981 0.47522 0.02224 0.0375953
19 0.71794 0.326408 0.01224 0.0309971
19 0.61038 0.387009 0.026 0.0415836
19 0.78064 0.182243 0.03264 0.025132
19 0.40517 0.599355 0.02006 0.040176
19 0.77954 0.0958211 0.01492 0.0266569
19 0.8001 0.211745 0.01108 0.0172727
19 0.42639 0.673167 0.03718 0.0293255
19 0.46545 0.530484 0.01942 0.0284751
19 0.5427 0.429795 0.02152 0.0258065
19 0.75693 0.183196 0.01534 0.023695
19 0.54301 0.397507 0.01754 0.0265689
19 0.6731 0.272581 0.0144 0.0210557
19 0.62053 0.4289 0.03586 0.0310557
19 0.59139 0.375865 0.02238 0.0226393
19 0.69348 0.324428 0.02008 0.0378886
19 0.3985 0.566848 0.01776 0.0229619
19 0.78116 0.151232 0.01796 0.0263343
19 0.71134 0.198578 0.01344 0.011173
19 0.46226 0.543196 0.0258 0.0391789
19 0.77926 0.244413 0.01468 0.0223167
19 0.48255 0.493915 0.02394 0.0324047
19 0.86853 0.110411 0.02334 0.0302639
19 0.70163 0.242434 0.02498 0.0293255
19 0.59767 0.349296 0.01554 0.0126686
19 0.82261 0.180938 0.02514 0.0227566
19 0.82114 0.0941349 0.0194 0.0266276
19 0.62851 0.301584 0.01922 0.0308504
19 0.8073 0.171202 0.019 0.0350733
19 0.49312 0.481012 0.02356 0.0241935
19 0.53071 0.590469 0.0247 0.0284457
19 0.66564 0.2961 0.02452 0.037654
19 0.48268 0.629003 0.025 0.0384164
19 0.73374 0.165015 0.00972 0.0305572
19 0.68059 0.375059 0.03094 0.0360997
19 0.75853 0.239868 0.0221 0.0282405
19 0.42604 0.59 0.02324 0.0384751
19 0.53608 0.455601 0.02356 0.0266276
19 0.74391 0.15673 0.01306 0.0159824
19 0.45249 0.629912 0.0233 0.0227566
19 0.83982 0.109765 0.02272 0.0283871
19 0.75332 0.126276 0.01232 0.017654
19 0.41852 0.554853 0.02664 0.0395601
19 0.5768 0.452067 0.02204 0.0277713
19 0.76694 0.121701 0.01184 0.0184751
19 0.50682 0.464751 0.02124 0.0315543
19 0.56495 0.491466 0.02958 0.027566
19 0.76993 0.270645 0.02786 0.0334897
19 0.32679 0.658563 0.01326 0.0172434
19 0.74044 0.289223 0.0238 0.033695
19 0.37701 0.64566 0.02434 0.0360704
19 0.58037 0.462331 0.0283 0.0396188
19 0.33897 0.673666 0.0221 0.0375953
19 0.63435 0.331672 0.0217 0.0247507
19 0.75324 0.292302 0.021 0.0275367
19 0.73075 0.160396 0.00902 0.0152786
1 0.83941 0.93437 0.10226 0.0580645
1 0.57625 0.805499 0.06838 0.0877126
1 0.73757 0.942375 0.0743 0.0412903
1 0.79376 0.899971 0.07644 0.0871554
1 0.33199 0.899428 0.09006 0.0952786
1 0.89819 0.914589 0.08606 0.0953959
1 0.41776 0.955103 0.05112 0.0163636
1 0.61541 0.866906 0.06274 0.081085
1 0.7221 0.881554 0.0764 0.11607
1 0.51921 0.844428 0.0777 0.118886
1 0.33384 0.941598 0.07404 0.0440762
1 0.46635 0.882742 0.0777 0.114164
1 0.66027 0.820147 0.06654 0.0635777
1 0.40251 0.934457 0.08134 0.0566569
1 0.66932 0.903548 0.08512 0.121232
1 0.95609 0.942023 0.03794 0.0421114
1 0.53773 0.944164 0.05842 0.036129
1 0.61384 0.80324 0.02252 0.0492962
1 0.56809 0.902302 0.06238 0.0647214
1 0.53249 0.91676 0.04462 0.0359824
1 0.26123 0.956701 0.04558 0.0118182
1 0.78829 0.951378 0.07578 0.0228739
1 0.25755 0.916129 0.08154 0.096129
1 0.17949 0.924238 0.09278 0.078739
1 0.60423 0.931891 0.06858 0.0643109
1 0.48118 0.941642 0.07668 0.0427566
1 0.41055 0.909223 0.06062 0.0628446
