23 0.362255 0.574992 0.0598039 0.0323366
23 0.330188 0.543301 0.0636438 0.0722549
23 0.314755 0.489739 0.0350327 0.0225817
23 0.35768 0.476258 0.0522549 0.0449673
23 0.609526 0.603129 0.0546078 0.0494935
23 0.302884 0.518652 0.0568791 0.0510621
23 0.39107 0.547541 0.0571732 0.0518791
23 0.368717 0.521462 0.039232 0.0305065
23 0.422647 0.590155 0.0607516 0.0451471
23 0.659608 0.867827 0.0650654 0.0677778
23 0.5621 0.52915 0.0232516 0.0407843
23 0.555025 0.562533 0.035049 0.0380392
23 0.565931 0.468971 0.0322222 0.0377778
23 0.539069 0.606185 0.0577778 0.0507353
23 0.484755 0.47674 0.0243464 0.0155719
23 0.727116 0.858464 0.0753431 0.0762092
22 0.849616 0.722704 0.106618 0.118056
22 0.439273 0.519436 0.104493 0.112958
22 0.521626 0.503513 0.0718791 0.0498366
22 0.526029 0.45018 0.108203 0.0817974
22 0.352908 0.447712 0.0881373 0.0626797
22 0.463742 0.622974 0.0356863 0.0318954
22 0.353105 0.44683 0.0918627 0.0655229
22 0.849869 0.723644 0.104706 0.117288
22 0.514444 0.447859 0.0851307 0.0802614
22 0.438832 0.523971 0.104101 0.123333
