24 0.0837422 0.583479 0.0518594 0.0713333
24 0.139063 0.589667 0.0259688 0.0505
24 0.149789 0.5295 0.0482031 0.05475
24 0.0612812 0.479563 0.0290625 0.0344583
24 0.0530547 0.611854 0.0280781 0.065125
24 0.118453 0.565844 0.0517188 0.0661042
24 0.104883 0.623719 0.0580781 0.0618125
24 0.0665625 0.615938 0.0185625 0.0314167
24 0.029 0.59676 0.0308125 0.0521875
24 0.113789 0.521073 0.0407344 0.0348958
24 0.0201797 0.543719 0.0357344 0.0704375
24 0.0826719 0.475406 0.0319375 0.0363958
8 0.368688 0.614333 0.087875 0.102917
8 0.279078 0.638854 0.0926562 0.121958
8 0.431781 0.667969 0.0918438 0.126854
8 0.450703 0.59126 0.0820625 0.0977292
8 0.337633 0.689323 0.0977969 0.124604
8 0.390164 0.525365 0.0925156 0.118729
4 0.475258 0.537563 0.0742969 0.0673333
4 0.652586 0.485125 0.0708594 0.088125
4 0.651297 0.6455 0.0963437 0.117625
4 0.683633 0.565323 0.0820156 0.0882708
4 0.541578 0.651438 0.0831875 0.102708
4 0.514484 0.585635 0.057125 0.0906042
4 0.653539 0.525271 0.0885156 0.0677083
4 0.583523 0.471729 0.0772969 0.0882917
4 0.522203 0.504594 0.0664375 0.0757708
4 0.603703 0.521729 0.068625 0.042125
4 0.597125 0.568083 0.0935312 0.111042
4 0.545391 0.54749 0.0461562 0.0871875
4 0.209063 0.329333 0.147562 0.0358333
4 0.218805 0.340208 0.171359 0.0770417
4 0.304414 0.38324 0.0363281 0.0735208
4 0.295813 0.354729 0.0352188 0.074625
