4 0.710984 0.365563 0.0219062 0.047375
4 0.226781 0.366073 0.0315312 0.0258958
4 0.844719 0.292948 0.0263125 0.0275208
4 0.418891 0.322302 0.0130625 0.0251875
4 0.178453 0.33249 0.0138125 0.0287708
4 0.172523 0.458271 0.0234219 0.0246667
4 0.544047 0.300469 0.0161563 0.0163958
4 0.62693 0.37151 0.0280156 0.0230625
4 0.652508 0.441344 0.0418281 0.0186042
4 0.181031 0.370563 0.0213438 0.0333333
4 0.475219 0.407312 0.010875 0.0412917
4 0.226102 0.328188 0.0175156 0.0419583
4 0.759195 0.344865 0.0259531 0.0159792
4 0.595938 0.436229 0.0574687 0.024625
4 0.426703 0.362896 0.0141563 0.0164167
4 0.824102 0.386885 0.0191406 0.0279792
4 0.526664 0.33674 0.0136406 0.0328125
4 0.273812 0.351875 0.022 0.0105
4 0.139766 0.339417 0.0198438 0.0423333
4 0.524789 0.394521 0.0257969 0.032625
4 0.606406 0.289625 0.024625 0.024875
4 0.936312 0.317302 0.0263437 0.0223958
4 0.147891 0.4275 0.0444063 0.0153333
4 0.690883 0.278885 0.0154531 0.0269792
4 0.168742 0.368719 0.0169219 0.0553958
4 0.741094 0.435667 0.0165313 0.0589167
4 0.841102 0.269479 0.0359531 0.0274583
4 0.390211 0.367927 0.00779687 0.0217708
4 0.115547 0.39626 0.04 0.0343542
4 0.641703 0.408562 0.025375 0.045625
4 0.1385 0.44524 0.0460938 0.0272708
4 0.686617 0.312052 0.0242344 0.0281875
4 0.192734 0.339573 0.0234062 0.0327292
4 0.216539 0.344 0.0185156 0.0237917
4 0.686719 0.387823 0.022875 0.0423125
4 0.853789 0.277781 0.0231406 0.0389792
4 0.786594 0.275167 0.0183125 0.029875
4 0.328125 0.358521 0.0352813 0.018875
4 0.662398 0.424365 0.0580781 0.0189792
4 0.695953 0.473979 0.0648125 0.024875
4 0.695039 0.338594 0.0249219 0.0325625
4 0.665242 0.379396 0.0223281 0.0279583
4 0.746352 0.283833 0.0187344 0.02325
4 0.667992 0.295885 0.0304219 0.0255625
4 0.748961 0.308406 0.0178906 0.0308125
4 0.807273 0.29749 0.0165781 0.0136042
4 0.627383 0.307104 0.0183594 0.0314167
4 0.230938 0.324667 0.005375 0.0195
4 0.909813 0.334458 0.0435938 0.029375
4 0.318258 0.344708 0.0242969 0.0185
4 0.776773 0.325125 0.0316094 0.024625
4 0.350562 0.34724 0.026625 0.0230625
4 0.309367 0.333083 0.0186406 0.0184583
4 0.534617 0.388333 0.0222969 0.0289583
4 0.759219 0.441542 0.042875 0.0487083
4 0.237766 0.384281 0.0325 0.0130625
4 0.484789 0.323563 0.0172031 0.0220417
4 0.554484 0.301083 0.0195938 0.038625
4 0.209539 0.402375 0.0153594 0.037375
4 0.23643 0.391802 0.0422969 0.0241042
4 0.252336 0.3485 0.0230469 0.0163333
4 0.722133 0.290417 0.0152656 0.0221667
4 0.886625 0.414177 0.04275 0.0234375
4 0.340859 0.328573 0.0220312 0.0306875
4 0.78982 0.311031 0.0392031 0.0150625
4 0.701289 0.305135 0.0324219 0.0358958
4 0.920687 0.319958 0.0349687 0.01775
4 0.625906 0.333969 0.0245 0.0125625
4 0.123297 0.357938 0.01825 0.018
4 0.560398 0.425635 0.0297969 0.0273125
4 0.652469 0.367938 0.0290938 0.0184583
4 0.724898 0.371969 0.0194219 0.0223125
4 0.414273 0.36525 0.0129219 0.0239583
4 0.411789 0.317198 0.0122969 0.0296458
4 0.676398 0.28701 0.0183906 0.0230625
4 0.0947188 0.396156 0.015125 0.0238125
4 0.577625 0.368354 0.0349375 0.0413333
4 0.858359 0.302677 0.0085 0.0206875
4 0.426977 0.330156 0.0107969 0.0233542
4 0.766328 0.303719 0.0236563 0.0305208
4 0.12807 0.344458 0.0135156 0.0341667
4 0.483227 0.394271 0.0191094 0.0482917
4 0.631359 0.349938 0.03125 0.0205
4 0.465375 0.401833 0.0140313 0.040625
4 0.405719 0.335646 0.0108125 0.0225417
4 0.61175 0.412 0.027875 0.0389583
4 0.888898 0.32149 0.0259531 0.0171875
4 0.833859 0.302969 0.0424062 0.0238125
4 0.590758 0.306281 0.0221094 0.0212708
4 0.395383 0.356385 0.0111094 0.0263542
4 0.763836 0.453771 0.0475781 0.0413333
4 0.639406 0.294885 0.014 0.0287292
4 0.698219 0.449677 0.0655 0.0414375
4 0.54768 0.404354 0.0147969 0.0312917
4 0.764477 0.283344 0.0222656 0.0234375
4 0.290961 0.314792 0.0267344 0.0284583
4 0.19175 0.33201 0.0222188 0.0343958
4 0.768305 0.383073 0.0152031 0.0394792
4 0.831914 0.283208 0.0482656 0.0182083
4 0.651422 0.411302 0.0403437 0.0391458
4 0.242289 0.371208 0.0441094 0.0178333
4 0.260172 0.329813 0.0114687 0.0138333
4 0.936906 0.292437 0.022875 0.0289583
4 0.562852 0.316125 0.0149531 0.0261667
4 0.825227 0.353458 0.0196094 0.024875
4 0.551625 0.411906 0.0209688 0.0261458
4 0.299148 0.326052 0.0434219 0.0232292
4 0.723508 0.432906 0.0234531 0.0540625
4 0.380164 0.471854 0.0299844 0.0394167
4 0.543445 0.362469 0.0182656 0.0272708
4 0.374289 0.420073 0.0375469 0.0262292
4 0.497219 0.336177 0.016 0.0381458
4 0.669203 0.324167 0.0173125 0.0325417
4 0.727922 0.352583 0.012875 0.0166667
4 0.33593 0.384208 0.0184531 0.0164167
4 0.812094 0.320042 0.0142187 0.0333333
4 0.61182 0.32849 0.0130781 0.0123125
4 0.707281 0.385604 0.0184687 0.0295417
4 0.782219 0.36499 0.0321875 0.0219792
4 0.809906 0.366854 0.0234688 0.044875
4 0.799188 0.339271 0.0161563 0.0430833
4 0.156648 0.381969 0.0147344 0.0332292
4 0.488555 0.345313 0.0111094 0.02575
4 0.897266 0.305104 0.0338437 0.0171667
4 0.293312 0.36476 0.00821875 0.0132708
4 0.105062 0.397167 0.0223125 0.0277083
4 0.681906 0.342167 0.0126875 0.0417917
4 0.920578 0.292302 0.0134687 0.0328125
4 0.741187 0.379052 0.023 0.0265625
4 0.372406 0.388896 0.0309687 0.034625
4 0.220867 0.333052 0.0196094 0.0321042
4 0.707484 0.440896 0.037125 0.0384583
4 0.583641 0.355635 0.0288438 0.0225625
4 0.240289 0.398135 0.0494219 0.0207708
4 0.55125 0.336438 0.0227812 0.031625
4 0.712984 0.30351 0.0123125 0.0243542
4 0.904469 0.362865 0.037875 0.0210208
4 0.297141 0.357104 0.0112187 0.02075
4 0.848242 0.320094 0.0369219 0.0174375
4 0.731906 0.314104 0.024625 0.0287083
4 0.595578 0.42324 0.0520312 0.0229792
4 0.511 0.34175 0.0170625 0.0400833
4 0.120914 0.3405 0.0151719 0.0167917
4 0.904969 0.297865 0.0270625 0.0264792
4 0.686508 0.395219 0.0243594 0.0341042
4 0.327141 0.326542 0.0115937 0.0274583
4 0.734703 0.39974 0.03 0.0225625
4 0.684023 0.366667 0.0244219 0.0395
4 0.907258 0.35326 0.0359531 0.0239375
4 0.562016 0.37401 0.00921875 0.0400208
4 0.751156 0.368 0.022875 0.0435833
4 0.495773 0.301979 0.0134531 0.02025
4 0.493547 0.417823 0.0238438 0.0263958
4 0.195563 0.388719 0.017875 0.0261458
4 0.767883 0.473281 0.0523281 0.0277708
4 0.588398 0.346927 0.0102031 0.0246042
4 0.547578 0.38 0.0176875 0.0287083
4 0.788258 0.389229 0.0115469 0.03
4 0.781859 0.348802 0.0214062 0.0217292
4 0.865203 0.336344 0.019375 0.0360625
4 0.702031 0.36151 0.0193437 0.0443125
4 0.524984 0.412052 0.0267188 0.0230625
4 0.241492 0.331177 0.0212344 0.0398958
4 0.596961 0.323969 0.0330781 0.0223125
4 0.329883 0.37051 0.0380781 0.0210208
4 0.549523 0.31326 0.00960937 0.0141042
4 0.844789 0.342687 0.0228906 0.0217917
4 0.108945 0.377417 0.0419531 0.0230833
4 0.652664 0.335646 0.0161719 0.0177083
4 0.628297 0.407729 0.0199063 0.0449167
4 0.400219 0.461333 0.0251875 0.0470833
4 0.416398 0.342104 0.0127344 0.019875
