10 0.75505 0.890267 0.16938 0.202293
10 0.10602 0.598547 0.10096 0.19688
10 0.90193 0.860147 0.1375 0.222213
10 0.92966 0.988267 0.14068 0.0234667
0 0.69545 0.606147 0.15074 0.0996533
0 0.51875 0.979067 0.08014 0.0402667
0 0.84448 0.693627 0.1546 0.221013
0 0.18598 0.478507 0.07308 0.116373
0 0.15148 0.911707 0.2062 0.176587
0 0.69651 0.51916 0.06642 0.0833333
0 0.03118 0.983453 0.04424 0.0330933
0 0.34657 0.64072 0.10858 0.1296
0 0.44783 0.898907 0.0947 0.12976
0 0.80789 0.508813 0.15414 0.197253
0 0.87506 0.9836 0.1128 0.0328
0 0.27975 0.664107 0.07022 0.0978133
0 0.04294 0.928707 0.04344 0.05832
4 0.46011 0.67552 0.20018 0.34032
1 0.38384 0.94996 0.20528 0.10008
1 0.66604 0.947973 0.2154 0.104053
1 0.32475 0.826933 0.17186 0.277173
1 0.51919 0.979787 0.0793 0.0404267
1 0.69568 0.73492 0.19352 0.253947
1 0.74614 0.37772 0.1618 0.21176
1 0.23699 0.88852 0.1267 0.22296
1 0.06637 0.775853 0.13274 0.267067
1 0.26611 0.519213 0.16642 0.217467
1 0.1816 0.665133 0.16928 0.26248
1 0.37384 0.502107 0.11492 0.169707
1 0.57134 0.87016 0.1412 0.217813
