4 0.286414 0.169599 0.0485156 0.0471698
4 0.260906 0.620413 0.087625 0.120212
4 0.494953 0.308903 0.0712812 0.0794104
4 0.332508 0.226981 0.0578906 0.107028
4 0.877586 0.67796 0.0982031 0.105542
4 0.464977 0.875012 0.0873906 0.149646
4 0.732578 0.327606 0.041625 0.0292217
4 0.760281 0.620153 0.05675 0.126675
4 0.514172 0.256262 0.0734687 0.0739387
4 0.679648 0.233314 0.0339844 0.0712028
4 0.905273 0.800354 0.122672 0.119764
4 0.238922 0.33763 0.0667188 0.0639858
4 0.549266 0.224045 0.0518125 0.0466745
4 0.800328 0.304823 0.059125 0.0830896
4 0.791172 0.73612 0.0674687 0.112995
4 0.0731484 0.93375 0.117328 0.109292
4 0.82293 0.703278 0.0895781 0.10533
4 0.135289 0.794835 0.0923906 0.141415
4 0.275383 0.215755 0.0613281 0.0594811
4 0.274477 0.704599 0.0587656 0.151462
4 0.452281 0.671297 0.0711875 0.156981
4 0.599594 0.806026 0.0868437 0.122335
4 0.186992 0.586309 0.0834219 0.148231
4 0.0838516 0.73658 0.0716719 0.113208
4 0.567008 0.552642 0.0759844 0.0986321
4 0.876859 0.586073 0.0597812 0.113231
4 0.319898 0.332724 0.0543594 0.0666745
4 0.509078 0.617323 0.0790937 0.126533
4 0.273336 0.26217 0.0553594 0.0473113
4 0.127508 0.646215 0.0667656 0.05125
4 0.439969 0.346851 0.0412813 0.0917689
4 0.443406 0.241356 0.0379375 0.0523821
4 0.730273 0.189104 0.0645469 0.0658962
4 0.739539 0.249646 0.0480781 0.0805189
4 0.76325 0.814233 0.054375 0.0923349
4 0.77168 0.289552 0.0583594 0.112594
4 0.250773 0.283703 0.0377656 0.0553774
4 0.56132 0.191427 0.0344844 0.0666745
4 0.538031 0.174068 0.02875 0.0560613
4 0.139258 0.704788 0.0880156 0.0785377
4 0.529648 0.742146 0.0809219 0.147453
4 0.840711 0.80908 0.0897031 0.0992453
4 0.163711 0.919045 0.0688281 0.16191
