8 0.51608 0.436787 0.03344 0.0452533
8 0.09108 0.386533 0.10816 0.115733
8 0.39605 0.320373 0.0349 0.0475733
8 0.47172 0.4318 0.03596 0.0477067
8 0.43896 0.308507 0.03136 0.0317867
8 0.06682 0.43776 0.07304 0.0916267
8 0.54633 0.40692 0.03278 0.04312
8 0.21027 0.358853 0.05846 0.0705067
8 0.44576 0.40244 0.03384 0.0484533
8 0.5353 0.307133 0.02084 0.0169333
8 0.57306 0.341787 0.02788 0.0384533
8 0.14473 0.44648 0.08334 0.0587733
8 0.39197 0.3612 0.02386 0.0397333
8 0.47125 0.469347 0.03306 0.0295733
8 0.22682 0.43288 0.08884 0.0958933
8 0.34886 0.373587 0.03076 0.042
8 0.50018 0.3086 0.03364 0.04744
8 0.15581 0.316067 0.07178 0.1012
8 0.38265 0.400413 0.03114 0.04344
8 0.39975 0.456413 0.0349 0.03416
8 0.47504 0.318493 0.02084 0.01688
8 0.49235 0.45992 0.02962 0.04256
8 0.24173 0.364973 0.08126 0.0719733
8 0.54579 0.448187 0.03094 0.0399467
8 0.42317 0.43808 0.02826 0.0433067
8 0.58513 0.41128 0.0323 0.0384533
8 0.46207 0.373307 0.01806 0.0349867
8 0.48292 0.348453 0.03808 0.0492267
8 0.55415 0.320173 0.02942 0.0407733
8 0.59216 0.34724 0.0322 0.0446133
8 0.43913 0.327587 0.03654 0.0350133
8 0.56484 0.400773 0.02652 0.04768
8 0.35614 0.41488 0.03076 0.0403733
8 0.52796 0.333067 0.03352 0.0454933
8 0.49105 0.407307 0.03346 0.0453867
8 0.51725 0.40572 0.02442 0.0297333
8 0.49498 0.374227 0.035 0.03768
8 0.37175 0.353747 0.02938 0.0301067
8 0.37133 0.37936 0.0275 0.03104
8 0.5281 0.37644 0.03532 0.0461067
8 0.51131 0.358347 0.0229 0.0259733
8 0.42893 0.47052 0.02942 0.0236
8 0.37135 0.439187 0.0317 0.0441867
8 0.55321 0.35936 0.0275 0.0381867
8 0.41505 0.38476 0.0371 0.0454133
8 0.41167 0.354907 0.02418 0.0309333
8 0.3999 0.422653 0.03468 0.0412533
8 0.44899 0.445627 0.03658 0.0493867
8 0.17931 0.394973 0.06134 0.07752
8 0.44047 0.355893 0.0373 0.0441067
