4 0.786479 0.808981 0.3455 0.241031
4 0.703073 0.78693 0.383896 0.153573
0 0.442792 0.812278 0.147583 0.181727
0 0.329135 0.800839 0.0918125 0.12235
0 0.811354 0.686403 0.137417 0.16211
0 0.496812 0.370456 0.14425 0.166811
0 0.250302 0.720995 0.153646 0.163669
0 0.286135 0.592434 0.143187 0.155851
0 0.675635 0.367554 0.134396 0.165659
7 0.66976 0.60783 0.0489375 0.0636691
7 0.370104 0.477158 0.032375 0.0359952
7 0.357031 0.445887 0.0262292 0.0373861
7 0.621615 0.429125 0.0453958 0.0558993
7 0.867542 0.585204 0.0529167 0.0603837
7 0.45399 0.508513 0.0240625 0.0330935
7 0.810677 0.548297 0.0496458 0.0629736
7 0.390042 0.399245 0.0300833 0.0335971
7 0.765021 0.454436 0.044125 0.0502638
7 0.716594 0.597974 0.0472708 0.0496163
7 0.438531 0.528141 0.0362292 0.0322542
7 0.867948 0.639161 0.0448542 0.0510791
7 0.729062 0.446055 0.0427917 0.0430935
7 0.583708 0.467362 0.0416667 0.0459952
7 0.663396 0.448693 0.0519583 0.0582014
7 0.406125 0.372446 0.02875 0.029976
7 0.736615 0.542566 0.0543542 0.0643645
7 0.631969 0.571343 0.0548125 0.0597602
7 0.607969 0.51542 0.0565208 0.07506
7 0.324708 0.416547 0.0374167 0.0371703
7 0.387458 0.612854 0.031875 0.0376978
7 0.654365 0.52964 0.0519792 0.057554
7 0.36775 0.8597 0.0269583 0.0348921
7 0.3225 0.445863 0.0317083 0.0315827
7 0.698271 0.567422 0.0529167 0.0641966
7 0.353646 0.405612 0.0296667 0.0341487
7 0.42949 0.449065 0.0337292 0.0421103
7 0.424479 0.627182 0.0283333 0.0383933
7 0.401469 0.474472 0.0340208 0.0407434
7 0.363854 0.599424 0.0207083 0.0405276
7 0.885156 0.667374 0.0229792 0.0243405
7 0.424802 0.576235 0.0261458 0.0417266
7 0.837552 0.555024 0.0177708 0.0496163
7 0.401271 0.435743 0.0274167 0.0379616
7 0.39424 0.650012 0.0349375 0.0372422
7 0.396156 0.571295 0.0318542 0.0382254
7 0.407594 0.610444 0.0212292 0.0335012
7 0.363135 0.508094 0.0248125 0.0354676
7 0.352521 0.549101 0.0254583 0.0325899
7 0.380521 0.442134 0.0304167 0.036307
7 0.420042 0.489197 0.0371667 0.0371942
7 0.704479 0.472986 0.041375 0.0466427
7 0.385135 0.35693 0.0327292 0.0291127
7 0.33401 0.681871 0.0285625 0.0343885
7 0.397198 0.532326 0.0309375 0.0363549
7 0.78099 0.514365 0.0584792 0.0632134
7 0.383552 0.557122 0.0411042 0.0353477
7 0.346677 0.655935 0.0323125 0.0371942
7 0.390885 0.502458 0.0317708 0.0372902
7 0.825406 0.594221 0.0468542 0.0522302
7 0.731594 0.630923 0.0592708 0.0584892
7 0.427573 0.541091 0.0315208 0.0330216
7 0.777635 0.595204 0.0483542 0.0618225
7 0.43225 0.410096 0.042125 0.0353957
7 0.337917 0.727182 0.0310417 0.0370504
7 0.666562 0.506607 0.0315 0.03
7 0.804688 0.488633 0.0524167 0.0584652
4 0.442229 0.813645 0.146792 0.185899
4 0.728646 0.717878 0.162208 0.238825
4 0.640573 0.719532 0.0496875 0.114125
2 0.494094 0.709329 0.152396 0.158753
2 0.108979 0.706715 0.1515 0.18048
24 0.383302 0.716799 0.0833125 0.118729
24 0.539198 0.871535 0.0622292 0.0688729
24 0.201 0.867818 0.0739583 0.0726139
24 0.170552 0.833153 0.0463542 0.0484652
24 0.600917 0.729964 0.0851667 0.0954676
24 0.127104 0.867614 0.0727917 0.0970024
24 0.183385 0.779604 0.0701875 0.0859233
24 0.282177 0.848777 0.0599375 0.0738129
24 0.321823 0.498201 0.0630208 0.075012
24 0.107646 0.846391 0.0517083 0.0628537
24 0.233177 0.808777 0.0875208 0.0854676
24 0.567865 0.525312 0.0603958 0.0834772
