1 0.0308047 0.198844 0.0400156 0.0665625
1 0.214172 0.254188 0.0493437 0.075375
1 0.0232578 0.12976 0.0360469 0.0416875
1 0.225188 0.142604 0.053625 0.0725833
1 0.0145547 0.21501 0.0291094 0.0505625
1 0.213563 0.21151 0.0189375 0.0148125
1 0.148289 0.16575 0.0479844 0.047625
1 0.0586641 0.237823 0.0596094 0.0721042
1 0.276758 0.0270312 0.0507656 0.0540625
1 0.248492 0.0438021 0.0502031 0.0473958
1 0.138664 0.0203333 0.0490469 0.0366667
1 0.161578 0.120146 0.0315937 0.0509167
1 0.0972422 0.248104 0.0309531 0.0612083
1 0.122719 0.101323 0.0500938 0.0638958
1 0.127297 0.197969 0.0484375 0.0418542
1 0.128891 0.90774 0.127312 0.143479
1 0.0713281 0.0960938 0.0451562 0.0478542
1 0.131742 0.269385 0.0628594 0.0693125
1 0.183102 0.230573 0.0508281 0.0506875
1 0.237023 0.170802 0.0256094 0.0556458
1 0.0165469 0.160687 0.0330937 0.063
1 0.10443 0.0200313 0.0396406 0.0400625
1 0.129953 0.237958 0.0611875 0.0539583
1 0.468672 0.18174 0.0714063 0.103563
1 0.160258 0.219531 0.0527969 0.0645625
1 0.268344 0.133833 0.00646875 0.00558333
1 0.0154141 0.242875 0.0308281 0.0259583
1 0.180602 0.0297708 0.0275469 0.00833333
1 0.321102 0.0145937 0.0460469 0.0291875
1 0.116844 0.167583 0.046375 0.0675417
1 0.0440938 0.155094 0.025375 0.0286042
1 0.328773 0.0325833 0.0473594 0.055
1 0.284891 0.0562083 0.0265 0.0202917
1 0.21232 0.177052 0.0225781 0.0344375
1 0.0739766 0.188063 0.0510469 0.061375
1 0.0761328 0.135177 0.0517656 0.0646458
1 0.975211 0.155396 0.0495781 0.1355
1 0.262164 0.203885 0.0564844 0.0635625
1 0.233352 0.017125 0.0383906 0.03425
1 0.988984 0.400687 0.0220312 0.112417
1 0.0819922 0.114635 0.0433594 0.0346875
1 0.994039 0.653844 0.0119219 0.0978125
1 0.211109 0.0457708 0.0362813 0.0416667
1 0.182922 0.0149479 0.0466562 0.0298958
1 0.952172 0.508396 0.0908438 0.122333
1 0.184266 0.181812 0.057125 0.0574167
0 0.330094 0.357896 0.09025 0.122708
0 0.149188 0.444833 0.0866563 0.0990417
0 0.329922 0.458771 0.0401562 0.0649167
0 0.0172422 0.584427 0.0290781 0.0786042
0 0.432531 0.322417 0.0699375 0.1
0 0.378945 0.302833 0.0765781 0.111833
0 0.268492 0.319646 0.0770156 0.126708
0 0.158398 0.381229 0.0743906 0.0833333
0 0.157711 0.506052 0.0906719 0.106688
0 0.0806016 0.682281 0.0950469 0.136021
0 0.0708594 0.579156 0.0895312 0.116271
0 0.110742 0.39426 0.0482031 0.0458125
0 0.270187 0.449563 0.0819688 0.131208
0 0.157336 0.321781 0.0772969 0.109104
0 0.220711 0.313052 0.0514531 0.0852292
0 0.370711 0.253146 0.0832656 0.067125
0 0.250602 0.252312 0.0294531 0.042125
0 0.102305 0.347667 0.0470469 0.0630417
0 0.386 0.429062 0.0779062 0.129708
0 0.0523125 0.412021 0.0791875 0.0946667
0 0.0996484 0.434594 0.0501094 0.0593958
0 0.0215312 0.382802 0.0430625 0.0836458
0 0.0479141 0.318365 0.0649219 0.0687708
0 0.0408125 0.506219 0.0783438 0.120896
0 0.32375 0.276438 0.0375625 0.04925
0 0.0122109 0.449313 0.0244219 0.0523333
0 0.0515469 0.380854 0.077125 0.0950417
0 0.16493 0.596083 0.0828594 0.140125
0 0.445 0.264188 0.071375 0.0598333
0 0.0964922 0.326906 0.0563906 0.0711875
0 0.0118438 0.303823 0.0236875 0.0785625
0 0.0918047 0.497365 0.0532031 0.0859792
0 0.217383 0.403604 0.0811719 0.133917
0 0.0293672 0.65526 0.0581406 0.0962708
0 0.303781 0.462854 0.048375 0.106083
