4 0.441062 0.543057 0.04575 0.016518
4 0.35275 0.422091 0.0315312 0.0423142
4 0.40443 0.472739 0.0525156 0.0198726
4 0.506898 0.507558 0.0273281 0.0187261
4 0.369195 0.416231 0.0152969 0.042569
4 0.349984 0.538694 0.0294375 0.0158599
4 0.595273 0.427335 0.0255781 0.0187898
4 0.34318 0.502495 0.0230156 0.0346285
4 0.369859 0.48621 0.0515312 0.0205308
4 0.480914 0.547983 0.0324219 0.0365605
4 0.361984 0.527845 0.0503437 0.0216773
4 0.647023 0.466837 0.0402031 0.0212739
4 0.54743 0.483312 0.0257656 0.0295541
4 0.299984 0.449597 0.0569687 0.042293
4 0.564445 0.502113 0.0226406 0.0164119
4 0.56732 0.399766 0.0288906 0.0174522
4 0.620359 0.47741 0.0229687 0.0216985
4 0.462008 0.571497 0.0359844 0.0218047
4 0.292406 0.448248 0.0478125 0.0448195
4 0.502633 0.470817 0.0356719 0.0205308
4 0.283312 0.442049 0.0325 0.037431
4 0.514516 0.427102 0.0264688 0.0169214
4 0.491813 0.410106 0.0387813 0.0333333
4 0.570687 0.438142 0.02275 0.0268153
4 0.311 0.388737 0.0443438 0.027707
4 0.476727 0.404512 0.0141406 0.0287261
4 0.385742 0.507675 0.0430469 0.0181953
4 0.452039 0.504671 0.0209531 0.0236093
4 0.604945 0.470924 0.0319219 0.0187898
4 0.629391 0.426868 0.0245312 0.028811
4 0.353094 0.469214 0.0386562 0.033673
4 0.492461 0.440074 0.0422344 0.0207431
4 0.330445 0.462834 0.0342031 0.053949
4 0.383055 0.550626 0.0382656 0.031741
4 0.562789 0.424628 0.0260469 0.0184713
4 0.356773 0.389809 0.0198281 0.0271762
4 0.486719 0.496231 0.0248438 0.0170488
4 0.527672 0.4719 0.0187187 0.0295754
4 0.308688 0.467611 0.0464375 0.0484713
4 0.511953 0.5638 0.0344687 0.0315499
4 0.294438 0.469023 0.0485 0.0312951
4 0.469188 0.51293 0.0360625 0.0266667
4 0.455102 0.551879 0.0402031 0.023758
4 0.49175 0.565945 0.024375 0.0498089
4 0.583898 0.457527 0.0202031 0.0420594
4 0.64382 0.447728 0.0400156 0.0194904
4 0.649914 0.432251 0.0362656 0.0281104
4 0.429211 0.410202 0.0155781 0.0338641
4 0.550664 0.417208 0.0309531 0.0143737
4 0.330648 0.379172 0.0364531 0.0374947
4 0.372148 0.390786 0.0160469 0.0584713
4 0.324313 0.500074 0.0340625 0.0347983
4 0.414039 0.449766 0.0458906 0.0223355
4 0.515477 0.453907 0.0294531 0.0202123
4 0.663648 0.458174 0.0292656 0.0264119
4 0.434977 0.49862 0.0268906 0.0261571
4 0.399523 0.412633 0.0363906 0.0423355
4 0.624703 0.409225 0.0274687 0.0285138
4 0.488367 0.416996 0.0136719 0.0124628
4 0.592898 0.489416 0.0417031 0.020276
4 0.4665 0.476476 0.00759375 0.0203822
4 0.601273 0.448949 0.0297344 0.0198514
4 0.521469 0.568726 0.0290625 0.0253928
4 0.597617 0.505573 0.0387031 0.0330998
4 0.37793 0.570594 0.0305781 0.0138429
4 0.573094 0.469607 0.0162813 0.0173885
4 0.454539 0.458981 0.0283594 0.0230573
4 0.537469 0.568896 0.01625 0.0208493
4 0.452578 0.527155 0.0463438 0.0201274
4 0.607055 0.415531 0.0211406 0.0166667
4 0.426094 0.477696 0.0412813 0.0216348
4 0.476609 0.531115 0.0333437 0.0353928
4 0.63382 0.399968 0.0152969 0.0260085
4 0.447508 0.412272 0.0347969 0.0340552
4 0.409445 0.516104 0.0496094 0.0282166
4 0.304602 0.499236 0.0445156 0.0259023
4 0.432906 0.459023 0.033875 0.0214437
4 0.389602 0.457335 0.0358906 0.0201486
4 0.362063 0.516433 0.0414687 0.0214013
4 0.534055 0.415552 0.0162656 0.0386624
4 0.397953 0.437696 0.0357813 0.00940552
4 0.566281 0.450987 0.0258125 0.0190446
4 0.546906 0.451221 0.0235625 0.0222293
4 0.424906 0.525127 0.032125 0.020276
4 0.315961 0.418514 0.0465156 0.0332484
