1 0.680385 0.381039 0.141354 0.0283594
1 0.409906 0.601766 0.233188 0.175406
1 0.845427 0.374688 0.0481875 0.0206563
1 0.915646 0.716758 0.168708 0.127359
1 0.225635 0.577086 0.0388958 0.0477969
1 0.892323 0.908461 0.206104 0.178234
1 0.227177 0.75468 0.0818542 0.0264531
1 0.57676 0.755805 0.190104 0.169234
1 0.811031 0.745844 0.374104 0.209781
1 0.17 0.482805 0.104083 0.0418281
1 0.280792 0.428242 0.0784167 0.0209531
1 0.525042 0.363227 0.032625 0.0222031
1 0.511792 0.431773 0.154375 0.0714531
1 0.0947187 0.410555 0.0483125 0.0199219
1 0.386896 0.778492 0.182333 0.306266
1 0.517563 0.377141 0.12475 0.0261875
1 0.769073 0.391891 0.0892292 0.021125
1 0.77675 0.560203 0.14225 0.123094
1 0.171979 0.550563 0.0740417 0.066375
1 0.477531 0.705406 0.100354 0.173906
1 0.178115 0.612133 0.0846458 0.0862031
1 0.671104 0.91132 0.291042 0.177359
