4 0.531883 0.594083 0.0524531 0.119917
4 0.211625 0.618531 0.0528125 0.121312
4 0.826313 0.95824 0.0487812 0.0835208
4 0.346625 0.603594 0.05 0.130771
4 0.113031 0.701406 0.0945 0.150521
4 0.701453 0.539635 0.0565312 0.0834375
4 0.936609 0.833719 0.104125 0.212937
4 0.146945 0.706302 0.107609 0.166729
4 0.257437 0.705281 0.124656 0.168188
4 0.61575 0.664188 0.0554375 0.102875
4 0.445586 0.586635 0.0540781 0.134812
4 0.723555 0.658271 0.00979688 0.0492083
4 0.565711 0.569281 0.0410469 0.0887292
4 0.484211 0.697177 0.0455781 0.176938
4 0.690852 0.666531 0.0469219 0.0889792
4 0.325773 0.606073 0.0446094 0.129479
4 0.868961 0.493104 0.0407344 0.0487083
4 0.794797 0.581531 0.0498125 0.0943542
4 0.848484 0.519802 0.028 0.0726458
4 0.645898 0.535594 0.0307656 0.0936042
4 0.784586 0.59649 0.0475156 0.120854
4 0.0735625 0.709385 0.146531 0.170896
4 0.762219 0.696438 0.0824375 0.137458
4 0.901352 0.545312 0.0444219 0.0612917
4 0.440023 0.883094 0.165672 0.224896
4 0.919844 0.527823 0.031625 0.0843542
4 0.517664 0.8555 0.0652969 0.241583
4 0.223914 0.710031 0.130359 0.166021
4 0.953258 0.575896 0.0205781 0.04
4 0.760117 0.568219 0.00626562 0.0438125
4 0.653367 0.59651 0.0423281 0.122313
4 0.744945 0.857865 0.0631719 0.159979
4 0.940242 0.659229 0.0595469 0.0878333
4 0.379734 0.686 0.0969688 0.210208
4 0.332031 0.689937 0.115156 0.2065
4 0.647281 0.699313 0.136937 0.142625
4 0.985055 0.787729 0.0282969 0.12075
4 0.171187 0.621521 0.0604688 0.120333
4 0.975914 0.581281 0.0290469 0.0446042
4 0.409219 0.874365 0.163656 0.237437
4 0.610375 0.691052 0.136781 0.176646
4 0.685133 0.59649 0.0366719 0.117354
4 0.941 0.524542 0.0245625 0.0740833
4 0.453922 0.697729 0.0801875 0.182375
4 0.0085 0.632313 0.016 0.0785417
4 0.433789 0.558698 0.0114844 0.0574792
4 0.978828 0.680885 0.0423437 0.124437
4 0.805609 0.85924 0.158688 0.176938
4 0.779125 0.655 0.0626875 0.0884583
4 0.630672 0.549406 0.0326875 0.0720625
4 0.429078 0.595354 0.03025 0.137917
4 0.833203 0.852906 0.192719 0.186646
4 0.301391 0.596656 0.0284063 0.114854
4 0.988984 0.656937 0.0163438 0.07975
4 0.206445 0.362104 0.123266 0.101542
4 0.202273 0.7095 0.142047 0.165833
4 0.28368 0.971531 0.0319219 0.0523125
4 0.701898 0.588562 0.0459844 0.110125
4 0.918898 0.493458 0.0646094 0.0484583
4 0.009625 0.556156 0.01925 0.0542292
4 0.81657 0.520385 0.0346094 0.0725625
4 0.725297 0.695333 0.0847813 0.140458
4 0.962578 0.531677 0.0360625 0.0913125
4 0.664156 0.507875 0.00865625 0.035
4 0.896781 0.793448 0.1015 0.141313
4 0.905914 0.657625 0.0738281 0.1335
4 0.188391 0.32576 0.123812 0.109187
4 0.935016 0.582469 0.0898438 0.113979
4 0.710211 0.875365 0.0677969 0.182938
4 0.615141 0.603677 0.044125 0.106229
4 0.204812 0.292521 0.0902813 0.0949167
4 0.531102 0.693385 0.0494219 0.173854
4 0.739977 0.559625 0.0168281 0.0465833
4 0.415867 0.561844 0.0105781 0.0563958
4 0.931047 0.572562 0.0461562 0.0430833
4 0.745375 0.955844 0.0646875 0.0869375
4 0.312914 0.978375 0.0305469 0.04325
4 0.252133 0.975188 0.0407031 0.049625
4 0.898883 0.58525 0.0867344 0.128458
4 0.59193 0.577708 0.00626562 0.042
4 0.406523 0.593771 0.0269219 0.138208
4 0.609484 0.579323 0.0300625 0.0873542
4 0.695906 0.541542 0.0589688 0.1005
4 0.986289 0.577698 0.0274219 0.0343542
4 0.777875 0.690115 0.0819375 0.137229
4 0.395094 0.549156 0.0224062 0.0478958
4 0.117289 0.649698 0.0287344 0.0377708
4 0.824211 0.526823 0.0291094 0.0955625
4 0.873133 0.634781 0.0392031 0.0878542
4 0.968836 0.938292 0.0617344 0.122458
4 0.869234 0.66651 0.12025 0.167479
4 0.78682 0.962031 0.0317344 0.0759375
4 0.49593 0.589906 0.0240469 0.110812
4 0.782352 0.527271 0.0348281 0.0514583
4 0.334492 0.952448 0.0237656 0.0951042
4 0.524836 0.875833 0.166203 0.248333
4 0.267859 0.605156 0.0751875 0.142063
4 0.971039 0.808969 0.0579219 0.154812
4 0.856289 0.508677 0.0274531 0.0554792
4 0.849984 0.561792 0.062125 0.0969167
4 0.660797 0.961344 0.033375 0.0519792
4 0.0204766 0.629073 0.0409531 0.0986458
4 0.963781 0.653448 0.01325 0.0501458
4 0.313836 0.57051 0.00942187 0.0436458
