0 0.151267 0.42848 0.04232 0.02608
0 0.414427 0.48103 0.0444267 0.03538
0 0.273907 0.44468 0.03208 0.01724
0 0.269107 0.30081 0.0225333 0.01622
0 0.39284 0.50789 0.0352267 0.0215
0 0.143933 0.41017 0.0348533 0.02282
0 0.257667 0.83423 0.0691467 0.05002
0 0.223453 0.75321 0.0606133 0.04574
0 0.278587 0.52832 0.0495467 0.03672
0 0.30968 0.79817 0.0650133 0.04906
0 0.17844 0.97417 0.06456 0.05102
0 0.4388 0.46132 0.0358933 0.01752
0 0.441693 0.91372 0.0598133 0.04488
0 0.1588 0.8971 0.0671467 0.05144
0 0.434973 0.49103 0.0587467 0.04034
0 0.0684933 0.98836 0.02184 0.02
0 0.12404 0.46634 0.0558667 0.04308
0 0.146667 0.93035 0.0813867 0.05718
0 0.353653 0.46872 0.0280533 0.01692
0 0.05484 0.85315 0.0767733 0.05522
0 0.204413 0.93197 0.0412533 0.02954
0 0.0806133 0.94989 0.05728 0.05518
0 0.39412 0.46247 0.0445067 0.03238
0 0.148267 0.34551 0.0283733 0.02282
0 0.196053 0.52357 0.0569067 0.03842
0 0.175213 0.3415 0.0254667 0.01716
0 0.35284 0.80899 0.0369867 0.03282
0 0.0786133 0.49009 0.056 0.03378
0 0.195627 0.37309 0.04272 0.02538
0 0.204787 0.49395 0.03384 0.03086
0 0.13632 0.52646 0.0594667 0.03796
0 0.22612 0.79094 0.0588533 0.04852
0 0.0686933 0.79615 0.0707733 0.04154
0 0.269587 0.80214 0.0302133 0.02504
0 0.15124 0.78641 0.0660533 0.05006
0 0.125467 0.40904 0.0331733 0.02512
0 0.26328 0.96718 0.0765867 0.0594
0 0.25252 0.43097 0.0298933 0.01982
0 0.09088 0.39067 0.0392533 0.03002
0 0.352827 0.26236 0.02256 0.01232
0 0.11156 0.9714 0.08296 0.05508
0 0.0760533 0.44936 0.0441067 0.03668
0 0.188707 0.35818 0.0190667 0.00928
0 0.355013 0.88218 0.0624 0.0468
0 0.28168 0.2655 0.0130667 0.01404
0 0.0167333 0.95898 0.0256267 0.03436
0 0.237547 0.54994 0.05984 0.04188
0 0.252053 0.92915 0.0620267 0.04034
0 0.218613 0.3159 0.0266667 0.01744
0 0.268187 0.45231 0.0218667 0.0123
0 0.189973 0.82031 0.0646933 0.0361
0 0.41292 0.87475 0.0646133 0.04742
0 0.255787 0.75455 0.0209067 0.02654
0 0.292507 0.27272 0.0265067 0.01656
0 0.0769467 0.52145 0.0610933 0.04186
0 0.0725333 0.41036 0.0381333 0.03204
0 0.20684 0.9532 0.04376 0.04948
0 0.237747 0.48496 0.0475467 0.03868
0 0.31384 0.26767 0.0239467 0.01658
0 0.132373 0.79994 0.0564267 0.03736
0 0.25556 0.28697 0.01368 0.01282
0 0.0476533 0.4226 0.02704 0.01684
0 0.0157867 0.84479 0.02528 0.03502
0 0.189547 0.79139 0.0310933 0.03118
0 0.07324 0.55848 0.0585333 0.03788
0 0.13556 0.39279 0.0414667 0.01686
0 0.13812 0.37352 0.0348533 0.01308
0 0.257267 0.51467 0.0519733 0.03794
0 0.0361467 0.90641 0.0722933 0.05386
0 0.182413 0.55858 0.0575733 0.03968
0 0.382227 0.92159 0.0694133 0.0477
0 0.23684 0.45248 0.04616 0.0218
0 0.0452667 0.46012 0.05608 0.02692
0 0.371213 0.48907 0.0321333 0.02102
0 0.155187 0.30589 0.0222133 0.0159
0 0.189947 0.46706 0.0376533 0.0262
0 0.210413 0.41994 0.02888 0.0162
0 0.27248 0.28388 0.0157333 0.0164
0 0.28152 0.28834 0.0232533 0.01872
0 0.385893 0.8166 0.0395733 0.03476
0 0.133653 0.33267 0.0269867 0.0177
0 0.33684 0.84229 0.0681333 0.05006
0 0.2862 0.31851 0.0130933 0.01478
0 0.182453 0.76757 0.04432 0.03278
0 0.338613 0.26667 0.02256 0.01334
0 0.17064 0.44906 0.0215467 0.01508
0 0.40884 0.81295 0.0503733 0.03202
0 0.20924 0.43281 0.0350133 0.0271
0 0.4004 0.47141 0.04512 0.03206
0 0.0628267 0.8235 0.06848 0.04184
0 0.22784 0.42489 0.0201067 0.02158
0 0.46072 0.47166 0.0474133 0.02764
0 0.299267 0.25669 0.0223733 0.01582
0 0.297413 0.25371 0.0259733 0.01974
0 0.256973 0.38798 0.03816 0.02648
0 0.196733 0.3058 0.0229067 0.01588
0 0.16332 0.35536 0.0273867 0.01396
0 0.394 0.84932 0.0620267 0.04908
0 0.203453 0.44474 0.0311733 0.02392
0 0.299173 0.31649 0.00581333 0.01102
0 0.11792 0.37654 0.02016 0.02488
0 0.115707 0.99138 0.0696 0.01724
0 0.459627 0.50654 0.0557333 0.0264
0 0.125533 0.5625 0.0556533 0.03916
0 0.215347 0.32569 0.0225867 0.01898
0 0.171253 0.48281 0.0484267 0.04178
0 0.12092 0.76863 0.0574133 0.04242
0 0.346653 0.78191 0.0502667 0.03934
0 0.313 0.92583 0.0646133 0.04906
0 0.27588 0.77513 0.05384 0.03794
0 0.0969067 0.90397 0.0591467 0.04642
0 0.223053 0.89508 0.06008 0.04924
0 0.20572 0.33705 0.0241333 0.01358
0 0.0273733 0.55289 0.0547467 0.03702
0 0.01816 0.87526 0.03632 0.03232
0 0.0871067 0.46634 0.03192 0.01916
0 0.0541733 0.43624 0.03912 0.02736
0 0.18304 0.44518 0.0358933 0.02256
0 0.32476 0.25884 0.0242933 0.0182
0 0.105013 0.42564 0.0393067 0.02924
0 0.0407067 0.47674 0.06168 0.04036
0 0.384187 0.45565 0.0375467 0.02342
0 0.170787 0.32331 0.01848 0.01358
0 0.111507 0.3932 0.00978667 0.0094
0 0.303667 0.99531 0.0429067 0.0069
0 0.122467 0.34628 0.0244533 0.0182
0 0.03112 0.51569 0.05504 0.0395
0 0.247893 0.98958 0.0688533 0.02084
0 0.1026 0.45135 0.0451467 0.0223
0 0.134253 0.44139 0.0460533 0.02578
0 0.124933 0.82538 0.0594667 0.03488
0 0.19528 0.4085 0.0140267 0.00744
0 0.0212133 0.81656 0.0322933 0.03476
0 0.38384 0.77923 0.0510933 0.04462
0 0.217987 0.98814 0.0293067 0.02328
0 0.135213 0.3587 0.0223733 0.01292
0 0.175867 0.30667 0.0191467 0.01282
0 0.12412 0.85768 0.0694133 0.05148
0 0.279853 0.85057 0.0710667 0.04458
0 0.129533 0.49682 0.0560267 0.03464
0 0.02792 0.98461 0.0533333 0.03026
0 0.144507 0.32648 0.01808 0.01324
0 0.154413 0.33379 0.0188 0.00898
0 0.134307 0.30227 0.0190133 0.01158
0 0.222787 0.37102 0.02632 0.01692
0 0.298693 0.33015 0.01856 0.01274
0 0.27972 0.88115 0.0629067 0.05154
0 0.428453 0.84956 0.0385067 0.04332
0 0.17808 0.42008 0.0409067 0.03124
0 0.262173 0.26041 0.0185333 0.01554
0 0.190093 0.32512 0.0244533 0.02024
0 0.192667 0.85301 0.0649067 0.04962
0 0.223387 0.85897 0.05232 0.04206
0 0.236653 0.3245 0.0122933 0.01192
0 0.228 0.33333 0.0242667 0.01794
0 0.1182 0.37255 0.03 0.0197
0 0.312613 0.97619 0.03984 0.0419
0 0.36604 0.98 0.08376 0.03948
0 0.2166 0.39898 0.0401867 0.027
