4 0.691109 0.5235 0.0859375 0.0649167
4 0.287352 0.439208 0.0762031 0.0953333
4 0.569992 0.391333 0.0656094 0.0777083
4 0.546234 0.320771 0.0320937 0.069625
4 0.574578 0.195635 0.0623125 0.0806042
4 0.293852 0.621823 0.0555781 0.0956458
4 0.307352 0.590448 0.0644531 0.0807292
4 0.631289 0.471531 0.0659531 0.0958958
4 0.808219 0.317948 0.0375937 0.0948542
4 0.759219 0.299365 0.0317188 0.0776875
4 0.690562 0.368646 0.0502812 0.0993333
4 0.236797 0.594615 0.0682187 0.114354
4 0.387437 0.376281 0.0698125 0.104854
4 0.835086 0.393833 0.0814531 0.0965
4 0.14707 0.383813 0.0744219 0.108917
4 0.728547 0.360625 0.0445938 0.0714583
4 0.614672 0.31825 0.0339375 0.0285833
4 0.159703 0.610792 0.0755313 0.094875
4 0.344367 0.607979 0.0431719 0.073625
4 0.339156 0.449542 0.04625 0.113125
4 0.263445 0.37899 0.0948281 0.121521
4 0.578898 0.308833 0.0406406 0.055
4 0.593781 0.25549 0.0230625 0.0641458
4 0.797992 0.481406 0.0411406 0.0460208
4 0.686555 0.257198 0.0263594 0.0455625
4 0.336617 0.719094 0.0615469 0.107438
4 0.131695 0.644229 0.0791406 0.106958
4 0.223492 0.562958 0.0754219 0.102
4 0.181141 0.678844 0.0976875 0.111021
4 0.371336 0.709198 0.0342031 0.0927708
4 0.591273 0.391344 0.0330156 0.0566042
4 0.320117 0.754104 0.0665781 0.08225
