4 0.891102 0.772416 0.141703 0.236925
4 0.589602 0.619351 0.179172 0.211339
4 0.457711 0.41705 0.0685156 0.111255
4 0.605203 0.873337 0.143437 0.238473
4 0.524648 0.384801 0.0731406 0.0984728
4 0.453148 0.497741 0.0535781 0.0512134
4 0.630078 0.384655 0.0889375 0.0565063
4 0.697586 0.441517 0.0753906 0.100941
4 0.450328 0.825816 0.175781 0.2341
4 0.5035 0.661318 0.0798125 0.135063
4 0.504641 0.473128 0.0614375 0.099477
4 0.579945 0.432835 0.0743906 0.0548745
4 0.435313 0.557709 0.0844063 0.11136
4 0.660422 0.534059 0.181406 0.16113
4 0.755367 0.727877 0.132859 0.219477
