4 0.71192 0.420107 0.1868 0.181813
4 0.56866 0.521347 0.28572 0.20568
4 0.24918 0.40844 0.17844 0.1332
4 0.81457 0.3596 0.1451 0.12656
4 0.49996 0.357627 0.06704 0.05792
4 0.61664 0.254667 0.055 0.05024
4 0.32056 0.353467 0.06136 0.0736
4 0.62684 0.32656 0.03084 0.0250667
4 0.37635 0.47136 0.23642 0.13056
4 0.50724 0.395413 0.04072 0.0811733
4 0.48598 0.15344 0.55084 0.289973
23 0.23158 0.330573 0.09524 0.11352
23 0.56991 0.304213 0.1089 0.101547
23 0.68912 0.24024 0.09708 0.100853
23 0.69146 0.353547 0.12472 0.152373
23 0.39429 0.292053 0.1103 0.105653
23 0.49698 0.27492 0.09032 0.117947
23 0.55925 0.209547 0.0957 0.0921067
23 0.40818 0.369493 0.1258 0.13728
23 0.79512 0.281787 0.09436 0.10848
23 0.34758 0.280667 0.09188 0.116
23 0.56827 0.421733 0.13222 0.159467
