4 0.424481 0.554078 0.0942925 0.0276563
4 0.203243 0.477172 0.0731368 0.0318125
4 0.545389 0.554086 0.0404009 0.0432969
4 0.405318 0.525125 0.0479953 0.0295625
4 0.514847 0.488516 0.0579953 0.0250312
4 0.598656 0.545047 0.064717 0.0230937
4 0.56579 0.487719 0.0365802 0.0366563
4 0.310436 0.317391 0.0779009 0.0399687
4 0.331946 0.555594 0.100448 0.0485625
4 0.473455 0.543953 0.0487028 0.046375
4 0.539186 0.513891 0.0555896 0.0301563
4 0.453962 0.597187 0.0364623 0.0129062
4 0.609729 0.50868 0.0575708 0.0390469
