4 0.566336 0.741158 0.0724844 0.0464163
4 0.666625 0.482144 0.0363125 0.0724257
4 0.633492 0.378239 0.0224844 0.0408294
4 0.574539 0.684038 0.0320156 0.0679499
4 0.544063 0.605368 0.0292187 0.0462911
4 0.721805 0.664343 0.0191406 0.0484351
4 0.503742 0.560626 0.0425781 0.0708607
4 0.544992 0.643185 0.0299844 0.0596714
4 0.518578 0.544703 0.0342812 0.0747574
4 0.715961 0.600258 0.0166094 0.031471
4 0.717125 0.614233 0.0130625 0.0125665
4 0.664266 0.707786 0.0617188 0.0527543
4 0.640938 0.470532 0.029625 0.0511424
4 0.68168 0.570563 0.0320156 0.0641002
4 0.543281 0.712895 0.037125 0.0377465
4 0.67375 0.673693 0.0377188 0.054241
4 0.591547 0.563944 0.0297812 0.0645383
4 0.689203 0.509875 0.036625 0.0376839
4 0.572805 0.601252 0.0287344 0.0714241
4 0.527297 0.5 0.0270625 0.0640376
4 0.568852 0.526588 0.0289531 0.0812833
4 0.712664 0.644922 0.0189531 0.0476839
4 0.601375 0.591455 0.0299687 0.0546166
4 0.580617 0.720125 0.0530156 0.0597496
4 0.646437 0.589484 0.0274063 0.0543662
4 0.684625 0.604546 0.0289687 0.0388576
4 0.611812 0.38511 0.0279687 0.0577621
4 0.596766 0.641307 0.0286875 0.0876526
4 0.685883 0.716362 0.0686094 0.0419562
4 0.587266 0.438779 0.0290938 0.0840063
4 0.534695 0.451009 0.0315781 0.0792332
4 0.570656 0.63813 0.0336875 0.07241
4 0.501055 0.51302 0.0243594 0.0469797
4 0.66157 0.563498 0.0310469 0.057543
4 0.553328 0.754366 0.0504687 0.0293584
4 0.700727 0.682621 0.0317656 0.0328169
4 0.560492 0.442144 0.0269219 0.0716119
4 0.610625 0.429304 0.0330312 0.0879656
4 0.552922 0.687606 0.023625 0.0549922
4 0.692664 0.570258 0.0307344 0.0523161
4 0.636141 0.701549 0.0429062 0.0644444
4 0.62943 0.564288 0.0367344 0.0560876
4 0.622703 0.606714 0.0302187 0.0571831
4 0.531688 0.59018 0.015375 0.0423005
4 0.677789 0.63734 0.0287656 0.0525509
4 0.627352 0.519867 0.0517344 0.0541002
4 0.553711 0.413067 0.0255781 0.0848826
4 0.656109 0.607692 0.0355938 0.0415493
4 0.551602 0.570892 0.0322656 0.0679499
4 0.691961 0.743208 0.0765781 0.0346166
4 0.541039 0.529225 0.0276719 0.0753834
4 0.493242 0.451315 0.0451406 0.0892645
4 0.528359 0.637308 0.0274063 0.0715493
4 0.700797 0.609178 0.019625 0.0395775
4 0.638219 0.67018 0.0379063 0.0621127
4 0.711875 0.711283 0.0348437 0.0369327
4 0.587984 0.540775 0.02925 0.0722535
4 0.702328 0.64259 0.0264688 0.0578247
4 0.658312 0.751839 0.08475 0.038169
4 0.519781 0.643459 0.01075 0.0269171
4 0.655391 0.640407 0.03175 0.0618466
4 0.505687 0.441471 0.0341562 0.0907355
4 0.647297 0.434343 0.051625 0.0889358
4 0.619945 0.543991 0.0330469 0.0689828
4 0.606766 0.668787 0.02875 0.0687793
4 0.682289 0.535133 0.0256094 0.0358998
4 0.653727 0.534797 0.0353594 0.0525665
4 0.560594 0.496299 0.025375 0.0746009
4 0.526078 0.411745 0.0344062 0.07
4 0.68743 0.481377 0.0175156 0.0426604
4 0.667203 0.437058 0.0303438 0.0536463
4 0.632734 0.430274 0.0355 0.0950391
4 0.601992 0.703615 0.0284219 0.0717997
4 0.584359 0.394131 0.0345625 0.0686698
4 0.538547 0.687942 0.0329062 0.0533177
4 0.625578 0.646408 0.0297187 0.0630829
4 0.669453 0.451635 0.0308437 0.036072
4 0.595187 0.510743 0.026375 0.0219562
