8 0.00922353 0.643664 0.0184471 0.0182969
8 0.0872588 0.571461 0.0196941 0.0137969
8 0.2944 0.600648 0.0136471 0.0120781
8 0.180506 0.633945 0.0294824 0.0184531
8 0.184494 0.568211 0.0297882 0.0130156
8 0.157059 0.656828 0.0360941 0.019125
8 0.220071 0.605383 0.0269176 0.0162031
8 0.275318 0.580148 0.0266824 0.0159844
8 0.277282 0.593953 0.03 0.0165313
8 0.133082 0.598969 0.0307765 0.0160625
8 0.166635 0.603875 0.0350118 0.0234375
8 0.181153 0.560508 0.0242824 0.0100469
8 0.129235 0.554445 0.0257647 0.0110781
8 0.202388 0.614492 0.0307059 0.0175781
8 0.0854 0.651055 0.0216706 0.0146719
8 0.150588 0.550281 0.0256471 0.0146875
8 0.243176 0.597938 0.0286118 0.0156563
8 0.127118 0.63775 0.0376235 0.0215938
8 0.263529 0.618031 0.0235765 0.0174375
8 0.159259 0.587586 0.0292 0.0171719
8 0.0495765 0.584937 0.0228706 0.010625
8 0.0229647 0.615039 0.0242824 0.0144844
8 0.0677882 0.631344 0.0243765 0.0165937
8 0.213424 0.645094 0.0286824 0.0200625
8 0.198459 0.64768 0.0229412 0.0174531
8 0.0214471 0.630414 0.0328235 0.0186406
8 0.107271 0.665461 0.0303059 0.0165156
8 0.247906 0.652117 0.0271059 0.0122031
8 0.187612 0.588008 0.0251059 0.0129844
8 0.176059 0.651383 0.0306588 0.0195469
8 0.1056 0.601953 0.0312 0.0159063
8 0.143965 0.584742 0.0188941 0.0124219
8 0.235165 0.641516 0.0215765 0.0186562
8 0.0724471 0.591922 0.0297412 0.0145
8 0.0672588 0.567883 0.0267059 0.0155156
8 0.147471 0.614219 0.0304235 0.0202188
8 0.235153 0.619734 0.0356235 0.0192187
8 0.104094 0.652078 0.0239059 0.0150937
8 0.220118 0.629078 0.0262118 0.0174375
8 0.187424 0.578328 0.0319294 0.0150625
8 0.102506 0.562273 0.00543529 0.00567187
8 0.305424 0.638484 0.0179529 0.0145
8 0.0471882 0.616633 0.0321647 0.0148281
8 0.281941 0.619234 0.0209176 0.0147813
8 0.283435 0.609055 0.0228706 0.0186094
8 0.263165 0.645258 0.0311294 0.0177969
8 0.144106 0.576031 0.0315529 0.01475
8 0.0986353 0.636109 0.0383529 0.0203438
8 0.116129 0.568312 0.0206353 0.0132812
8 0.0505765 0.600516 0.0358824 0.0198125
8 0.0874118 0.562523 0.0248471 0.00785938
8 0.155706 0.626695 0.0304706 0.0184219
8 0.301282 0.613961 0.0213412 0.0151406
8 0.207635 0.586305 0.0171059 0.00720313
8 0.264224 0.605438 0.0187529 0.01425
8 0.0409294 0.568953 0.0253882 0.0109063
8 0.140294 0.562672 0.0222353 0.0134687
8 0.273247 0.632375 0.0244235 0.017875
8 0.0858941 0.664547 0.0239294 0.0150937
8 0.00862353 0.597625 0.0172471 0.0149062
8 0.199294 0.631055 0.0221176 0.0180156
8 0.1326 0.668391 0.03 0.015375
8 0.239671 0.587492 0.0294118 0.0167656
8 0.311482 0.627133 0.0173647 0.0132969
8 0.0799765 0.636391 0.0154353 0.0162188
8 0.319953 0.637336 0.0163765 0.00989063
8 0.113624 0.612203 0.0363765 0.017
8 0.123306 0.579766 0.0130118 0.00984375
8 0.157835 0.67025 0.0354824 0.0156563
8 0.0818118 0.606102 0.0249412 0.0137031
8 0.149965 0.641937 0.0273176 0.0181562
8 0.285965 0.644773 0.0219059 0.0141406
8 0.0659647 0.646922 0.0268 0.017875
8 0.290565 0.632742 0.0174118 0.0139219
8 0.105435 0.574461 0.0254588 0.0145469
8 0.252918 0.591398 0.0274824 0.0151719
8 0.0224235 0.658133 0.0245647 0.0153906
8 0.198882 0.661859 0.0252 0.0135
8 0.0328118 0.579602 0.0224706 0.0127031
8 0.249988 0.632336 0.0264235 0.0196094
8 0.231576 0.573695 0.0278118 0.0194844
8 0.0656 0.663609 0.0246118 0.0124688
8 0.0452471 0.659266 0.0355765 0.0189375
8 0.181988 0.667211 0.0245412 0.0138906
8 0.0268706 0.598437 0.0338824 0.0190625
8 0.130647 0.655641 0.0260941 0.0154687
8 0.177718 0.61743 0.0300706 0.0186094
8 0.229094 0.656133 0.0276941 0.0134531
8 0.208706 0.594695 0.0192 0.0112031
8 0.118106 0.561375 0.0255765 0.0124688
8 0.0617882 0.618766 0.024 0.0156563
8 0.0451176 0.630539 0.0276471 0.0155469
8 0.0875529 0.619125 0.0309647 0.0195938
8 0.120835 0.622211 0.0307059 0.0197344
8 0.0771059 0.577797 0.0112 0.00825
4 0.322282 0.479727 0.0260706 0.0131719
4 0.152788 0.472367 0.0289647 0.0136406
4 0.257388 0.494453 0.0360941 0.0169063
4 0.193976 0.516148 0.0229647 0.0144531
4 0.2892 0.496188 0.0288 0.0159375
4 0.171082 0.516766 0.0268706 0.01225
4 0.193341 0.478695 0.0296 0.0167031
4 0.236082 0.50618 0.026 0.0142656
4 0.320588 0.494242 0.0378824 0.0192031
4 0.351035 0.515844 0.0266353 0.0152187
4 0.241224 0.518281 0.0260706 0.0121563
4 0.268294 0.516312 0.0292 0.0144687
4 0.244518 0.481453 0.0233412 0.0159688
4 0.151847 0.514844 0.0248235 0.014125
4 0.311894 0.504617 0.0305647 0.0152656
4 0.191435 0.470766 0.0301176 0.0129688
4 0.240094 0.467883 0.0235765 0.0122031
4 0.3666 0.516703 0.0124 0.0101875
4 0.188553 0.505602 0.0273176 0.0170469
4 0.276376 0.464461 0.0210824 0.0106719
4 0.326776 0.516836 0.0256941 0.0144531
4 0.261353 0.466961 0.0185647 0.00929687
4 0.294988 0.482984 0.0270118 0.018125
4 0.168965 0.501836 0.0210824 0.0191719
4 0.217694 0.516086 0.0274353 0.0150781
4 0.230224 0.494391 0.0203529 0.0119375
4 0.309424 0.48275 0.00849412 0.0115
4 0.254882 0.475062 0.0315059 0.0121875
4 0.298188 0.517758 0.0336941 0.0167656
4 0.344765 0.4915 0.0192706 0.0131875
4 0.1504 0.501867 0.0241412 0.0143906
4 0.285553 0.50782 0.0277647 0.0162031
4 0.258553 0.507352 0.0267059 0.0160469
4 0.269706 0.482953 0.0252471 0.0133125
4 0.335318 0.508617 0.0220235 0.0141719
4 0.362647 0.500469 0.0184706 0.0139063
4 0.169106 0.479914 0.0206118 0.0108594
4 0.286506 0.475086 0.0367294 0.0135781
4 0.212753 0.503672 0.0300706 0.01775
4 0.221365 0.485602 0.0221176 0.0134844
4 0.151953 0.486719 0.0279529 0.0163438
4 0.1818 0.489148 0.0247765 0.0136094
4 0.214306 0.469781 0.0149647 0.0079375
4 0.221882 0.475953 0.0278118 0.0127188
4 0.3788 0.510875 0.0231529 0.0181562
