1 0.479461 0.62904 0.0302656 0.0343134
1 0.634875 0.630202 0.029375 0.0290317
1 0.668039 0.608609 0.0321406 0.0371479
1 0.586453 0.457016 0.030875 0.0283275
1 0.731055 0.626356 0.0346406 0.0350352
1 0.925422 0.55559 0.0181562 0.0256162
1 0.467508 0.60478 0.0304531 0.033257
1 0.60318 0.641761 0.0322344 0.027007
1 0.64925 0.450871 0.027125 0.0338556
1 0.570211 0.643688 0.0317969 0.0298063
1 0.66507 0.487315 0.0167344 0.0267782
1 0.573102 0.453512 0.0227344 0.0314613
1 0.598281 0.444005 0.0250937 0.0360387
1 0.921352 0.507245 0.0215156 0.0225528
1 0.62832 0.599146 0.0326406 0.0376585
1 0.665914 0.505202 0.00882813 0.0201937
1 0.470906 0.672236 0.0283438 0.0302817
1 0.904516 0.507086 0.0185312 0.0223768
1 0.448102 0.621417 0.0304531 0.0350176
1 0.675375 0.575211 0.0365938 0.0360563
1 0.614719 0.416549 0.03025 0.0310211
1 0.621508 0.447104 0.0320781 0.0277641
1 0.62475 0.428548 0.0293125 0.0256866
1 0.681375 0.63904 0.0311875 0.0376232
1 0.92993 0.572676 0.0194844 0.0219366
1 0.910344 0.572579 0.015875 0.017588
1 0.495609 0.607817 0.0301875 0.0276056
1 0.67607 0.538187 0.0162344 0.0329225
1 0.80732 0.517509 0.0156406 0.00776408
1 0.405422 0.583609 0.0225312 0.0259859
1 0.490812 0.693019 0.0270937 0.0290669
1 0.491875 0.656074 0.0294063 0.0293662
1 0.462289 0.648724 0.0316719 0.0313204
1 0.618898 0.562342 0.0129219 0.0130986
