4 0.100203 0.529868 0.0359375 0.024929
4 0.408437 0.330172 0.0375313 0.03
4 0.207984 0.48571 0.0164375 0.033854
4 0.350266 0.372292 0.0332188 0.0556187
4 0.370992 0.396268 0.0222656 0.0249087
4 0.172391 0.473337 0.0274687 0.024929
4 0.102875 0.553063 0.0402187 0.0244625
4 0.177109 0.449564 0.0275625 0.0275254
4 0.446922 0.283844 0.036 0.0238742
4 0.0756094 0.579442 0.0197813 0.0286613
4 0.269641 0.454706 0.0233125 0.0182961
4 0.404063 0.387363 0.00903125 0.0142799
4 0.381898 0.305862 0.0323281 0.0485598
4 0.374242 0.431176 0.0143281 0.0234888
4 0.340313 0.336826 0.0279063 0.0198986
4 0.424078 0.342688 0.01625 0.0145436
4 0.0894766 0.581602 0.0390156 0.0427586
4 0.181391 0.505223 0.052875 0.0678499
4 0.154664 0.562383 0.00917187 0.010284
4 0.108648 0.579391 0.0227031 0.0313996
4 0.414984 0.359807 0.0166875 0.0240771
4 0.287953 0.393905 0.0158438 0.0278905
4 0.453367 0.304655 0.0483281 0.0262677
4 0.326398 0.439939 0.0286094 0.0249087
4 0.32493 0.351359 0.0179219 0.0189858
4 0.252258 0.498519 0.0463594 0.033428
4 0.0768906 0.551105 0.0135937 0.0193712
4 0.466266 0.319919 0.0229062 0.0112373
4 0.407172 0.305426 0.020375 0.0247262
4 0.148461 0.465882 0.0224219 0.0216227
4 0.343625 0.41713 0.0265937 0.016288
4 0.327297 0.369848 0.0264688 0.0327992
4 0.127242 0.498093 0.0187344 0.0218661
4 0.196422 0.458966 0.0284063 0.0294523
4 0.279555 0.361034 0.0224844 0.0260852
4 0.214727 0.4586 0.0130156 0.0141988
4 0.309734 0.348479 0.0222812 0.0318864
4 0.0734063 0.54501 0.0253125 0.0239757
4 0.129523 0.575578 0.0263594 0.0444219
4 0.222289 0.509817 0.0253594 0.0445842
4 0.151531 0.546978 0.0224062 0.0209331
4 0.12875 0.545761 0.0388125 0.033144
4 0.135617 0.524888 0.0417969 0.0185396
4 0.0776875 0.533063 0.0234062 0.0231237
4 0.13857 0.503945 0.0305156 0.03
4 0.351039 0.422576 0.0262031 0.0114402
4 0.390508 0.375416 0.0277656 0.0380933
4 0.245969 0.43858 0.05175 0.0456795
4 0.470711 0.292596 0.0181719 0.0187424
4 0.112219 0.511907 0.02775 0.0204057
4 0.390891 0.343509 0.0349062 0.0198377
4 0.255156 0.512333 0.024625 0.0267343
4 0.267453 0.476136 0.0220312 0.0315416
4 0.323578 0.411055 0.016 0.0190669
4 0.0583828 0.56497 0.0299531 0.023854
4 0.317992 0.396886 0.0125156 0.0224544
4 0.353914 0.448063 0.0292656 0.0449696
4 0.296078 0.347606 0.0200938 0.0257201
4 0.190992 0.535426 0.0361406 0.0289452
4 0.339156 0.350882 0.0194062 0.0206288
4 0.302945 0.404564 0.0287344 0.0312779
4 0.334648 0.38646 0.0151094 0.045497
4 0.410219 0.289594 0.020625 0.023002
4 0.101758 0.509909 0.0320156 0.0235903
4 0.381406 0.408245 0.0493437 0.0443611
4 0.380055 0.33429 0.0282656 0.0158418
4 0.243328 0.471197 0.0210625 0.0190264
4 0.221953 0.476014 0.0258125 0.0297566
4 0.358047 0.328763 0.0169375 0.0128195
4 0.157094 0.486592 0.02275 0.0171602
4 0.423352 0.314331 0.0229844 0.0163286
4 0.443422 0.328124 0.0215938 0.0196146
4 0.373586 0.372921 0.0214219 0.0204462
4 0.151953 0.580355 0.0148125 0.0276065
4 0.35932 0.388124 0.0115469 0.0140974
4 0.138625 0.483266 0.021 0.0162677
4 0.382477 0.356318 0.0160156 0.0197363
4 0.169195 0.543256 0.0134844 0.016856
4 0.145805 0.574655 0.0122031 0.0287018
4 0.306969 0.378022 0.0261562 0.0262677
4 0.421766 0.295142 0.00990625 0.0131237
4 0.19657 0.509645 0.0136406 0.0224544
4 0.215453 0.441349 0.0259688 0.0233469
