1 0.538398 0.699604 0.166141 0.126014
1 0.657547 0.545012 0.187781 0.342424
1 0.866289 0.850198 0.267422 0.221935
1 0.924594 0.513823 0.150812 0.185221
1 0.88175 0.366445 0.235 0.21303
1 0.567461 0.848427 0.326984 0.236993
1 0.700625 0.835583 0.139344 0.255781
1 0.332359 0.618263 0.1555 0.205245
1 0.398109 0.779091 0.186 0.279114
1 0.572516 0.450058 0.155688 0.137786
1 0.852711 0.593753 0.247922 0.39035
1 0.744648 0.745932 0.0917031 0.102261
1 0.957516 0.72993 0.0830313 0.0641958
1 0.366312 0.698671 0.1095 0.146014
1 0.495688 0.53472 0.206937 0.229487
1 0.658867 0.441399 0.0619531 0.0807459
1 0.763281 0.413054 0.0179063 0.0751981
4 0.0771797 0.182541 0.154359 0.360839
4 0.172359 0.318753 0.344719 0.637506
4 0.464297 0.248182 0.620812 0.375431
4 0.661625 0.263683 0.673906 0.523823
4 0.475445 0.0854312 0.276328 0.164615
4 0.21107 0.53648 0.252672 0.275338
