6 0.205844 0.644083 0.0859062 0.10875
6 0.222133 0.522281 0.0735156 0.103813
6 0.0827969 0.531375 0.126812 0.099125
6 0.0636797 0.599802 0.0849531 0.196813
6 0.135695 0.500281 0.0586094 0.0785625
6 0.325148 0.575812 0.0518594 0.0732917
6 0.0141563 0.5295 0.0283125 0.0701667
6 0.102695 0.569271 0.0668281 0.0884167
6 0.129297 0.694302 0.0862813 0.0855625
6 0.250859 0.488646 0.144156 0.111042
6 0.18668 0.56149 0.0715469 0.0933542
6 0.2735 0.537458 0.0934688 0.176542
6 0.0779766 0.473917 0.0567656 0.0457083
6 0.147703 0.555052 0.132031 0.195813
6 0.167195 0.486812 0.0335156 0.05
6 0.258836 0.639719 0.0183906 0.0159792
6 0.171422 0.512531 0.0216875 0.0146042
6 0.0155703 0.589844 0.0311406 0.0830208
6 0.0425547 0.621177 0.0657344 0.0793125
4 0.65775 0.612646 0.116781 0.104792
4 0.673164 0.523865 0.0602969 0.0762292
4 0.551805 0.649188 0.115828 0.203375
4 0.724656 0.599146 0.101156 0.198542
4 0.599781 0.549948 0.104219 0.0978542
4 0.658953 0.692156 0.175812 0.159187
