1 0.162734 0.866671 0.113375 0.179597
1 0.0318516 0.975415 0.0637031 0.0491706
1 0.315078 0.0743602 0.102625 0.139052
1 0.452156 0.954609 0.115781 0.090782
1 0.288203 0.151706 0.106313 0.163223
1 0.231273 0.249242 0.112453 0.163602
1 0.331758 0.276481 0.102672 0.151445
1 0.384461 0.702536 0.105922 0.164123
1 0.416484 0.2775 0.0700625 0.1059
1 0.125742 0.234455 0.100547 0.154976
1 0.346578 0.83532 0.105781 0.170118
1 0.0355078 0.614988 0.0710156 0.137844
1 0.154758 0.710995 0.105422 0.156493
1 0.0204766 0.147275 0.0395781 0.081327
1 0.0864062 0.157974 0.0962187 0.120972
1 0.12457 0.597287 0.114359 0.163389
1 0.274867 0.874597 0.116328 0.175687
1 0.260344 0.719254 0.111781 0.156137
1 0.294352 0.46096 0.119453 0.170355
1 0.113266 0.0818483 0.102031 0.128815
1 0.311492 0.700284 0.0609219 0.129242
1 0.462883 0.357073 0.0911719 0.146327
1 0.0388281 0.241268 0.0747812 0.151825
1 0.0552891 0.887417 0.110578 0.18763
1 0.366195 0.368732 0.114859 0.167796
1 0.433016 0.714763 0.0311563 0.110806
1 0.233328 0.607595 0.115375 0.142536
1 0.0918984 0.304194 0.0615781 0.107014
1 0.375422 0.19481 0.0958125 0.148483
1 0.0469453 0.730273 0.0917969 0.163152
1 0.189906 0.306339 0.0579687 0.101019
1 0.0755938 0.48154 0.111813 0.160664
1 0.33818 0.955379 0.114891 0.0892417
1 0.357602 0.592275 0.107953 0.164123
1 0.211734 0.0758768 0.0967187 0.122891
1 0.171094 0.0344668 0.098875 0.0689336
1 0.493539 0.469964 0.0845469 0.129028
1 0.034375 0.0937915 0.0665 0.111801
1 0.217094 0.816197 0.0514375 0.0820616
1 0.184766 0.152393 0.101594 0.14109
1 0.185398 0.497133 0.109734 0.167204
1 0.265023 0.0331635 0.0900781 0.066327
1 0.224836 0.953282 0.107984 0.0895024
1 0.449016 0.83205 0.101125 0.157749
1 0.411164 0.489431 0.103609 0.152085
1 0.261672 0.368211 0.0988125 0.137607
1 0.454437 0.610829 0.0905 0.146635
1 0.156914 0.373709 0.108578 0.155142
1 0.311109 0.521422 0.0999063 0.107725
1 0.116195 0.957725 0.109797 0.0829384
1 0.471812 0.283152 0.0489062 0.0561611
1 0.08125 0.0313863 0.0809688 0.0627725
1 0.0524063 0.377429 0.104813 0.16045
1 0.0118672 0.488981 0.0227344 0.13128
1 0.0216484 0.028673 0.0432969 0.052654
1 0.0878984 0.66564 0.0378594 0.0555924
1 0.435703 0.217903 0.0290938 0.0738152
1 0.0806562 0.754336 0.120313 0.14
