7 0.783641 0.842435 0.0509063 0.0690588
7 0.885641 0.575059 0.0528438 0.0834824
7 0.900867 0.6234 0.0396719 0.0579529
7 0.818672 0.867953 0.0623437 0.0851294
7 0.950977 0.616729 0.0464844 0.0461647
7 0.821609 0.785518 0.0672813 0.0807765
7 0.927453 0.673847 0.0597812 0.0846353
7 0.920234 0.7516 0.05275 0.0747294
7 0.974781 0.659035 0.0504375 0.0905882
7 0.868242 0.7534 0.0483906 0.0739059
7 0.951125 0.722929 0.0435313 0.0698118
7 0.94775 0.780953 0.031375 0.0276941
7 0.796898 0.770647 0.0427969 0.0756941
7 0.976609 0.591024 0.046125 0.0707529
7 0.983961 0.802341 0.0256406 0.0253412
7 0.837891 0.705435 0.0504062 0.0902588
7 0.982164 0.744871 0.0356719 0.0943529
7 0.870742 0.672435 0.0573906 0.0966824
7 0.92882 0.617847 0.0322656 0.0364471
7 0.845367 0.616212 0.0565781 0.0891294
0 0.250734 0.938741 0.21 0.122518
0 0.676758 0.878376 0.185297 0.225271
0 0.693531 0.981953 0.0962812 0.0315294
1 0.669398 0.750388 0.185484 0.182188
24 0.0330937 0.506271 0.0649062 0.0823294
24 0.1175 0.503894 0.100969 0.102941
24 0.104703 0.454047 0.0503437 0.0568471
24 0.0383906 0.451353 0.0145313 0.0320706
24 0.25068 0.548847 0.0417344 0.109976
24 0.206656 0.515894 0.091625 0.101294
24 0.166031 0.476035 0.076125 0.0797412
