5 0.588242 0.437188 0.0716719 0.117917
5 0.629258 0.726656 0.0511094 0.0665208
5 0.455125 0.546469 0.0996563 0.130104
5 0.544266 0.52725 0.0942187 0.128458
5 0.90982 0.466073 0.0580781 0.0738125
5 0.412094 0.371979 0.070875 0.0721667
5 0.704125 0.690094 0.0974375 0.111979
5 0.102703 0.510052 0.0491562 0.0597708
5 0.415234 0.615156 0.0603125 0.0925625
5 0.556063 0.600583 0.0775937 0.0695
5 0.0508516 0.381135 0.0309844 0.0201042
5 0.204422 0.711802 0.0538125 0.0781458
5 0.809781 0.451573 0.0565937 0.0611458
5 0.620258 0.524188 0.0616094 0.0897917
5 0.0832109 0.667021 0.0602031 0.071375
5 0.565445 0.143802 0.0369531 0.0238125
5 0.179227 0.41501 0.0431719 0.0542708
5 0.0796875 0.964385 0.029 0.0467292
5 0.662602 0.625271 0.105547 0.137958
5 0.208156 0.653219 0.042 0.0509792
5 0.830555 0.33976 0.0553906 0.0903958
5 0.0343516 0.608115 0.0375781 0.0596875
5 0.12043 0.628917 0.0228594 0.0836667
5 0.338266 0.449937 0.0744375 0.123083
