4 0.429792 0.0698516 0.0735278 0.0214219
4 0.301333 0.136984 0.2535 0.130187
4 0.284667 0.520508 0.569333 0.253641
4 0.958389 0.173477 0.0832222 0.0422969
4 0.598222 0.0526016 0.045 0.0651719
4 0.102042 0.265547 0.204083 0.0597188
4 0.7015 0.0506875 0.0596667 0.0854062
4 0.308972 0.541312 0.585444 0.285344
4 0.172542 0.375367 0.345083 0.166766
4 0.448056 0.195836 0.181 0.228016
4 0.142528 0.297758 0.285056 0.0738594
4 0.190847 0.381109 0.376083 0.169344
4 0.0481944 0.196602 0.0598333 0.0620469
4 0.550806 0.0539219 0.0161667 0.0266875
4 0.544472 0.0769062 0.0629444 0.0241563
4 0.934028 0.421187 0.128278 0.100844
4 0.867847 0.0743047 0.119028 0.0947344
4 0.163361 0.294367 0.323 0.117453
4 0.641111 0.76493 0.717778 0.470141
4 0.338764 0.51932 0.404139 0.135984
4 0.662722 0.130734 0.134 0.0845937
4 0.71675 0.351211 0.189111 0.0641094
4 0.78125 0.255867 0.4375 0.107016
4 0.0672778 0.245266 0.133333 0.0818125
4 0.137792 0.26843 0.147583 0.0605156
4 0.433889 0.738867 0.867778 0.461891
4 0.856597 0.0126484 0.221972 0.0248906
4 0.364139 0.645352 0.728278 0.259141
4 0.947111 0.113836 0.105778 0.120766
4 0.632444 0.353836 0.110111 0.0475469
4 0.328361 0.213141 0.2735 0.1415
4 0.657431 0.0515937 0.0529722 0.0643125
4 0.0616806 0.263328 0.120528 0.0473125
4 0.535486 0.188328 0.198861 0.233438
4 0.346306 0.553695 0.639889 0.313422
4 0.891986 0.0218203 0.18675 0.0436406
4 0.0225694 0.218789 0.0451389 0.0424844
4 0.824042 0.332375 0.346306 0.0621563
4 0.7045 0.244234 0.462944 0.210094
4 0.659681 0.237781 0.41275 0.168344
4 0.387194 0.335711 0.0560556 0.115859
4 0.836292 0.0640234 0.0920833 0.0893906
4 0.128153 0.120289 0.161417 0.0745156
4 0.870069 0.09375 0.259861 0.0909062
4 0.139681 0.355227 0.279361 0.0735156
4 0.100819 0.120086 0.156194 0.0748594
4 0.325056 0.159648 0.230889 0.162109
4 0.63425 0.0667969 0.0539444 0.0572812
4 0.886542 0.296953 0.225028 0.0323125
4 0.292347 0.136047 0.233917 0.0789062
4 0.495875 0.428055 0.0868611 0.130641
4 0.381056 0.088125 0.0453333 0.0391875
4 0.636958 0.176422 0.116417 0.170187
4 0.160833 0.148938 0.182944 0.054375
4 0.229792 0.441188 0.432639 0.2065
4 0.144542 0.281914 0.122417 0.0395469
4 0.242556 0.464195 0.485111 0.291203
4 0.697597 0.158531 0.13075 0.175375
4 0.383542 0.676906 0.766417 0.334781
4 0.163042 0.313078 0.326083 0.13575
4 0.917764 0.202664 0.163861 0.0444531
4 0.209875 0.419992 0.41975 0.119828
4 0.265944 0.0805156 0.0661111 0.0339062
4 0.735056 0.0480469 0.137889 0.0955625
