0 0.58627 0.225836 0.04466 0.0997313
0 0.34901 0.133045 0.04178 0.115343
0 0.36825 0.465179 0.03498 0.0787164
0 0.50482 0.536657 0.04656 0.109373
0 0.62352 0.229448 0.03772 0.0773433
0 0.77001 0.406955 0.0579 0.0912239
0 0.59207 0.684627 0.06098 0.0997015
0 0.70747 0.672537 0.04766 0.134687
0 0.30523 0.179134 0.07054 0.104896
0 0.34715 0.426627 0.0223 0.0577313
0 0.6318 0.400866 0.03732 0.0844179
0 0.60569 0.39091 0.0343 0.0633134
0 0.83269 0.641313 0.05654 0.413373
0 0.53371 0.660642 0.06666 0.127194
0 0.39616 0.0872388 0.03488 0.0456418
