8 0.638336 0.675302 0.0828594 0.0889375
8 0.71168 0.642437 0.0390469 0.0664167
8 0.662133 0.624552 0.0780781 0.0875625
8 0.73375 0.667229 0.042125 0.0364167
8 0.67743 0.717594 0.0660781 0.106937
8 0.616297 0.758208 0.0925 0.1005
0 0.449813 0.482771 0.0826875 0.103583
0 0.49907 0.539844 0.0885781 0.106396
0 0.401023 0.550917 0.0782656 0.0749583
0 0.524125 0.45625 0.0770625 0.101583
0 0.402461 0.49975 0.0383906 0.045125
0 0.447789 0.587812 0.0480156 0.0674583
0 0.564664 0.51774 0.0669219 0.0594792
0 0.349477 0.518083 0.0697031 0.0884167
