4 0.73332 0.594227 0.00973437 0.0274239
4 0.326234 0.445621 0.00996875 0.04637
4 0.529109 0.48377 0.0119063 0.03274
4 0.704422 0.453068 0.00821875 0.0188759
4 0.0110937 0.440984 0.0121875 0.044918
4 0.618 0.289895 0.00853125 0.0189461
4 0.428687 0.681499 0.0231562 0.0242155
4 0.184555 0.513232 0.0137656 0.0603279
4 0.523242 0.400351 0.00717187 0.0274005
4 0.480805 0.686089 0.0102656 0.0205152
4 0.204352 0.347693 0.0201719 0.0435831
4 0.00995313 0.317974 0.011 0.0399297
4 0.350742 0.461136 0.0106094 0.040445
4 0.179492 0.350105 0.0171406 0.0457377
4 0.353313 0.597787 0.0119063 0.0459719
4 0.5695 0.68596 0.0135 0.0440515
4 0.639563 0.265386 0.00478125 0.0205152
4 0.510477 0.488232 0.0103906 0.0240984
4 0.435 0.577951 0.01025 0.0415222
4 0.529398 0.405597 0.00564062 0.0284778
4 0.0420469 0.425433 0.011625 0.0307728
4 0.404859 0.220386 0.007875 0.0289696
4 0.710148 0.342752 0.00670312 0.0156674
4 0.0163516 0.340667 0.0128281 0.0501405
4 0.698766 0.37329 0.0045625 0.0208197
4 0.413117 0.250246 0.0100781 0.0284543
4 0.205875 0.533021 0.0144063 0.0572365
4 0.172313 0.464719 0.0122188 0.0296253
4 0.342938 0.447283 0.012125 0.0484309
4 0.392594 0.402061 0.0193125 0.0253864
4 0.417625 0.213759 0.012875 0.0344028
4 0.342484 0.524215 0.00846875 0.0484309
4 0.356219 0.490831 0.0295625 0.0385714
4 0.394266 0.305468 0.00871875 0.0434895
4 0.748094 0.364754 0.00884375 0.0199063
4 0.506656 0.552951 0.0100938 0.0330679
4 0.0166797 0.383056 0.0145156 0.0397892
4 0.428867 0.501721 0.0175156 0.0368852
4 0.189531 0.35685 0.0168437 0.0519672
4 0.605344 0.459918 0.0058125 0.0246136
4 0.400367 0.349063 0.0116719 0.0451522
4 0.150633 0.32603 0.0266719 0.0371663
4 0.393516 0.501429 0.0167813 0.0410773
4 0.749414 0.468747 0.00582812 0.0251756
4 0.770078 0.597822 0.008375 0.024356
4 0.448789 0.312178 0.00785938 0.0335831
4 0.602227 0.672073 0.0150469 0.0386183
4 0.225141 0.519309 0.021 0.0548712
4 0.449289 0.448349 0.00842187 0.030281
4 0.0416094 0.390878 0.0139375 0.055808
4 0.441687 0.388173 0.0055625 0.0181265
4 0.659469 0.631593 0.0222188 0.0297424
4 0.682312 0.340012 0.007875 0.0254098
4 0.0377578 0.324543 0.0201719 0.0438407
4 0.3855 0.352904 0.0191562 0.0429508
4 0.821063 0.423536 0.00353125 0.0142857
4 0.453578 0.479356 0.0121563 0.033466
4 0.370359 0.310913 0.012 0.0403279
4 0.356055 0.40411 0.0162344 0.0266745
4 0.422445 0.277775 0.00657812 0.0185948
4 0.723586 0.618852 0.00854687 0.0253864
4 0.712711 0.48144 0.00151563 0.00761124
4 0.631516 0.637564 0.0199375 0.0237939
4 0.627305 0.373384 0.00839063 0.0277049
4 0.546562 0.692869 0.01725 0.0440984
4 0.715898 0.401616 0.00657812 0.0244965
4 0.03325 0.349227 0.0119063 0.043466
4 0.795625 0.416206 0.004625 0.0133489
4 0.704164 0.33781 0.00401563 0.0176347
4 0.631828 0.354496 0.006 0.0126932
4 0.855203 0.534485 0.0152187 0.00845433
4 0.688547 0.356019 0.00278125 0.0115691
4 0.53982 0.542564 0.0106094 0.0312646
4 0.328656 0.509098 0.00996875 0.0513583
4 0.741141 0.364614 0.0071875 0.0169087
4 0.558703 0.690644 0.0160625 0.0484543
4 0.654469 0.664122 0.0200938 0.0384075
4 0.742469 0.601288 0.00409375 0.0194848
4 0.411852 0.315386 0.00895313 0.0366276
4 0.436055 0.24308 0.0100781 0.0225527
4 0.452094 0.69089 0.0257188 0.0123185
4 0.778852 0.581862 0.00717187 0.0101405
4 0.539789 0.449321 0.00889063 0.0312881
4 0.0468203 0.492178 0.0220469 0.0612646
4 0.0331406 0.492986 0.018875 0.0658782
4 0.430898 0.605386 0.00832813 0.0204684
4 0.739117 0.597799 0.00717187 0.0230913
4 0.433078 0.378747 0.0121875 0.0355738
4 0.444008 0.244344 0.00882813 0.026815
4 0.197109 0.390738 0.0110937 0.0338407
4 0.513227 0.448607 0.00632812 0.018103
4 0.339758 0.320105 0.0151719 0.0476112
4 0.629273 0.334778 0.00576562 0.0280562
4 0.850086 0.545304 0.0174219 0.0136066
4 0.793578 0.557564 0.0123125 0.0207494
4 0.410156 0.210246 0.00990625 0.0348712
4 0.424172 0.446792 0.014875 0.035644
4 0.636445 0.647049 0.0198906 0.0120375
4 0.575742 0.652986 0.00889063 0.0302342
4 0.443438 0.3024 0.00909375 0.0368852
4 0.535875 0.567131 0.00734375 0.0235363
4 0.527695 0.697986 0.0105781 0.0228103
4 0.497008 0.425691 0.0167656 0.0215457
4 0.374188 0.356686 0.0110312 0.0440984
4 0.604602 0.700386 0.0104219 0.0330913
4 0.457055 0.280691 0.00667187 0.0212881
4 0.36232 0.583653 0.0149531 0.041452
4 0.387922 0.56623 0.0137187 0.0435129
4 0.521984 0.522201 0.0066875 0.0241686
4 0.0481641 0.326897 0.0218906 0.0418033
4 0.320039 0.597377 0.0124844 0.0550351
4 0.308023 0.438899 0.0176406 0.0428571
4 0.884023 0.527436 0.0117969 0.0128103
4 0.629656 0.403185 0.00478125 0.0279625
4 0.548367 0.578571 0.0106094 0.0376112
4 0.481055 0.483583 0.0102656 0.0312881
4 0.76568 0.468478 0.00682812 0.0228103
4 0.757602 0.410176 0.00820313 0.0197424
4 0.140422 0.408384 0.0112812 0.0382201
4 0.0124141 0.521429 0.0155469 0.0298829
4 0.619914 0.330691 0.0121406 0.0243794
4 0.505195 0.450691 0.0124844 0.0289696
4 0.479383 0.564485 0.0150469 0.0392272
4 0.528211 0.45726 0.00676562 0.0331616
4 0.763109 0.562389 0.00575 0.0155972
4 0.370859 0.177225 0.0218438 0.025644
4 0.475664 0.461241 0.00748437 0.0264637
4 0.720195 0.559719 0.0105781 0.0237939
4 0.759766 0.505644 0.0068125 0.0207026
4 0.403289 0.552518 0.0246406 0.032904
4 0.450852 0.404286 0.00854687 0.0166745
4 0.310719 0.553372 0.0202813 0.0429977
4 0.444023 0.36089 0.00479687 0.0210304
4 0.497172 0.676159 0.0145313 0.0107728
4 0.408406 0.394824 0.00928125 0.0360656
4 0.210359 0.43178 0.0243125 0.048993
4 0.593992 0.668255 0.0147031 0.0364169
4 0.769984 0.416335 0.0039375 0.0120609
4 0.229016 0.378197 0.00759375 0.0235597
4 0.763844 0.331967 0.00721875 0.0117564
4 0.231953 0.457037 0.0074375 0.0390398
4 0.350758 0.576019 0.0227344 0.0433255
4 0.710672 0.624614 0.00921875 0.0271663
4 0.405258 0.448665 0.00414063 0.0180328
4 0.536703 0.500773 0.00871875 0.0346136
4 0.714531 0.374696 0.00534375 0.0206323
4 0.836414 0.398454 0.00667187 0.00871194
4 0.526828 0.54377 0.007875 0.0325527
4 0.602211 0.48411 0.00667187 0.0235831
4 0.373836 0.267693 0.0121406 0.0333255
4 0.745547 0.475 0.00484375 0.0185246
4 0.426953 0.305749 0.0123438 0.034918
4 0.353836 0.44397 0.0136719 0.0418033
4 0.498578 0.560258 0.00871875 0.0271663
4 0.50357 0.669145 0.0252969 0.0197424
4 0.800125 0.579005 0.0183437 0.0138876
4 0.675227 0.29719 0.00514063 0.0166745
4 0.354187 0.52 0.00803125 0.0464169
4 0.058 0.433911 0.015875 0.0347541
4 0.340586 0.184368 0.0129844 0.025644
4 0.432117 0.422518 0.0103594 0.0201639
4 0.713141 0.581522 0.0070625 0.0221546
4 0.828414 0.436651 0.00204688 0.00974239
4 0.626172 0.67137 0.0155625 0.0374005
4 0.41493 0.408806 0.0112344 0.0224824
4 0.591141 0.708782 0.0138125 0.0410304
4 0.0141797 0.485047 0.0182031 0.0689227
4 0.81657 0.536674 0.0117969 0.0215457
4 0.345797 0.509227 0.0159063 0.0497424
4 0.770227 0.364473 0.0111094 0.0171897
4 0.695047 0.318021 0.00575 0.0215691
4 0.702555 0.621288 0.00820313 0.0184543
4 0.463492 0.489215 0.00998438 0.0404918
4 0.350273 0.184403 0.00992188 0.0315222
4 0.360906 0.539731 0.008625 0.0262529
4 0.773586 0.572658 0.00610938 0.0136066
4 0.442625 0.675925 0.0254375 0.0162529
4 0.730148 0.622143 0.00670312 0.0215691
4 0.521172 0.57918 0.00553125 0.0179859
4 0.873117 0.52952 0.00732813 0.0187119
4 0.681336 0.305398 0.00620313 0.0237705
4 0.442891 0.566663 0.0170937 0.0322951
4 0.386867 0.435749 0.0141719 0.0315457
4 0.490586 0.678208 0.0182969 0.0153864
4 0.434594 0.20281 0.00684375 0.028103
4 0.698258 0.58555 0.00623438 0.0206557
4 0.454539 0.204789 0.0165469 0.030281
4 0.363023 0.396909 0.0109219 0.0337237
4 0.158711 0.396171 0.0180156 0.0500468
4 0.0353359 0.530035 0.0188281 0.022459
4 0.31757 0.45459 0.00907812 0.0417799
4 0.16568 0.535714 0.0171094 0.0209368
4 0.793508 0.534532 0.00410938 0.0181967
4 0.746953 0.63507 0.011 0.0269555
4 0.41625 0.515773 0.00771875 0.0360422
4 0.735195 0.50308 0.00667187 0.0251288
4 0.399539 0.57226 0.0164219 0.0443326
4 0.672891 0.322951 0.00478125 0.0140984
4 0.751156 0.362166 0.00790625 0.0153396
4 0.455734 0.434157 0.009875 0.0415222
4 0.839219 0.413724 0.0058125 0.0140984
4 0.79382 0.56377 0.0114844 0.0191569
4 0.754125 0.595386 0.008375 0.0225761
4 0.364727 0.336136 0.0109844 0.0343326
4 0.435711 0.493033 0.0211406 0.033185
4 0.750008 0.58918 0.00573437 0.0214988
4 0.478609 0.498888 0.00734375 0.0294848
4 0.783219 0.460609 0.0058125 0.0167213
4 0.158305 0.446522 0.00910937 0.049719
4 0.777883 0.354918 0.00342188 0.0130679
4 0.813797 0.540504 0.0069375 0.0213349
4 0.14768 0.494356 0.0216406 0.0483841
4 0.596758 0.699941 0.0186406 0.0357611
4 0.177992 0.450152 0.0137969 0.0529508
4 0.361437 0.36103 0.015375 0.0374239
4 0.382039 0.37123 0.0107656 0.0550117
4 0.441266 0.208208 0.0071875 0.0322951
4 0.404578 0.305117 0.0110312 0.0270492
4 0.500305 0.491557 0.0117031 0.0305621
4 0.433648 0.313958 0.00617188 0.0290867
4 0.489383 0.499344 0.00764062 0.02
4 0.775141 0.597939 0.0085625 0.0244028
4 0.735359 0.395925 0.0023125 0.0082904
4 0.796273 0.330609 0.00495313 0.0151288
4 0.424773 0.543466 0.0133281 0.035644
4 0.437141 0.343677 0.0109375 0.0284778
4 0.511625 0.509426 0.0048125 0.0209602
4 0.76418 0.407869 0.00326562 0.0111007
4 0.414898 0.471077 0.00835937 0.0213583
4 0.743406 0.426019 0.00359375 0.0146136
4 0.789383 0.596288 0.00529688 0.0120609
4 0.843562 0.428712 0.0071875 0.00740047
4 0.551156 0.660644 0.031375 0.0263934
4 0.774266 0.376276 0.00546875 0.015644
4 0.496016 0.501405 0.0083125 0.0253864
4 0.650773 0.299953 0.0119844 0.0175644
4 0.167219 0.42863 0.0148125 0.0492974
4 0.449461 0.251593 0.00773437 0.0318033
4 0.441695 0.262857 0.00857813 0.0205152
4 0.184906 0.383747 0.014125 0.0468852
4 0.0321094 0.419239 0.0132812 0.0385246
4 0.459727 0.585773 0.0143594 0.0212881
4 0.330313 0.594016 0.0134375 0.0532319
4 0.407688 0.469977 0.0083125 0.0259016
4 0.60193 0.560035 0.00479687 0.0201639
4 0.0139141 0.560515 0.0194844 0.0338642
4 0.368188 0.242178 0.0109375 0.0248712
4 0.826016 0.553103 0.00328125 0.0131382
4 0.618766 0.316745 0.00728125 0.0183607
4 0.512383 0.40397 0.0162344 0.0105152
4 0.448578 0.525012 0.0130938 0.0334895
4 0.753922 0.503208 0.0058125 0.0161593
4 0.480758 0.556417 0.0242656 0.0410304
4 0.637242 0.310667 0.00695313 0.0125293
4 0.523406 0.672693 0.008375 0.0095082
4 0.18443 0.425375 0.0172656 0.045644
4 0.770758 0.371663 0.00445313 0.0222951
4 0.521766 0.48192 0.008875 0.0325527
4 0.67382 0.642225 0.0107656 0.024356
4 0.210898 0.452916 0.0141094 0.0535597
4 0.318766 0.405492 0.01025 0.025644
4 0.637594 0.299742 0.00734375 0.0271663
4 0.657164 0.287564 0.00564062 0.0197658
4 0.364516 0.467763 0.0113125 0.0316862
4 0.621687 0.398384 0.0050625 0.0240281
4 0.348102 0.215258 0.00889063 0.0341218
4 0.718695 0.588091 0.00667187 0.0184309
4 0.688516 0.368817 0.00459375 0.0124824
4 0.680031 0.319871 0.00409375 0.0105152
4 0.374523 0.243735 0.00414063 0.012623
4 0.165477 0.348782 0.0114531 0.0452927
4 0.692453 0.37 0.00340625 0.0115691
4 0.055875 0.530749 0.007 0.0169087
4 0.393164 0.216792 0.00717187 0.0222951
