4 0.414453 0.693031 0.0697187 0.162479
4 0.514234 0.641469 0.0576875 0.208271
4 0.558031 0.32226 0.100219 0.366687
4 0.570602 0.762229 0.0851719 0.196958
4 0.398484 0.252969 0.0903438 0.282104
4 0.620406 0.739406 0.0981563 0.191688
4 0.464672 0.687781 0.0918438 0.176938
4 0.600547 0.498844 0.0954688 0.398979
4 0.381766 0.857271 0.0685313 0.217583
4 0.369023 0.644042 0.0595781 0.147625
4 0.394523 0.753479 0.0266406 0.0463333
4 0.418516 0.885615 0.0833125 0.228771
4 0.440664 0.581573 0.0560781 0.0881458
4 0.385672 0.355385 0.124625 0.427687
4 0.546562 0.657083 0.0835 0.215542
