1 0.900602 0.719773 0.0193906 0.0175156
1 0.916648 0.725 0.0153906 0.0161563
1 0.851648 0.712305 0.0169219 0.0117969
1 0.884453 0.716727 0.0156875 0.0187656
1 0.853758 0.718227 0.0171406 0.0104844
1 0.869852 0.712313 0.0194844 0.014875
1 0.32832 0.753789 0.0102031 0.0107656
1 0.078125 0.591328 0.00665625 0.0071875
1 0.353656 0.733438 0.00846875 0.00875
1 0.09175 0.576555 0.00846875 0.00864063
1 0.160047 0.60718 0.0074375 0.00770312
1 0.338836 0.745094 0.0100156 0.0112812
1 0.931969 0.729359 0.0171875 0.0079375
1 0.865195 0.725695 0.0128281 0.0107656
1 0.313219 0.763141 0.00765625 0.00765625
1 0.123008 0.62193 0.00795313 0.00754687
1 0.339211 0.726031 0.00898437 0.00640625
4 0.641867 0.611938 0.0264531 0.0413437
4 0.968063 0.68168 0.0132188 0.0251406
4 0.979477 0.584789 0.0121719 0.0166719
4 0.568242 0.566008 0.0224844 0.0394219
4 0.527961 0.608203 0.0148906 0.0385
4 0.0320938 0.553531 0.008125 0.00790625
4 0.118539 0.554164 0.00554687 0.00754687
4 0.681633 0.610422 0.0167031 0.0407813
4 0.389344 0.564484 0.0174375 0.00896875
4 0.710664 0.6045 0.0259844 0.0358438
4 0.572133 0.578445 0.0292344 0.0307656
4 0.271266 0.566922 0.004875 0.0123125
4 0.927195 0.667852 0.00945312 0.0252656
4 0.832648 0.589461 0.0159219 0.0346719
4 0.544078 0.559719 0.032 0.0421562
4 0.337625 0.588641 0.0115312 0.0079375
4 0.260125 0.563391 0.00396875 0.00628125
4 0.930727 0.591992 0.0158281 0.0387656
4 0.699828 0.612797 0.0179375 0.0435938
4 0.914047 0.581281 0.0309375 0.03175
4 0.977266 0.676234 0.00884375 0.0341562
4 0.909609 0.671938 0.0152187 0.025375
4 0.76532 0.664 0.0153906 0.0423125
4 0.12493 0.538188 0.00420313 0.01075
4 0.841484 0.606453 0.015875 0.0301563
4 0.751922 0.654219 0.027 0.0315625
4 0.495516 0.610437 0.02975 0.0376875
4 0.0183047 0.536203 0.00801563 0.00359375
4 0.35825 0.583969 0.0123125 0.00640625
4 0.906797 0.561719 0.0415312 0.0161563
4 0.578531 0.589344 0.0370313 0.0391562
4 0.556773 0.563852 0.0277031 0.0517969
4 0.0856016 0.545312 0.00614063 0.00590625
4 0.297289 0.565305 0.0153906 0.00564062
4 0.796258 0.657695 0.0246094 0.0369219
4 0.0473125 0.547086 0.0125 0.00417188
4 0.300805 0.573133 0.0127031 0.0127031
4 0.669172 0.606953 0.015625 0.02175
4 0.853234 0.603352 0.017875 0.0234531
4 0.246984 0.562656 0.0071875 0.007625
4 0.359297 0.518641 0.00640625 0.0110312
4 0.604094 0.559523 0.0160938 0.00704687
4 0.383055 0.570898 0.0130781 0.00795313
4 0.548992 0.608 0.0225156 0.0382813
4 0.279336 0.562359 0.0113594 0.00903125
4 0.668656 0.590141 0.01125 0.004625
4 0.047 0.537102 0.00628125 0.00595313
4 0.0983281 0.527 0.00353125 0.005875
4 0.500766 0.514445 0.0228125 0.0327344
4 0.361516 0.494227 0.0110312 0.00795313
4 0.594031 0.600516 0.031125 0.0384688
4 0.316937 0.558828 0.0065625 0.008875
4 0.442594 0.545562 0.0075 0.0088125
4 0.939984 0.588977 0.01025 0.0322969
4 0.419953 0.563484 0.0111875 0.00584375
4 0.492031 0.624875 0.015375 0.0225625
4 0.820367 0.596148 0.0179531 0.0369219
4 0.411109 0.588789 0.009625 0.0167031
4 0.774445 0.663328 0.0127656 0.0405937
4 0.425055 0.543398 0.0160156 0.0129531
4 0.142398 0.553141 0.00792188 0.0089375
4 0.538891 0.609359 0.0119063 0.037375
4 0.460516 0.563156 0.015125 0.0110312
4 0.364984 0.591281 0.0123125 0.0117813
4 0.0681172 0.538336 0.00795313 0.00435938
4 0.595109 0.613328 0.0264062 0.0364063
4 0.308242 0.576258 0.00820313 0.0102656
4 0.98718 0.675523 0.0140469 0.0393906
4 0.20775 0.557695 0.00471875 0.00460938
4 0.424141 0.578008 0.00859375 0.0162031
4 0.919719 0.585898 0.0274375 0.0333281
4 0.982992 0.587945 0.00770312 0.0153906
4 0.337969 0.524117 0.00478125 0.00817188
4 0.253438 0.564617 0.00640625 0.0117969
4 0.809906 0.602742 0.0138125 0.0373906
4 0.961258 0.682266 0.0120469 0.0279063
4 0.344914 0.525258 0.00539063 0.00845313
4 0.457227 0.556281 0.0169219 0.0079375
4 0.351648 0.540516 0.00667187 0.00359375
4 0.213727 0.561148 0.00526563 0.00870313
0 0.599125 0.661773 0.0230312 0.0112969
0 0.609844 0.679938 0.0105313 0.0117188
0 0.552141 0.673547 0.0184687 0.0143437
0 0.849195 0.687984 0.00979688 0.00653125
0 0.595898 0.643078 0.0182031 0.0164063
0 0.632734 0.676172 0.0196563 0.0185937
0 0.878125 0.675344 0.0185312 0.0154375
0 0.626008 0.659227 0.0241094 0.0158906
0 0.849953 0.65425 0.0143125 0.013875
0 0.851492 0.71293 0.0183906 0.0122656
0 0.916633 0.724758 0.0168906 0.0167656
