7 0.450172 0.305646 0.057375 0.0922917
7 0.536242 0.181698 0.0684844 0.0779792
7 0.593055 0.137281 0.0637344 0.105104
7 0.490953 0.328688 0.0539687 0.0717083
7 0.49557 0.250406 0.0652656 0.0985208
7 0.622242 0.11649 0.0418594 0.0678542
7 0.637313 0.185792 0.047375 0.0628333
7 0.606906 0.28526 0.0698125 0.107438
7 0.399211 0.282365 0.0484219 0.0633125
7 0.706234 0.223073 0.0376875 0.0558958
7 0.502 0.131344 0.0647812 0.0719792
7 0.568086 0.237344 0.0855469 0.113354
7 0.698937 0.276948 0.05 0.0623958
7 0.399969 0.23926 0.0573125 0.0568125
7 0.661711 0.234792 0.0565781 0.103292
7 0.49143 0.0821667 0.0643906 0.0895417
7 0.557125 0.378406 0.0668125 0.0463542
7 0.691453 0.155427 0.0684375 0.0843958
7 0.446875 0.194 0.0644375 0.0818333
7 0.575039 0.327844 0.0960469 0.0733958
7 0.410414 0.161354 0.0663906 0.0705417
7 0.500836 0.378312 0.0770781 0.046125
7 0.656711 0.329177 0.0609844 0.0908542
7 0.425945 0.0958958 0.0744219 0.0861667
7 0.561023 0.0990521 0.0635469 0.100312
