5 0.623078 0.803609 0.312312 0.17
5 0.8825 0.341977 0.235 0.251547
5 0.722344 0.537297 0.163906 0.266594
5 0.439984 0.0796094 0.17975 0.0961562
5 0.333555 0.341297 0.379703 0.436406
0 0.721148 0.537281 0.166172 0.266562
0 0.693602 0.277734 0.150297 0.273875
0 0.558461 0.313727 0.0486094 0.106516
0 0.639867 0.593359 0.327922 0.291219
0 0.83075 0.501805 0.175344 0.393297
0 0.882437 0.389711 0.234813 0.352484
0 0.566375 0.401719 0.0920625 0.142031
0 0.326828 0.1855 0.318688 0.125
0 0.12793 0.278703 0.227703 0.233844
0 0.185867 0.544031 0.367172 0.436156
