5 0.267125 0.264009 0.0525625 0.0793939
5 0.309914 0.308217 0.0550469 0.0828671
5 0.293648 0.428497 0.0487031 0.0893007
5 0.321922 0.251737 0.059375 0.0891142
5 0.256859 0.310361 0.0510938 0.0615152
5 0.363664 0.306935 0.0527969 0.0829604
5 0.299109 0.364266 0.05925 0.0802331
5 0.369531 0.245769 0.0353438 0.0641725
0 0.697102 0.683473 0.0648281 0.0968298
0 0.665328 0.763019 0.0678125 0.102448
0 0.63382 0.630932 0.0601406 0.0903963
0 0.57057 0.623601 0.0606406 0.0999767
0 0.611062 0.705012 0.0664375 0.102145
0 0.689344 0.594779 0.067 0.0978555
