0 0.578305 0.519848 0.186672 0.296183
0 0.616805 0.80966 0.189984 0.295761
0 0.0278516 0.742658 0.0557031 0.272904
0 0.35875 0.187201 0.208906 0.30822
0 0.344438 0.69007 0.230406 0.311616
0 0.156719 0.88582 0.174969 0.228361
0 0.138313 0.632916 0.197094 0.282553
0 0.902 0.45507 0.196 0.283536
0 0.354852 0.921756 0.207516 0.156487
0 0.938836 0.0820609 0.122328 0.164122
0 0.549828 0.233044 0.177406 0.272693
0 0.80993 0.715843 0.216891 0.302365
0 0.210203 0.36959 0.204312 0.281475
0 0.547875 0.948864 0.183656 0.100445
0 0.953844 0.701991 0.0914062 0.285012
0 0.934555 0.92555 0.130891 0.148899
