4 0.345961 0.454008 0.105953 0.0863594
4 0.905961 0.645766 0.188078 0.106156
4 0.0428281 0.668383 0.0455 0.0927031
4 0.293 0.77425 0.117813 0.1915
4 0.380398 0.749039 0.0655469 0.119859
4 0.908031 0.768609 0.168687 0.134937
4 0.146203 0.508977 0.102563 0.0965781
4 0.357508 0.566359 0.163922 0.167063
4 0.123937 0.78643 0.141562 0.108984
4 0.200039 0.509508 0.132359 0.124766
4 0.124016 0.642984 0.163344 0.1875
4 0.55357 0.698219 0.276484 0.239406
4 0.432922 0.503078 0.0922188 0.151875
4 0.0534375 0.549977 0.106875 0.100422
4 0.282273 0.505891 0.0884219 0.0903125
4 0.186938 0.739648 0.0987813 0.0947969
4 0.257437 0.624039 0.130719 0.149297
4 0.746727 0.691312 0.191703 0.145375
4 0.371648 0.656695 0.103672 0.121672
