22 0.479805 0.0615127 0.0600781 0.0616397
22 0.372461 0.370208 0.0540156 0.0832333
22 0.850258 0.679965 0.0741094 0.105289
22 0.969648 0.223395 0.0569844 0.089746
22 0.529648 0.0698383 0.0459219 0.0598614
22 0.526844 0.036351 0.0415 0.0594919
22 0.342187 0.428822 0.0675313 0.0556582
22 0.879414 0.57873 0.0553594 0.0808776
22 0.437891 0.0470785 0.0434688 0.0523095
22 0.916188 0.215058 0.052875 0.0715935
22 0.936125 0.272921 0.04775 0.0656582
22 0.997875 0.277956 0.00425 0.0174365
22 0.284328 0.347275 0.0594688 0.0847575
22 0.943414 0.664284 0.0522656 0.0756351
22 0.83718 0.617679 0.0694844 0.0896305
22 0.337047 0.335589 0.0490625 0.0833256
22 0.995703 0.226801 0.00859375 0.0658891
22 0.901578 0.647032 0.0645938 0.10321
22 0.299414 0.40537 0.0539844 0.0721709
22 0.486641 0.0297229 0.0402813 0.0264203
23 0.800898 0.595092 0.0307656 0.0529099
23 0.788867 0.655127 0.0142344 0.0169053
23 0.806109 0.692125 0.0245 0.0231409
23 0.91332 0.17851 0.0226094 0.013418
23 0.337344 0.386259 0.0360313 0.0358891
23 0.251672 0.402483 0.0237813 0.0258891
23 0.892883 0.738129 0.0302031 0.0371824
23 0.308477 0.321524 0.0106094 0.0109469
23 0.965164 0.739469 0.0211719 0.0523326
23 0.952242 0.772309 0.0226094 0.0290069
23 0.790211 0.631166 0.0313281 0.037067
23 0.261656 0.388372 0.0260937 0.0360508
23 0.97943 0.270381 0.0373281 0.0284758
23 0.912445 0.605577 0.0237031 0.0227021
23 0.884016 0.218845 0.0149375 0.0310393
23 0.369367 0.414134 0.0303906 0.0332564
