4 0.9485 0.631667 0.103 0.143958
4 0.685531 0.246792 0.171469 0.177958
4 0.800672 0.564927 0.0957812 0.124104
4 0.829063 0.33275 0.0995313 0.21625
4 0.878297 0.152281 0.0974375 0.0675208
4 0.767922 0.127688 0.131625 0.193333
4 0.978359 0.436969 0.0404062 0.0769375
4 0.946102 0.212333 0.107484 0.114417
4 0.69743 0.453844 0.153609 0.259813
4 0.953859 0.331677 0.09075 0.141437
4 0.851242 0.221156 0.171797 0.161104
4 0.683078 0.188625 0.0657812 0.105333
4 0.929719 0.500187 0.0705625 0.0630833
4 0.920461 0.105198 0.137203 0.131187
4 0.815727 0.425604 0.181141 0.179625
4 0.690344 0.54774 0.110844 0.127062
4 0.990664 0.508844 0.0165469 0.0756458
4 0.705898 0.318854 0.172047 0.145125
4 0.862906 0.657406 0.201625 0.0853958
4 0.597102 0.407313 0.0659531 0.16025
4 0.90843 0.569208 0.143766 0.115
4 0.938836 0.439406 0.121141 0.239937
