0 0.270952 0.6675 0.14512 0.0664687
0 0.504991 0.840414 0.0500924 0.0592344
0 0.461691 0.845516 0.0407209 0.0594063
0 0.5711 0.814766 0.0603512 0.077375
0 0.33427 0.511922 0.102329 0.0515312
0 0.499972 0.507937 0.118355 0.050375
0 0.618567 0.678719 0.0921811 0.08
0 0.468198 0.691156 0.12024 0.0689687
0 0.522505 0.628633 0.112144 0.0947031
0 0.559298 0.704086 0.0760074 0.0664844
0 0.592634 0.502641 0.10024 0.03175
0 0.604519 0.529469 0.0721072 0.0495625
0 0.378447 0.625359 0.0791128 0.0644375
0 0.436497 0.740758 0.0602773 0.0496719
0 0.738133 0.489922 0.0895749 0.0623125
0 0.284261 0.630031 0.0862292 0.0435938
0 0.635721 0.791117 0.0943993 0.0483906
0 0.395453 0.805258 0.0971534 0.0520469
0 0.572329 0.518437 0.041183 0.0217812
0 0.684168 0.683727 0.0446396 0.0656406
0 0.70854 0.548016 0.103586 0.0780625
0 0.466969 0.658203 0.0628466 0.0410313
0 0.661433 0.746922 0.124492 0.094875
0 0.691294 0.59475 0.0743808 0.0440938
0 0.506664 0.577984 0.146044 0.0495312
0 0.289575 0.569297 0.0880591 0.0903438
0 0.405333 0.576539 0.13451 0.0664219
0 0.352394 0.719648 0.0732163 0.0912656
0 0.248392 0.561117 0.0386691 0.0609531
0 0.506636 0.398055 0.18658 0.151203
0 0.636701 0.427523 0.0894085 0.0487656
0 0.305582 0.695047 0.0479113 0.087
0 0.460776 0.836719 0.0606654 0.0194375
0 0.223752 0.735664 0.0799261 0.0914219
0 0.305416 0.74343 0.0677634 0.0339531
0 0.654732 0.619266 0.0774861 0.0738125
0 0.599168 0.475648 0.0466543 0.0219531
0 0.661433 0.449875 0.0989834 0.055125
0 0.557153 0.531656 0.0330129 0.0400625
0 0.429538 0.563758 0.0492052 0.0626719
0 0.22976 0.709492 0.111608 0.103328
0 0.284778 0.793242 0.112957 0.0700781
0 0.650305 0.48075 0.0964325 0.052125
0 0.651257 0.562602 0.0667652 0.0598594
0 0.425619 0.617273 0.0866174 0.0522656
0 0.723983 0.662984 0.0477819 0.083125
0 0.41219 0.734812 0.102089 0.130531
0 0.556913 0.551922 0.0668022 0.0192187
0 0.457902 0.781977 0.0704436 0.0341094
0 0.460203 0.791297 0.124621 0.0563438
0 0.695776 0.577102 0.0485582 0.0219531
0 0.43854 0.854922 0.045841 0.04975
0 0.567006 0.668203 0.0497967 0.0440938
0 0.351303 0.785117 0.0426802 0.0251406
0 0.618022 0.734102 0.0865434 0.0338594
0 0.336599 0.558867 0.0371904 0.0327969
0 0.597782 0.596672 0.0534566 0.04025
0 0.414344 0.470305 0.0794824 0.0648281
0 0.356895 0.668203 0.0580037 0.0276875
0 0.214797 0.593461 0.0528466 0.0505156
0 0.402366 0.510773 0.0795564 0.0256406
0 0.341349 0.771523 0.0709797 0.0283906
0 0.585776 0.490102 0.086488 0.0197969
0 0.612911 0.565992 0.0444917 0.0246094
0 0.260786 0.708984 0.0143993 0.0232812
0 0.496128 0.538102 0.0953604 0.0405469
0 0.717884 0.627719 0.0775786 0.0574687
0 0.342551 0.598844 0.0421442 0.0553125
0 0.647227 0.531102 0.0370425 0.0320469
0 0.386497 0.535641 0.0950277 0.0338437
0 0.598327 0.453188 0.0367283 0.0160313
0 0.591701 0.744969 0.0185213 0.0223125
0 0.387384 0.471234 0.0914048 0.0579375
0 0.610176 0.795141 0.0612384 0.0695
0 0.521645 0.754797 0.125397 0.0976875
0 0.760591 0.580477 0.0613309 0.0441094
0 0.303937 0.528727 0.0492791 0.0238906
0 0.674039 0.493844 0.0658965 0.0471875
0 0.649418 0.511219 0.0228651 0.0193125
0 0.606183 0.617563 0.0491867 0.03975
0 0.427495 0.671406 0.0743993 0.0315312
0 0.218872 0.627789 0.0658041 0.0575781
0 0.342763 0.483273 0.0332902 0.0185156
0 0.494445 0.47 0.0777264 0.0287187
0 0.440813 0.641398 0.0594455 0.0190781
0 0.476312 0.592969 0.0324769 0.034875
0 0.341451 0.640375 0.0368762 0.0421875
