8 0.33858 0.662 0.05496 0.0683733
8 0.67629 0.483093 0.08586 0.10352
8 0.30508 0.739147 0.04756 0.05616
8 0.48691 0.27192 0.04518 0.0520533
8 0.13115 0.650947 0.15518 0.174
8 0.05071 0.42612 0.07158 0.11752
8 0.46198 0.370293 0.06708 0.0770133
8 0.57561 0.53188 0.06094 0.113627
8 0.49289 0.504067 0.12206 0.133253
8 0.10653 0.4874 0.0487 0.0649333
8 0.98115 0.569707 0.0377 0.0693333
8 0.88412 0.475 0.06616 0.0494667
8 0.54847 0.420813 0.03374 0.0724
8 0.97021 0.37856 0.05958 0.09216
8 0.5876 0.313427 0.05232 0.0372
8 0.49371 0.40328 0.0645 0.0561067
8 0.76522 0.22264 0.02004 0.0389333
