8 0.457141 0.503047 0.0306563 0.0425647
8 0.338312 0.647671 0.0455313 0.0774588
8 0.309328 0.531071 0.04575 0.0382824
8 0.531969 0.537435 0.025375 0.0548706
8 0.442266 0.568976 0.036625 0.0482118
8 0.400883 0.5032 0.0307969 0.0306353
8 0.558469 0.503012 0.04 0.0197176
8 0.46575 0.608329 0.048375 0.0460235
8 0.216078 0.563165 0.0229687 0.0320235
8 0.425906 0.615894 0.047625 0.0645882
8 0.292977 0.611929 0.0460156 0.0340706
8 0.630789 0.539106 0.0183906 0.0392471
8 0.28018 0.581376 0.0337031 0.0351765
8 0.566211 0.6468 0.0338906 0.0464
8 0.279617 0.540282 0.0362656 0.0353412
8 0.588531 0.514471 0.0400625 0.0462118
8 0.550898 0.679588 0.0319844 0.0381882
8 0.47493 0.6464 0.0434219 0.0458824
8 0.399625 0.640047 0.0367188 0.0466824
8 0.369953 0.546647 0.0316563 0.0526824
8 0.211 0.642871 0.0475 0.0748235
8 0.303602 0.563529 0.0157969 0.0350118
8 0.508227 0.531859 0.0417656 0.0665412
8 0.529203 0.580647 0.033375 0.0407765
8 0.434469 0.512176 0.0398437 0.0448706
8 0.329398 0.592506 0.0458594 0.0486824
8 0.5545 0.556447 0.0331562 0.0460235
8 0.51593 0.493176 0.0326719 0.0444235
8 0.602687 0.563329 0.0313437 0.0379529
8 0.337094 0.543588 0.0335 0.0359765
8 0.474164 0.505471 0.0132969 0.0187529
8 0.614875 0.520565 0.0226562 0.0312941
8 0.394836 0.578765 0.0470156 0.0575765
8 0.598141 0.509812 0.0202188 0.0304471
8 0.525672 0.604906 0.0511563 0.0464706
8 0.466328 0.528247 0.0428437 0.0582824
8 0.393297 0.536024 0.023 0.0495059
8 0.206961 0.594647 0.0299531 0.0332471
8 0.566234 0.580141 0.029625 0.0424941
8 0.348766 0.521412 0.0561875 0.0371765
