0 0.772359 0.398833 0.0558125 0.154125
0 0.281414 0.54576 0.129609 0.141437
0 0.142914 0.413875 0.0583906 0.117667
0 0.718953 0.390333 0.0580937 0.142542
0 0.370461 0.675688 0.114766 0.119208
0 0.223148 0.588771 0.0873594 0.166542
0 0.16057 0.300781 0.0697656 0.130229
0 0.423508 0.121365 0.122516 0.0654375
0 0.669687 0.179719 0.0916562 0.0615208
0 0.719359 0.245594 0.0840937 0.0956042
0 0.640516 0.642948 0.13875 0.128646
0 0.511688 0.154042 0.12825 0.0450833
0 0.428859 0.154552 0.131187 0.0358125
0 0.763961 0.482792 0.0600781 0.133792
0 0.267414 0.211969 0.0726406 0.0818958
0 0.724211 0.298687 0.0613594 0.129375
0 0.668211 0.236313 0.0782344 0.105917
0 0.667609 0.545229 0.114469 0.152625
0 0.587391 0.13624 0.101375 0.0346875
0 0.18882 0.346896 0.0667344 0.110042
0 0.236859 0.191479 0.0866563 0.0863333
0 0.153836 0.514292 0.0572656 0.131625
0 0.714086 0.460469 0.0793281 0.141313
0 0.601258 0.183615 0.110922 0.0723958
0 0.206555 0.442479 0.0805156 0.147667
0 0.506125 0.122615 0.0827813 0.0384792
0 0.343555 0.185833 0.108453 0.077125
0 0.387875 0.601167 0.157844 0.12675
0 0.493859 0.626646 0.17025 0.122583
0 0.310648 0.647646 0.136734 0.142708
0 0.581242 0.666552 0.157641 0.0943125
0 0.769648 0.32349 0.0484531 0.0906458
0 0.462937 0.695688 0.168531 0.0879167
0 0.5845 0.605708 0.134125 0.102833
0 0.30232 0.156719 0.0373906 0.0213958
0 0.218914 0.262917 0.0699219 0.117333
0 0.728648 0.569083 0.0693594 0.137042
0 0.32518 0.143219 0.0738906 0.0283125
