6 0.30179 0.381727 0.01058 0.0140841
6 0.26384 0.327658 0.00692 0.0108108
6 0.27438 0.370766 0.00888 0.0112613
6 0.23632 0.37467 0.00884 0.0118018
6 0.30763 0.374039 0.00794 0.0115616
6 0.24344 0.358123 0.00888 0.0125826
6 0.28233 0.31952 0.01042 0.015976
6 0.28737 0.379309 0.00638 0.00822823
6 0.2362 0.298844 0.00376 0.00489489
6 0.31139 0.380946 0.00474 0.0081982
6 0.22131 0.320691 0.00962 0.0153153
6 0.22367 0.30036 0.01178 0.0143544
6 0.20606 0.342733 0.00836 0.0118919
6 0.23556 0.353844 0.00768 0.0123123
6 0.24967 0.314174 0.0087 0.0169369
6 0.25601 0.382943 0.01042 0.0130931
6 0.31671 0.322733 0.00858 0.0130931
6 0.18684 0.318979 0.01076 0.0165165
6 0.28016 0.379685 0.00668 0.0128228
6 0.22403 0.332913 0.00854 0.0123123
6 0.3076 0.360405 0.00776 0.0106607
6 0.21512 0.351066 0.0082 0.00843844
6 0.26335 0.337808 0.00734 0.0105105
6 0.27122 0.38036 0.0092 0.0116517
6 0.31347 0.344174 0.00682 0.0118919
6 0.27209 0.342222 0.0109 0.00948949
6 0.25072 0.339865 0.00816 0.0106006
6 0.19456 0.307402 0.00552 0.00897898
6 0.2329 0.318093 0.01496 0.0127628
6 0.28617 0.337883 0.00746 0.0113213
6 0.30717 0.32476 0.0071 0.0103604
6 0.30379 0.333979 0.01042 0.0156456
6 0.26385 0.377147 0.01102 0.0162162
6 0.23241 0.33512 0.00666 0.00843844
6 0.21696 0.28952 0.01036 0.0102703
6 0.25034 0.359625 0.00632 0.00897898
6 0.25698 0.322252 0.00656 0.00822823
6 0.29154 0.37 0.01144 0.0184384
6 0.24625 0.303003 0.00634 0.0118919
6 0.23445 0.291502 0.01026 0.0132733
0 0.44713 0.493769 0.0285 0.0389489
0 0.38071 0.535916 0.02706 0.0406607
0 0.47814 0.56512 0.0268 0.0328228
0 0.28184 0.471592 0.0196 0.0188589
0 0.52296 0.517568 0.01692 0.0393994
0 0.50653 0.533198 0.0251 0.0330631
0 0.30759 0.532432 0.02842 0.0371772
0 0.43152 0.560781 0.01348 0.0333333
0 0.4124 0.469745 0.02664 0.0410511
0 0.44655 0.459414 0.0263 0.0336036
0 0.46413 0.47482 0.01634 0.0143844
0 0.30967 0.562492 0.02646 0.0325526
0 0.36618 0.475886 0.02524 0.0303303
0 0.37687 0.496411 0.02954 0.0405105
0 0.34239 0.562868 0.02682 0.0338438
0 0.50702 0.568769 0.02716 0.037958
0 0.52703 0.593333 0.0185 0.0415616
0 0.41589 0.528514 0.03058 0.0415315
0 0.38041 0.567432 0.02886 0.0345646
0 0.32638 0.489219 0.02488 0.0330931
0 0.25323 0.534369 0.02818 0.0384685
0 0.50502 0.497282 0.0274 0.0426126
0 0.43135 0.489114 0.01486 0.031021
0 0.34939 0.506156 0.02698 0.0343544
0 0.27787 0.563033 0.02762 0.0340541
0 0.41318 0.562462 0.0292 0.0333333
0 0.32843 0.524144 0.02034 0.0348949
0 0.4452 0.531637 0.02896 0.0403904
0 0.38942 0.45973 0.02672 0.0434234
0 0.47536 0.492958 0.02852 0.0387087
0 0.44856 0.565856 0.02768 0.0344144
0 0.47651 0.528138 0.02818 0.04
0 0.25058 0.563363 0.02104 0.0294294
0 0.52674 0.556021 0.01852 0.0384685
0 0.39223 0.491922 0.01862 0.0350751
0 0.25232 0.473108 0.02852 0.0340841
0 0.51016 0.599715 0.02836 0.039009
0 0.40972 0.501231 0.02496 0.038018
24 0.45852 0.650586 0.02 0.0289189
24 0.26895 0.716321 0.02046 0.0478378
24 0.37736 0.718784 0.02512 0.0343844
24 0.39328 0.621411 0.01436 0.0222823
24 0.41972 0.634369 0.01536 0.017027
24 0.45497 0.717042 0.01462 0.021952
24 0.38747 0.641622 0.01246 0.0161562
24 0.28755 0.638874 0.01358 0.0205105
24 0.40117 0.733814 0.01162 0.021021
24 0.39637 0.708679 0.02006 0.0306306
24 0.50294 0.717162 0.01932 0.0303604
24 0.41403 0.712748 0.0133 0.0232132
24 0.47843 0.650616 0.02158 0.0304204
24 0.41207 0.731712 0.01694 0.0257057
24 0.42647 0.727282 0.01742 0.0271772
24 0.42913 0.616712 0.01526 0.0166667
24 0.26411 0.651517 0.02818 0.042973
24 0.34718 0.65045 0.0296 0.02
24 0.34309 0.673619 0.01854 0.0245345
24 0.28964 0.666757 0.01516 0.0296096
24 0.3213 0.681021 0.02164 0.0126727
24 0.47085 0.718063 0.0183 0.0327027
24 0.31708 0.660375 0.01736 0.0253754
24 0.32693 0.725511 0.0181 0.0376877
24 0.27334 0.619114 0.01388 0.0132432
24 0.44689 0.652673 0.01418 0.0203003
24 0.3908 0.734474 0.01528 0.0171171
24 0.50641 0.651021 0.01938 0.0333934
24 0.48839 0.718559 0.0161 0.028048
24 0.39431 0.608018 0.01406 0.0200601
24 0.303 0.726456 0.0266 0.0413213
24 0.46406 0.727477 0.013 0.0162162
24 0.40971 0.624354 0.02082 0.0276877
24 0.35728 0.682568 0.0152 0.0215315
24 0.34679 0.718093 0.02438 0.0330631
24 0.31802 0.739369 0.01528 0.0211411
