4 0.261941 0.934039 0.0892332 0.0642344
4 0.100962 0.737406 0.0786698 0.0735625
4 0.330829 0.816672 0.0909233 0.128875
4 0.178732 0.732859 0.0820344 0.0719687
4 0.119085 0.748188 0.0649609 0.109406
4 0.251956 0.727953 0.0781534 0.0586563
4 0.14374 0.781563 0.0576839 0.0592812
4 0.323114 0.902156 0.0979343 0.0759062
4 0.152371 0.93368 0.104491 0.101234
4 0.134828 0.838133 0.108466 0.0627031
4 0.121792 0.893625 0.0824257 0.082375
4 0.191588 0.917203 0.0623944 0.104188
4 0.239914 0.862758 0.0958842 0.0641406
4 0.199804 0.685875 0.0795775 0.0545312
4 0.370642 0.870187 0.0305477 0.0676875
4 0.291275 0.678609 0.0720657 0.0776563
4 0.242465 0.794914 0.15892 0.114516
4 0.125078 0.843758 0.0786072 0.0709219
22 0.510266 0.754484 0.0328326 0.04125
22 0.444397 0.773492 0.0383725 0.0429219
22 0.502457 0.718977 0.049734 0.0334531
22 0.566448 0.842016 0.0381847 0.0349375
22 0.505532 0.88293 0.0271205 0.0237656
22 0.579061 0.785453 0.0394366 0.032125
22 0.620775 0.839172 0.0252426 0.0304375
22 0.603083 0.806398 0.0303599 0.0387969
22 0.618521 0.798266 0.029061 0.039625
22 0.415485 0.795766 0.035759 0.0298125
22 0.556557 0.741977 0.0313928 0.0350469
22 0.480978 0.783312 0.0458998 0.0458438
22 0.504585 0.847937 0.0543662 0.052125
22 0.571002 0.879547 0.0429734 0.0405625
22 0.606596 0.922211 0.0440219 0.0427031
22 0.505203 0.909453 0.0356651 0.0389688
22 0.452668 0.901852 0.0255869 0.0225156
22 0.517167 0.795039 0.0327387 0.0361406
22 0.466064 0.840539 0.0292801 0.0362031
22 0.420102 0.928484 0.038795 0.0411562
22 0.60536 0.85993 0.0382629 0.0447969
22 0.532942 0.829023 0.0385915 0.0393906
22 0.453772 0.805977 0.036964 0.0315781
22 0.415094 0.753414 0.0378247 0.0400156
22 0.542551 0.806047 0.0401252 0.043
22 0.479202 0.744156 0.0297966 0.0275
22 0.595743 0.737187 0.043662 0.0372188
22 0.570556 0.718719 0.0368858 0.039125
22 0.449022 0.931836 0.0419875 0.0411719
22 0.532418 0.773914 0.0296244 0.0216719
22 0.478122 0.877805 0.034867 0.0399844
22 0.625039 0.898102 0.0300469 0.0316719
22 0.577825 0.93257 0.0268232 0.0287969
22 0.413005 0.897492 0.0317997 0.0392031
22 0.428365 0.868734 0.0211424 0.02375
22 0.445673 0.744211 0.0329108 0.0398281
22 0.690829 0.757062 0.0447574 0.048625
22 0.731088 0.752242 0.0403599 0.0480781
22 0.858122 0.739453 0.0478247 0.0509687
22 0.808678 0.82775 0.046025 0.0446562
22 0.855039 0.895992 0.0499218 0.0489219
22 0.813592 0.701484 0.055759 0.0525625
22 0.808599 0.768508 0.0507512 0.0532344
22 0.413631 0.799219 0.0364945 0.0352188
22 0.734961 0.884398 0.053615 0.0518281
22 0.515258 0.93657 0.0274804 0.0285156
22 0.857128 0.81093 0.0503756 0.0477969
22 0.778412 0.899328 0.0478717 0.0528125
22 0.767121 0.730594 0.0428482 0.0442188
22 0.739202 0.802766 0.0397496 0.029375
22 0.830853 0.844133 0.0523787 0.0533594
22 0.738552 0.836633 0.0598905 0.0554531
22 0.709562 0.925391 0.06 0.04875
22 0.852684 0.772883 0.0422692 0.0269219
22 0.876291 0.861531 0.0410955 0.0527188
22 0.7141 0.789055 0.0500156 0.0391719
22 0.752942 0.705258 0.0427543 0.0388281
22 0.481197 0.930945 0.0505947 0.0396094
22 0.479194 0.744141 0.0297496 0.0275313
22 0.762574 0.775391 0.0455869 0.04575
22 0.69 0.826609 0.0471049 0.0491875
22 0.480023 0.780172 0.0442723 0.04075
22 0.604577 0.859289 0.0346635 0.0440156
22 0.433951 0.834523 0.0342254 0.0185781
22 0.476495 0.874266 0.0406573 0.0400625
22 0.530548 0.746398 0.0229421 0.0291719
22 0.533326 0.829813 0.0370736 0.0418125
22 0.576025 0.93075 0.029108 0.03
22 0.491362 0.823422 0.0365258 0.03025
22 0.413318 0.754109 0.0325509 0.0383437
22 0.596823 0.747461 0.0211894 0.0172969
22 0.48698 0.720117 0.0302347 0.0303594
22 0.790266 0.862258 0.0530516 0.0519844
22 0.446346 0.736844 0.0351017 0.03075
22 0.712762 0.718516 0.0488732 0.0400313
22 0.697121 0.887172 0.0411581 0.0418437
22 0.810931 0.907477 0.0440219 0.0503281
22 0.624726 0.896852 0.0300156 0.0272656
22 0.443772 0.898031 0.03518 0.0433438
22 0.670305 0.853406 0.0287793 0.0423125
22 0.773247 0.812422 0.0469327 0.0471875
22 0.667684 0.7965 0.0283255 0.0486875
22 0.535438 0.866781 0.0377308 0.0375625
22 0.686236 0.863633 0.0308764 0.0368281
22 0.670462 0.89743 0.0246792 0.0465156
6 0.758631 0.567273 0.0527856 0.0406094
6 0.588028 0.624102 0.0514241 0.0421094
6 0.633592 0.483562 0.0858685 0.0551562
6 0.575016 0.548539 0.0977621 0.141266
6 0.721213 0.418141 0.0453365 0.0505313
6 0.680376 0.462273 0.0574648 0.0610469
6 0.747496 0.484422 0.0507668 0.0574063
6 0.775031 0.497328 0.0446479 0.0464687
6 0.633505 0.423969 0.105759 0.0823125
6 0.698685 0.565141 0.0412833 0.0850625
6 0.742473 0.607148 0.108138 0.0693906
6 0.617692 0.565539 0.102394 0.0602031
6 0.674085 0.421336 0.0649452 0.0407031
6 0.706964 0.478047 0.0620344 0.07625
6 0.636917 0.642344 0.0536776 0.055875
6 0.71698 0.560992 0.0380908 0.0398594
6 0.576213 0.483039 0.0318936 0.0350469
6 0.764577 0.44818 0.0565102 0.0504844
6 0.642363 0.465875 0.0193427 0.0164375
6 0.686479 0.615156 0.119531 0.0470938
6 0.756729 0.532156 0.0496088 0.037875
6 0.701025 0.638117 0.0519718 0.0572344
6 0.664499 0.490961 0.0521909 0.0525156
6 0.553146 0.514938 0.0333646 0.0242188
6 0.634687 0.530281 0.055759 0.0561562
6 0.668646 0.543711 0.0599218 0.110234
