0 0.53658 0.427343 0.0946 0.152797
0 0.10467 0.456678 0.08898 0.133217
0 0.13555 0.705892 0.08322 0.148147
0 0.11394 0.373829 0.035 0.0643706
0 0.10103 0.629563 0.05546 0.106189
0 0.66753 0.390157 0.0935 0.165979
0 0.36766 0.629441 0.09564 0.162517
0 0.39027 0.785122 0.0987 0.162483
0 0.61192 0.670699 0.08724 0.167343
0 0.6912 0.476171 0.09764 0.150105
0 0.64064 0.744021 0.06824 0.0954545
0 0.33392 0.54785 0.0452 0.0643706
0 0.28701 0.618811 0.08238 0.162378
0 0.44802 0.428322 0.08224 0.141608
0 0.19847 0.77257 0.09378 0.162133
0 0.36894 0.41729 0.08796 0.162622
0 0.25159 0.506294 0.09022 0.160909
0 0.26122 0.720839 0.0836 0.164266
0 0.12848 0.547605 0.08348 0.147378
0 0.60861 0.438252 0.07718 0.122727
0 0.29873 0.7825 0.08726 0.153112
0 0.69732 0.635227 0.09208 0.157937
0 0.50645 0.53271 0.08882 0.140105
0 0.61547 0.308829 0.07466 0.151503
0 0.10904 0.763234 0.07756 0.135
0 0.18388 0.509878 0.06048 0.102552
0 0.22783 0.341224 0.07002 0.143007
0 0.52753 0.666171 0.08098 0.159126
0 0.33934 0.710962 0.04888 0.080035
0 0.45607 0.711556 0.11194 0.200804
0 0.56824 0.794755 0.08544 0.146224
0 0.4295 0.536434 0.06436 0.113007
0 0.39891 0.306626 0.06166 0.109126
0 0.2457 0.821101 0.03716 0.0533916
0 0.4827 0.816556 0.08576 0.120035
0 0.26142 0.413409 0.0488 0.0607343
0 0.31447 0.482675 0.06746 0.139545
0 0.182 0.396801 0.10048 0.160874
0 0.63747 0.816713 0.0459 0.0581119
0 0.55601 0.277115 0.08374 0.152483
0 0.33599 0.364528 0.06394 0.116189
0 0.151 0.810804 0.0436 0.0787413
0 0.15447 0.338706 0.0691 0.121958
0 0.57913 0.553601 0.0957 0.157483
0 0.20302 0.622273 0.08804 0.145455
0 0.52378 0.761976 0.03392 0.0431119
0 0.56739 0.694633 0.0295 0.0674476
0 0.54294 0.341976 0.07084 0.0715734
0 0.47014 0.307343 0.09828 0.17958
0 0.23093 0.429948 0.02026 0.0377273
0 0.70703 0.326888 0.05994 0.11965
0 0.66946 0.249056 0.07668 0.124126
0 0.6445 0.566049 0.05668 0.155175
0 0.37896 0.519423 0.06648 0.0973077
0 0.69401 0.788462 0.09306 0.157552
0 0.29721 0.31722 0.09626 0.152133
0 0.44825 0.612028 0.06878 0.0688112
