4 0.837734 0.304193 0.26125 0.334614
4 0.752617 0.128398 0.314547 0.167614
4 0.618594 0.222864 0.371656 0.354773
4 0.728297 0.458284 0.478344 0.358886
4 0.92 0.167625 0.0963437 0.163977
4 0.415375 0.742057 0.105844 0.220386
7 0.156234 0.307318 0.088125 0.157136
7 0.345156 0.513568 0.0531875 0.0880909
7 0.28918 0.270136 0.135734 0.113591
7 0.361086 0.211205 0.104047 0.183364
7 0.311477 0.708591 0.115453 0.1905
7 0.386516 0.0900795 0.10625 0.0880682
7 0.341008 0.615636 0.105734 0.131636
7 0.0768125 0.563045 0.0900625 0.137909
7 0.25968 0.167727 0.103891 0.1475
7 0.433586 0.330466 0.105422 0.142159
7 0.259055 0.525295 0.105578 0.196909
7 0.400977 0.456148 0.0692656 0.14125
7 0.461422 0.285057 0.108031 0.119205
7 0.149945 0.660443 0.150828 0.184841
7 0.09125 0.474682 0.118094 0.151727
7 0.344992 0.399966 0.117609 0.154432
7 0.221789 0.725341 0.101016 0.151636
7 0.259563 0.356932 0.10825 0.172818
7 0.313258 0.509432 0.0321719 0.104818
7 0.0875156 0.64917 0.052875 0.108614
7 0.116914 0.360784 0.138172 0.181114
7 0.413102 0.17558 0.0712344 0.14175
7 0.17 0.498909 0.102406 0.174545
7 0.263336 0.0775568 0.0937031 0.0641136
0 0.58332 0.581386 0.391516 0.531818
0 0.432844 0.744795 0.142969 0.212727
0 0.759086 0.754909 0.0550781 0.112318
