4 0.743102 0.119552 0.186672 0.235813
4 0.824898 0.90276 0.0695469 0.172104
4 0.593156 0.278156 0.0694687 0.125729
4 0.614477 0.712687 0.496547 0.459333
4 0.0764766 0.252396 0.152953 0.301
4 0.541273 0.144844 0.0782344 0.259896
4 0.625305 0.459229 0.457734 0.230667
4 0.119734 0.11901 0.0710625 0.238021
4 0.864687 0.135146 0.15475 0.262958
4 0.445359 0.706604 0.246 0.363417
4 0.26943 0.238229 0.0954531 0.473292
4 0.764281 0.299708 0.370938 0.162375
4 0.866664 0.0842917 0.119516 0.168583
4 0.31657 0.724281 0.185984 0.492688
4 0.923273 0.760687 0.153453 0.478625
4 0.200984 0.163229 0.110156 0.326458
4 0.782828 0.910052 0.12975 0.179896
4 0.335484 0.219875 0.0989063 0.431458
4 0.376734 0.236042 0.0931875 0.472083
4 0.690375 0.888646 0.340156 0.216167
4 0.809633 0.440427 0.349422 0.218188
4 0.617797 0.83699 0.506281 0.326021
4 0.14 0.32749 0.199437 0.463063
4 0.227234 0.766698 0.187219 0.460063
4 0.967055 0.172875 0.0658906 0.316875
4 0.626484 0.130667 0.246312 0.261333
4 0.961094 0.345635 0.0775 0.202563
4 0.925383 0.114646 0.0971094 0.229292
4 0.641625 0.168292 0.243844 0.259792
4 0.512234 0.16575 0.0318437 0.177417
4 0.211172 0.660052 0.256719 0.422229
4 0.460086 0.180625 0.146984 0.36125
4 0.984586 0.640219 0.0273281 0.309354
4 0.393445 0.927948 0.0728906 0.116937
4 0.455797 0.581062 0.108281 0.123167
4 0.301672 0.935896 0.114594 0.128208
4 0.055375 0.122656 0.107594 0.242229
4 0.974625 0.734427 0.0468125 0.292854
