4 0.528148 0.494875 0.463266 0.569625
4 0.578578 0.254021 0.816563 0.420875
10 0.394633 0.797406 0.179422 0.243896
10 0.163836 0.548719 0.203172 0.161938
0 0.819867 0.226594 0.183984 0.184188
0 0.590547 0.819479 0.242219 0.292
0 0.721063 0.460948 0.101719 0.195646
0 0.371289 0.515906 0.182266 0.265021
0 0.31743 0.726437 0.131172 0.243833
0 0.789891 0.723083 0.176531 0.33025
0 0.477656 0.450656 0.0604062 0.113604
0 0.220531 0.145177 0.151469 0.189104
0 0.536094 0.591448 0.190281 0.258188
0 0.160109 0.732906 0.299844 0.366104
