16 0.525946 0.261279 0.034262 0.023525
16 0.891826 0.098249 0.041596 0.027298
16 0.828543 0.090235 0.040155 0.030047
16 0.961742 0.038933 0.068248 0.049732
16 0.142492 0.198277 0.041218 0.025882
16 0.371709 0.074360 0.047604 0.028416
16 0.866987 0.012250 0.045665 0.023419
16 0.964524 0.045191 0.067569 0.066422
16 0.377532 0.076841 0.055412 0.030389
16 0.278083 0.087200 0.039593 0.019157
16 0.659468 0.044057 0.037371 0.019513
16 0.810401 0.047774 0.036708 0.025779
16 0.971507 0.161683 0.037400 0.025346
16 0.047605 0.148200 0.055552 0.025225
16 0.719705 0.093057 0.038934 0.028284
16 0.068181 0.154287 0.067566 0.032479
16 0.889349 0.195084 0.037730 0.023940
16 0.053739 0.150729 0.063810 0.029430
16 0.086627 0.016099 0.068191 0.031460
16 0.807448 0.053093 0.043409 0.024596
16 0.185256 0.156938 0.042699 0.020564
16 0.897394 0.101673 0.037281 0.029961
16 0.672215 0.084264 0.037484 0.021265
16 0.240484 0.014620 0.035203 0.027954
16 0.151787 0.108157 0.037119 0.023352
16 0.642897 0.061050 0.036006 0.014467
16 0.665852 0.065734 0.034602 0.020926
16 0.110994 0.105293 0.037117 0.021076
