21 0.784962 0.389271 0.024954 0.076756
21 0.242236 0.381307 0.021952 0.073149
21 0.794194 0.394961 0.032547 0.071702
21 0.756941 0.381798 0.019046 0.073905
21 0.211324 0.381971 0.028090 0.077447
21 0.779244 0.387429 0.023602 0.072277
21 0.805689 0.406875 0.034864 0.049999
21 0.746256 0.384957 0.025109 0.063384
21 0.195536 0.385116 0.027405 0.057959
21 0.805959 0.391933 0.026929 0.049903
21 0.765891 0.388265 0.020493 0.079890
21 0.743193 0.332440 0.021227 0.037932
21 0.758167 0.300940 0.019128 0.043290
21 0.221665 0.386351 0.023374 0.073089
21 0.235504 0.385792 0.023367 0.077678
21 0.765232 0.326947 0.015824 0.037274
21 0.814536 0.444129 0.035314 0.039742
