21 0.748527 0.917269 0.101144 0.161829
21 0.104132 0.813117 0.208124 0.367499
21 0.610303 0.868308 0.139820 0.245865
21 0.381414 0.336844 0.242014 0.143585
21 0.307411 0.453342 0.201975 0.204695
21 0.239760 0.649157 0.093200 0.150353
21 0.234456 0.680877 0.103454 0.221312
21 0.235933 0.921910 0.104015 0.150729
21 0.883655 0.921155 0.231529 0.155419
21 0.110936 0.751621 0.213540 0.276265
21 0.451680 0.627953 0.185182 0.254534
21 0.610615 0.867598 0.130766 0.251468
21 0.355898 0.355995 0.286052 0.187566
21 0.391836 0.856146 0.195024 0.287708
