21 0.562824 0.501544 0.169988 0.220145
21 0.539712 0.721211 0.181886 0.229566
21 0.598678 0.170028 0.105209 0.214798
21 0.449816 0.143192 0.101330 0.130936
21 0.375942 0.271729 0.151193 0.179586
21 0.175581 0.517072 0.198082 0.271174
21 0.517275 0.273406 0.178946 0.242007
21 0.382120 0.816727 0.171299 0.205687
21 0.347249 0.632489 0.214646 0.255708
21 0.299041 0.136464 0.114102 0.187496
21 0.522741 0.101220 0.055724 0.073995
21 0.398852 0.436593 0.173593 0.199482
21 0.440293 0.044782 0.047197 0.066015
21 0.234862 0.422919 0.151582 0.178548
21 0.935535 0.246180 0.052966 0.063616
21 0.398873 0.437403 0.175138 0.200512
21 0.917055 0.094826 0.040259 0.053469
21 0.935555 0.022828 0.039268 0.044329
21 0.862966 0.527764 0.049076 0.062820
21 0.880746 0.458220 0.048174 0.064793
21 0.687268 0.215280 0.057483 0.065252
21 0.810681 0.064980 0.046430 0.058907
21 0.608966 0.389144 0.062901 0.114062
21 0.901314 0.294329 0.071337 0.061867
21 0.905833 0.494112 0.047729 0.057804
21 0.598900 0.044045 0.050433 0.056061
21 0.654441 0.312584 0.096143 0.149716
21 0.979179 0.189420 0.039320 0.056427
21 0.770788 0.155428 0.041207 0.045627
21 0.720288 0.104109 0.056223 0.067057
