21 0.626689 0.386661 0.060986 0.027023
21 0.720376 0.409505 0.060198 0.031591
21 0.718876 0.396389 0.051906 0.033987
21 0.566837 0.690471 0.029005 0.041412
21 0.629110 0.367326 0.050926 0.024815
21 0.048022 0.829769 0.054226 0.026994
21 0.751629 0.413589 0.053913 0.032780
21 0.514750 0.694724 0.031338 0.043146
21 0.717656 0.435588 0.072973 0.018269
21 0.039278 0.765047 0.058052 0.028010
21 0.030981 0.813674 0.045582 0.019794
21 0.518760 0.699964 0.027800 0.046916
21 0.525794 0.614240 0.039830 0.029258
21 0.630633 0.409729 0.052319 0.017386
21 0.680134 0.395123 0.048159 0.034634
21 0.686151 0.407128 0.054684 0.030311
21 0.197181 0.905439 0.034556 0.048502
21 0.490930 0.688300 0.025276 0.041072
21 0.433002 0.791586 0.054131 0.020788
21 0.064936 0.834278 0.041488 0.021586
21 0.042524 0.832168 0.053379 0.027077
21 0.600664 0.371151 0.046776 0.027714
