18 0.814683 0.472815 0.096857 0.142615
18 0.902739 0.578728 0.089843 0.102012
18 0.900580 0.488481 0.111413 0.132247
18 0.815807 0.577878 0.094227 0.075274
18 0.751006 0.554261 0.084803 0.103534
18 0.254863 0.354415 0.118947 0.171884
18 0.497798 0.347616 0.130815 0.227022
18 0.429847 0.480808 0.132100 0.163298
18 0.968095 0.542934 0.062941 0.081177
18 0.916487 0.454462 0.091510 0.118875
18 0.965303 0.575440 0.066472 0.092948
18 0.906317 0.469827 0.106569 0.146586
18 0.314568 0.229968 0.116452 0.175649
18 0.192867 0.476005 0.114403 0.150069
18 0.299838 0.485974 0.130120 0.153870
18 0.431972 0.234289 0.120001 0.172726
18 0.966535 0.557798 0.066436 0.107495
18 0.666914 0.854912 0.129456 0.199266
18 0.557137 0.469195 0.127924 0.164044
18 0.430958 0.237359 0.120289 0.172775
18 0.498753 0.347537 0.131596 0.218904
18 0.374849 0.360808 0.120367 0.150438
18 0.373696 0.360344 0.119704 0.150467
18 0.876251 0.578749 0.140713 0.094565
18 0.314724 0.229268 0.117775 0.170252
