18 0.764034 0.693929 0.088692 0.159198
18 0.343386 0.695066 0.087390 0.155993
18 0.447860 0.690794 0.085853 0.154750
18 0.553456 0.691886 0.086683 0.156528
18 0.237330 0.691712 0.086664 0.158119
18 0.656758 0.692921 0.086890 0.156396
18 0.344128 0.691817 0.086276 0.151187
18 0.416939 0.080295 0.087180 0.127973
18 0.642115 0.341863 0.050917 0.082663
18 0.445733 0.346098 0.050867 0.081870
18 0.272884 0.057133 0.054987 0.108343
18 0.552550 0.695866 0.090683 0.155013
18 0.373149 0.269951 0.046343 0.070009
18 0.345880 0.346390 0.053602 0.082116
