18 0.086998 0.228707 0.173996 0.247851
18 0.187120 0.099621 0.227295 0.198799
18 0.106478 0.441856 0.191013 0.308959
18 0.087342 0.906054 0.174684 0.187892
18 0.768084 0.914124 0.241324 0.171751
18 0.512672 0.837194 0.224145 0.319738
18 0.851664 0.851804 0.143717 0.168321
18 0.800488 0.121779 0.159538 0.243557
18 0.322894 0.606570 0.154677 0.257976
18 0.765941 0.915951 0.244813 0.168099
18 0.700441 0.690611 0.227758 0.333738
18 0.237458 0.368376 0.209628 0.331758
18 0.939019 0.881955 0.121709 0.236091
18 0.495465 0.533693 0.228335 0.331126
18 0.702164 0.691904 0.227505 0.327460
18 0.898769 0.613798 0.202461 0.358156
18 0.538399 0.254729 0.237952 0.327736
18 0.234792 0.371133 0.209761 0.325910
18 0.395349 0.760163 0.158932 0.243906
18 0.496131 0.534971 0.229256 0.332872
18 0.898194 0.613270 0.203588 0.357013
18 0.715885 0.420842 0.208378 0.320845
18 0.794131 0.229323 0.118335 0.148801
18 0.496096 0.535546 0.229425 0.324240
18 0.895454 0.355928 0.208669 0.302984
18 0.080141 0.905701 0.160283 0.188599
18 0.898917 0.612183 0.201917 0.359573
18 0.543556 0.028967 0.090046 0.050114
18 0.049304 0.082981 0.098440 0.165264
