18 0.669013 0.649362 0.158118 0.156310
18 0.375812 0.272706 0.147157 0.117004
18 0.319007 0.640520 0.165961 0.154150
18 0.414575 0.704375 0.126250 0.077528
18 0.502833 0.385283 0.152381 0.141289
18 0.215212 0.400731 0.145216 0.123984
18 0.631519 0.391282 0.147123 0.122775
18 0.727657 0.432091 0.134287 0.146294
18 0.361125 0.513078 0.149646 0.149220
18 0.697074 0.298523 0.137177 0.119607
18 0.774548 0.540417 0.158526 0.136689
18 0.557083 0.711743 0.118779 0.074834
18 0.697809 0.298838 0.138878 0.119355
18 0.409068 0.373713 0.119393 0.157286
18 0.551425 0.280381 0.134593 0.112467
18 0.589325 0.573549 0.104355 0.106225
18 0.614754 0.508919 0.156592 0.121080
18 0.215953 0.400322 0.145218 0.124006
18 0.556517 0.711272 0.116696 0.074456
18 0.479862 0.595412 0.149783 0.159579
18 0.478297 0.596130 0.150308 0.157290
18 0.411013 0.373000 0.115927 0.154785
18 0.401083 0.264516 0.095537 0.107904
18 0.615546 0.543056 0.160606 0.171264
18 0.214001 0.520435 0.162419 0.145239
18 0.179655 0.429464 0.074448 0.057645
18 0.659390 0.540934 0.069611 0.092691
18 0.773694 0.539682 0.160608 0.134999
18 0.576025 0.651990 0.059002 0.064534
18 0.318891 0.641607 0.168449 0.155479
18 0.471820 0.290719 0.061530 0.056979
18 0.651903 0.525194 0.086542 0.120557
18 0.623486 0.534657 0.145008 0.113666
18 0.211505 0.520048 0.158368 0.146578
18 0.447928 0.507906 0.059982 0.114137
