18 0.384679 0.214998 0.162990 0.239587
18 0.224538 0.282693 0.171291 0.297442
18 0.366458 0.786124 0.197318 0.298721
18 0.542986 0.158842 0.162213 0.269815
18 0.316629 0.494404 0.249476 0.353585
18 0.533394 0.723801 0.203427 0.286475
18 0.744410 0.505785 0.186088 0.318973
18 0.709797 0.182214 0.184203 0.299835
18 0.551524 0.913139 0.193175 0.167964
18 0.638192 0.375725 0.156923 0.231422
18 0.239377 0.689534 0.109496 0.257450
18 0.671774 0.757830 0.102365 0.287310
18 0.056226 0.050930 0.069024 0.095829
18 0.606851 0.616419 0.125302 0.120892
18 0.392548 0.959850 0.131265 0.078946
18 0.728364 0.753271 0.220811 0.304341
18 0.900607 0.138272 0.196790 0.176700
18 0.014528 0.071689 0.029056 0.078728
