18 0.702527 0.559351 0.091852 0.154893
18 0.556835 0.680875 0.101260 0.141732
18 0.640722 0.731964 0.090621 0.139262
18 0.589612 0.518363 0.091922 0.138637
18 0.480012 0.714710 0.082269 0.129137
18 0.552110 0.411749 0.094826 0.136759
18 0.614054 0.889509 0.094533 0.134212
18 0.186367 0.546137 0.067294 0.098909
18 0.561283 0.806044 0.093831 0.138435
18 0.367012 0.704830 0.075504 0.094327
18 0.703971 0.791446 0.091294 0.129467
18 0.282002 0.175294 0.084360 0.109543
18 0.741378 0.631976 0.100738 0.147893
18 0.292389 0.556120 0.077947 0.099830
18 0.295633 0.602156 0.082712 0.162734
18 0.297320 0.045466 0.059895 0.088640
18 0.127902 0.760751 0.068584 0.101219
18 0.210776 0.431396 0.039562 0.084414
18 0.030943 0.737001 0.061819 0.092825
18 0.400849 0.563199 0.067466 0.090095
18 0.257814 0.089455 0.059641 0.081954
18 0.295116 0.629135 0.081830 0.116838
18 0.389571 0.632392 0.077694 0.100506
18 0.744290 0.717722 0.100882 0.132995
18 0.744709 0.675225 0.099393 0.218483
18 0.278224 0.482324 0.051863 0.053699
18 0.273338 0.382934 0.040530 0.064694
18 0.969299 0.199962 0.059960 0.086265
18 0.054890 0.097880 0.044378 0.067396
18 0.396385 0.581174 0.077351 0.121628
18 0.269235 0.081344 0.083183 0.090700
18 0.373897 0.668689 0.092442 0.167568
18 0.086497 0.720924 0.035694 0.069344
18 0.013024 0.218612 0.025974 0.083788
18 0.255691 0.167065 0.039700 0.086628
18 0.316662 0.053047 0.096705 0.101265
18 0.340604 0.132460 0.049166 0.076084
18 0.250502 0.100331 0.060958 0.087765
18 0.663272 0.736833 0.137128 0.146855
