18 0.678939 0.392194 0.095592 0.153607
18 0.486597 0.488274 0.104350 0.134176
18 0.602992 0.468765 0.099174 0.136495
18 0.504628 0.268064 0.082742 0.126540
18 0.589187 0.274572 0.090710 0.134897
18 0.444225 0.610902 0.096945 0.147033
18 0.525129 0.145618 0.079672 0.113463
18 0.235229 0.736375 0.089334 0.116510
18 0.275776 0.923802 0.084335 0.119986
18 0.359464 0.590503 0.087238 0.128788
18 0.978327 0.797449 0.042886 0.115715
18 0.283457 0.628908 0.085406 0.121867
18 0.729409 0.971547 0.081472 0.056905
18 0.662840 0.940709 0.084466 0.105322
18 0.421639 0.392262 0.078818 0.130736
18 0.653896 0.302937 0.062539 0.078184
