18 0.562409 0.596125 0.104816 0.159539
18 0.380428 0.642536 0.109070 0.187824
18 0.748173 0.479655 0.057986 0.074657
18 0.022745 0.581411 0.045471 0.110091
18 0.485546 0.462794 0.102647 0.161733
18 0.469612 0.620165 0.086053 0.133304
18 0.684012 0.600374 0.083777 0.095851
18 0.333064 0.413994 0.092078 0.129643
18 0.390693 0.484174 0.091541 0.134187
18 0.060742 0.625814 0.083196 0.114091
18 0.746527 0.558932 0.060603 0.066857
18 0.723286 0.242249 0.043416 0.058213
18 0.025313 0.597611 0.047069 0.112496
18 0.534340 0.843659 0.057656 0.100744
18 0.508171 0.817733 0.078448 0.113397
18 0.709066 0.638567 0.039020 0.051181
18 0.487328 0.816851 0.076802 0.100463
18 0.744322 0.041306 0.048551 0.065390
18 0.754736 0.614984 0.055096 0.059325
18 0.769093 0.226683 0.034562 0.056372
18 0.479373 0.718638 0.086152 0.119633
18 0.748759 0.493119 0.060920 0.091696
18 0.315715 0.511750 0.082147 0.119756
18 0.691782 0.200315 0.040589 0.062364
18 0.379528 0.614753 0.105799 0.133088
18 0.749000 0.617663 0.055326 0.071920
18 0.784697 0.084806 0.047682 0.066848
18 0.377508 0.241987 0.038215 0.048048
18 0.677353 0.299673 0.077437 0.101817
18 0.018582 0.554539 0.037164 0.130989
18 0.742974 0.182759 0.051658 0.088034
18 0.781880 0.152109 0.055124 0.079764
18 0.697090 0.191188 0.047811 0.065638
18 0.495985 0.715673 0.072026 0.119346
18 0.387853 0.296914 0.034005 0.050223
18 0.750223 0.109186 0.047932 0.066619
18 0.513709 0.712833 0.049957 0.120060
18 0.773027 0.221522 0.040773 0.057765
18 0.731356 0.621329 0.059753 0.078019
18 0.719325 0.558106 0.040765 0.051984
18 0.773587 0.589851 0.032091 0.054898
18 0.197680 0.140369 0.038998 0.054781
18 0.323308 0.496355 0.091537 0.138064
