18 0.265387 0.409899 0.053799 0.075626
18 0.907052 0.526004 0.057036 0.086614
18 0.183577 0.432081 0.058718 0.087374
18 0.847245 0.650809 0.056370 0.084879
18 0.779302 0.806726 0.050846 0.088391
18 0.864455 0.487287 0.059286 0.095970
18 0.773562 0.624563 0.053466 0.097662
18 0.701445 0.744226 0.050834 0.078701
18 0.398336 0.339628 0.056074 0.086956
18 0.054840 0.700941 0.052474 0.079252
18 0.818914 0.450069 0.048865 0.076237
18 0.450048 0.338169 0.049204 0.085694
18 0.745301 0.723091 0.048998 0.089264
18 0.538942 0.276791 0.046322 0.086829
18 0.263594 0.747990 0.046676 0.119962
18 0.437599 0.715028 0.039631 0.074840
18 0.454111 0.210289 0.055296 0.084773
18 0.063443 0.278375 0.048504 0.075992
18 0.364867 0.667546 0.048146 0.075746
18 0.218559 0.293466 0.053116 0.085610
18 0.578322 0.250451 0.047013 0.070830
18 0.683276 0.883321 0.032833 0.063269
18 0.500543 0.307268 0.041217 0.086937
18 0.798139 0.532629 0.026424 0.063695
18 0.142818 0.380102 0.046312 0.069798
18 0.544972 0.386398 0.043742 0.096148
18 0.805023 0.538415 0.043851 0.079659
18 0.330109 0.717492 0.046481 0.084737
18 0.580467 0.399910 0.038872 0.083436
18 0.732134 0.798013 0.037355 0.071908
18 0.491204 0.307413 0.046137 0.081570
18 0.715647 0.854566 0.040285 0.063944
18 0.660168 0.769732 0.046506 0.080745
18 0.665216 0.779397 0.052908 0.095427
18 0.559575 0.403426 0.047338 0.087094
18 0.010283 0.504210 0.020565 0.079991
18 0.251972 0.328350 0.050146 0.063471
18 0.499433 0.212422 0.039204 0.082715
18 0.016642 0.707715 0.033162 0.077006
18 0.536972 0.291249 0.060362 0.097959
18 0.445361 0.357036 0.062741 0.088121
18 0.441385 0.704876 0.048354 0.092598
18 0.135212 0.309334 0.044602 0.074024
18 0.865180 0.569633 0.040415 0.077873
18 0.543832 0.287595 0.049191 0.083291
18 0.682021 0.898234 0.034268 0.056659
18 0.125712 0.311493 0.029288 0.061800
18 0.581709 0.267850 0.042934 0.095163
18 0.014085 0.719570 0.028170 0.090047
18 0.579604 0.397233 0.047444 0.099320
18 0.049294 0.179594 0.036179 0.064421
18 0.487443 0.287269 0.042842 0.063246
18 0.663145 0.817309 0.044473 0.066272
18 0.549180 0.376335 0.048508 0.094074
18 0.470715 0.878345 0.035980 0.080595
18 0.517901 0.295471 0.046873 0.094574
18 0.408158 0.369186 0.060108 0.061203
18 0.579265 0.283603 0.041543 0.083679
18 0.482762 0.342213 0.034362 0.075615
18 0.719384 0.800660 0.037748 0.065520
18 0.076847 0.028570 0.046667 0.052462
18 0.584437 0.382693 0.033606 0.078609
18 0.394559 0.375541 0.047122 0.049568
18 0.671804 0.884177 0.049392 0.077806
18 0.674081 0.904140 0.042910 0.055571
18 0.168164 0.402336 0.050152 0.078630
18 0.510172 0.344352 0.032818 0.069357
18 0.048660 0.071349 0.054630 0.082800
18 0.136704 0.371009 0.038274 0.059627
18 0.888574 0.603586 0.034792 0.054228
18 0.489897 0.209340 0.052968 0.082452
18 0.832399 0.557620 0.039384 0.074005
18 0.263346 0.396829 0.056423 0.074823
