18 0.874532 0.344646 0.074326 0.128555
18 0.534271 0.507649 0.090018 0.159102
18 0.813513 0.419986 0.073508 0.138636
18 0.591211 0.848577 0.085105 0.138680
18 0.221108 0.348423 0.139330 0.229807
18 0.903573 0.454261 0.061931 0.112808
18 0.741593 0.438585 0.079053 0.147360
18 0.916778 0.851622 0.066843 0.098316
18 0.854329 0.515208 0.055920 0.098422
18 0.761701 0.326194 0.064935 0.126461
18 0.587461 0.393866 0.076870 0.168257
18 0.853414 0.679888 0.078559 0.135427
18 0.462572 0.613545 0.082141 0.134682
18 0.728378 0.574910 0.063961 0.111710
18 0.722965 0.743199 0.063472 0.112692
18 0.800106 0.569721 0.088042 0.166235
18 0.453523 0.482103 0.077736 0.171371
18 0.851833 0.863469 0.058677 0.079284
18 0.527618 0.687201 0.093853 0.161495
18 0.586784 0.394543 0.076214 0.171394
18 0.725047 0.862267 0.063012 0.110041
18 0.919020 0.730783 0.078181 0.144482
18 0.722717 0.743676 0.063605 0.116187
18 0.920813 0.731262 0.080016 0.153108
18 0.975636 0.875219 0.042078 0.050924
18 0.527703 0.687300 0.087420 0.170991
18 0.118261 0.257154 0.087473 0.156919
18 0.792676 0.748909 0.072547 0.132679
18 0.793000 0.748052 0.072785 0.132352
18 0.458502 0.778603 0.076516 0.148030
18 0.379832 0.570499 0.081672 0.133143
18 0.219663 0.590548 0.139326 0.244983
18 0.403435 0.707967 0.083802 0.154250
18 0.972575 0.790188 0.046789 0.097870
18 0.378349 0.434590 0.080371 0.132296
18 0.458832 0.780463 0.067546 0.145366
18 0.527233 0.688749 0.086501 0.167823
18 0.221705 0.818752 0.124417 0.232274
18 0.787524 0.859424 0.064984 0.091818
18 0.089820 0.894015 0.117136 0.121776
18 0.511722 0.854551 0.072102 0.142468
18 0.119004 0.228449 0.085246 0.111501
18 0.410962 0.847909 0.069716 0.129538
18 0.907482 0.584419 0.068973 0.120159
18 0.439409 0.310679 0.084927 0.145995
18 0.531959 0.294841 0.073830 0.130834
18 0.100688 0.356838 0.102108 0.138512
18 0.440208 0.314033 0.080103 0.149082
18 0.379361 0.570566 0.076860 0.136291
18 0.409736 0.849020 0.068617 0.128001
18 0.534534 0.295772 0.075355 0.131867
18 0.606000 0.646585 0.081911 0.172041
18 0.906003 0.588712 0.065964 0.112920
18 0.089549 0.894622 0.113492 0.123422
18 0.087273 0.342963 0.082176 0.161621
