18 0.323985 0.427054 0.060888 0.092052
18 0.472552 0.420400 0.042986 0.059963
18 0.301119 0.299782 0.056279 0.074221
18 0.351131 0.329997 0.060783 0.075702
18 0.453520 0.308698 0.055034 0.071291
18 0.198155 0.798808 0.044127 0.055806
18 0.483669 0.262674 0.049798 0.079724
18 0.423633 0.278961 0.042603 0.070813
18 0.296228 0.728875 0.051933 0.070071
18 0.303643 0.586434 0.046687 0.068917
18 0.218005 0.401612 0.056204 0.071066
18 0.225922 0.716131 0.050304 0.075889
18 0.447465 0.736038 0.050548 0.071364
18 0.184239 0.738088 0.048676 0.069910
18 0.269447 0.245713 0.049299 0.065005
18 0.388955 0.340275 0.037696 0.076959
18 0.470887 0.674856 0.047476 0.066327
18 0.247796 0.810578 0.044558 0.078110
18 0.262952 0.380107 0.039683 0.055922
18 0.173147 0.511133 0.067200 0.077170
18 0.386953 0.281110 0.048816 0.063962
18 0.384553 0.353286 0.038844 0.058203
18 0.402223 0.330472 0.039601 0.064379
18 0.248275 0.496529 0.055269 0.057769
18 0.258149 0.741809 0.036878 0.074372
18 0.408513 0.644523 0.051461 0.064157
18 0.573919 0.615007 0.049368 0.052670
18 0.879484 0.365993 0.041212 0.052415
18 0.290474 0.483457 0.053502 0.061945
18 0.121179 0.495209 0.066595 0.077731
18 0.407073 0.279321 0.050858 0.075201
18 0.967983 0.592902 0.035059 0.046286
18 0.341831 0.745073 0.044866 0.074567
18 0.174175 0.428531 0.056021 0.083450
18 0.521191 0.262664 0.035005 0.067983
18 0.518921 0.669643 0.053859 0.070921
18 0.495607 0.740896 0.039066 0.072673
18 0.525309 0.258178 0.029053 0.052638
18 0.804156 0.674978 0.033539 0.050233
18 0.800588 0.394429 0.035310 0.057716
18 0.907814 0.268679 0.034693 0.047972
18 0.909439 0.476635 0.034010 0.056226
18 0.226478 0.732859 0.049769 0.079573
18 0.650858 0.517553 0.035024 0.041550
18 0.644151 0.520319 0.044166 0.048524
18 0.489726 0.326139 0.044434 0.060458
18 0.184549 0.419628 0.049940 0.076807
18 0.516121 0.750155 0.059998 0.088974
18 0.842759 0.354443 0.039428 0.061282
18 0.363046 0.391531 0.030306 0.063206
18 0.180135 0.783783 0.043461 0.057427
18 0.617503 0.474847 0.028889 0.049350
18 0.282246 0.785465 0.033828 0.067100
18 0.351269 0.352776 0.067726 0.112665
18 0.297064 0.461577 0.047723 0.077846
18 0.149687 0.512087 0.034694 0.065132
18 0.455840 0.464847 0.032756 0.045861
18 0.529935 0.607443 0.033394 0.053631
18 0.987647 0.460685 0.024706 0.054163
