18 0.386754 0.343197 0.081548 0.149307
18 0.455742 0.393543 0.077716 0.138236
18 0.425362 0.703134 0.096596 0.168356
18 0.334896 0.471362 0.130156 0.152020
18 0.337101 0.524831 0.126223 0.250939
18 0.479103 0.645174 0.071348 0.131717
18 0.270114 0.565533 0.076915 0.118609
18 0.707729 0.564189 0.061740 0.084716
18 0.780213 0.743181 0.051072 0.105794
18 0.561588 0.485236 0.082020 0.144262
18 0.738484 0.824161 0.046153 0.075590
18 0.729289 0.892645 0.052269 0.084646
18 0.722017 0.506766 0.039944 0.077492
18 0.527492 0.593925 0.076401 0.126079
18 0.358090 0.474566 0.084922 0.147740
18 0.340544 0.584238 0.077728 0.149183
18 0.299924 0.469216 0.059937 0.131812
18 0.722784 0.513604 0.046069 0.097535
18 0.321506 0.583446 0.116719 0.149667
18 0.758392 0.735885 0.069694 0.110603
18 0.746816 0.698077 0.047533 0.053909
18 0.715463 0.530584 0.057481 0.128537
18 0.438628 0.678545 0.106986 0.169294
18 0.127311 0.953846 0.043788 0.070067
18 0.094210 0.963645 0.036293 0.070250
18 0.487014 0.629817 0.086743 0.163552
18 0.807039 0.812560 0.027710 0.057813
18 0.058810 0.959419 0.046053 0.080702
18 0.735158 0.840400 0.050369 0.107198
