18 0.856297 0.574137 0.077929 0.111809
18 0.709250 0.524879 0.066589 0.091489
18 0.421646 0.835181 0.066894 0.098128
18 0.852079 0.671798 0.073349 0.101168
18 0.448330 0.750400 0.066800 0.082442
18 0.447668 0.666974 0.070822 0.104295
18 0.890674 0.737114 0.060904 0.083362
18 0.316952 0.556153 0.059664 0.091332
18 0.549526 0.675490 0.067302 0.093722
18 0.955524 0.755623 0.067222 0.096311
18 0.932608 0.688456 0.070173 0.090652
18 0.381430 0.188470 0.057137 0.091240
18 0.268035 0.466962 0.059751 0.079530
18 0.146985 0.790147 0.070938 0.072978
18 0.608731 0.588512 0.071118 0.099124
18 0.608375 0.671277 0.064802 0.087936
18 0.887925 0.487290 0.064859 0.108545
18 0.478419 0.588425 0.072417 0.113404
18 0.499550 0.707329 0.060432 0.088250
18 0.736329 0.209569 0.069045 0.082164
18 0.892176 0.781525 0.064850 0.085379
18 0.811511 0.207975 0.069325 0.083234
18 0.250744 0.537155 0.066554 0.089313
18 0.497501 0.848492 0.060200 0.093073
18 0.400225 0.051029 0.072686 0.084129
18 0.190303 0.545674 0.067711 0.097370
18 0.328508 0.056908 0.059821 0.071286
18 0.794004 0.692259 0.097839 0.141009
18 0.578283 0.726142 0.061956 0.073669
18 0.078120 0.804791 0.046682 0.062211
18 0.787806 0.505729 0.070851 0.073631
18 0.476978 0.497234 0.069896 0.087574
18 0.412117 0.039342 0.079028 0.078684
18 0.608277 0.638125 0.069553 0.153683
18 0.041943 0.731905 0.058620 0.082277
18 0.766657 0.253947 0.063330 0.060080
18 0.935556 0.708923 0.071612 0.133205
18 0.730295 0.222546 0.081651 0.103326
18 0.278027 0.596276 0.052945 0.078199
18 0.297261 0.531864 0.048182 0.063666
18 0.695306 0.230380 0.034318 0.069387
18 0.193170 0.476782 0.051959 0.082535
18 0.591515 0.689214 0.073821 0.126213
18 0.429639 0.748406 0.085966 0.087358
18 0.101829 0.732000 0.054650 0.068952
18 0.222847 0.536630 0.046011 0.096893
18 0.206213 0.482274 0.070449 0.073691
18 0.066728 0.631948 0.049487 0.078499
18 0.794284 0.479582 0.079822 0.127506
18 0.756444 0.445568 0.028828 0.061576
18 0.388538 0.042489 0.086672 0.084978
18 0.890813 0.760957 0.064821 0.128843
18 0.909082 0.176022 0.039686 0.065527
18 0.627293 0.027434 0.057260 0.048584
18 0.804934 0.709350 0.118831 0.147341
18 0.898619 0.622576 0.055555 0.099671
18 0.563803 0.599752 0.037341 0.072695
18 0.221896 0.442109 0.060660 0.076947
18 0.435306 0.790328 0.093825 0.168730
18 0.753235 0.161616 0.047552 0.078895
18 0.952339 0.970867 0.093225 0.058265
18 0.879961 0.371194 0.046412 0.062700
18 0.984472 0.753967 0.026708 0.088828
18 0.989871 0.712947 0.020116 0.097953
18 0.982944 0.788867 0.032865 0.065866
18 0.182875 0.470722 0.034943 0.069735
18 0.404791 0.045277 0.095140 0.090554
18 0.618763 0.583675 0.093104 0.104667
18 0.214592 0.460710 0.064992 0.074299
