13 0.909964 0.284130 0.094161 0.131995
13 0.743462 0.321114 0.082812 0.135800
13 0.416430 0.802035 0.084994 0.125650
13 0.087589 0.676760 0.109115 0.175695
13 0.532309 0.887491 0.081273 0.134108
13 0.457950 0.879889 0.079156 0.132299
13 0.605057 0.842185 0.081958 0.124739
13 0.761437 0.523047 0.085511 0.135738
13 0.469233 0.744224 0.086191 0.137818
13 0.205228 0.702987 0.085208 0.133786
13 0.850417 0.366226 0.084238 0.136935
13 0.277778 0.625344 0.082911 0.147813
13 0.872745 0.119463 0.073933 0.125108
13 0.091530 0.656401 0.099651 0.134087
13 0.712812 0.402984 0.097448 0.081079
13 0.711591 0.571482 0.076252 0.109524
13 0.075727 0.686775 0.085333 0.154633
13 0.805947 0.286324 0.062510 0.067810
13 0.782368 0.391691 0.055556 0.072546
13 0.534750 0.758577 0.063932 0.133730
13 0.729020 0.412037 0.077916 0.088963
13 0.756514 0.431785 0.050204 0.069161
13 0.443903 0.799235 0.122270 0.147008
