13 0.270412 0.344072 0.091632 0.062959
13 0.507055 0.612913 0.108159 0.067348
13 0.562271 0.786399 0.092536 0.079415
13 0.598221 0.726748 0.091964 0.061576
13 0.517809 0.183170 0.087875 0.063157
13 0.630622 0.874228 0.096188 0.070441
13 0.652594 0.765326 0.099961 0.065422
13 0.958327 0.931052 0.082307 0.084700
13 0.534360 0.111982 0.117929 0.083465
13 0.493678 0.792847 0.112339 0.066872
13 0.503688 0.429402 0.091988 0.070769
13 0.631968 0.473750 0.123794 0.115035
13 0.251455 0.148309 0.095167 0.074737
13 0.386590 0.821778 0.103144 0.075995
13 0.545370 0.280466 0.096836 0.061464
13 0.622932 0.313224 0.100588 0.064966
13 0.549761 0.860491 0.081170 0.063001
13 0.154863 0.313880 0.101461 0.069655
13 0.466900 0.241713 0.102645 0.064441
13 0.430603 0.213366 0.043918 0.045398
13 0.942366 0.192158 0.055450 0.041436
13 0.636933 0.444882 0.117273 0.065108
13 0.338993 0.153992 0.101941 0.069282
13 0.542258 0.291776 0.102055 0.084890
13 0.477967 0.201499 0.098187 0.070548
13 0.459980 0.219652 0.106573 0.068842
13 0.952411 0.135931 0.062848 0.037582
