13 0.147344 0.253961 0.115023 0.144956
13 0.216830 0.716110 0.114054 0.170502
13 0.576396 0.464881 0.122896 0.162947
13 0.644949 0.597557 0.135581 0.163652
13 0.818528 0.754642 0.116344 0.147619
13 0.365416 0.283751 0.119266 0.146323
13 0.269424 0.794837 0.130857 0.191842
13 0.216946 0.502641 0.136160 0.156869
13 0.552862 0.233776 0.123509 0.169284
13 0.720796 0.683013 0.132105 0.200820
13 0.464081 0.813586 0.131753 0.182805
13 0.760843 0.880912 0.131348 0.178001
13 0.593896 0.970962 0.074929 0.055799
13 0.570881 0.692669 0.117191 0.174831
13 0.029291 0.201479 0.058363 0.135847
13 0.376708 0.706722 0.129265 0.198225
13 0.522753 0.126065 0.116553 0.164740
13 0.742803 0.159313 0.112454 0.129438
13 0.708149 0.966926 0.116722 0.064448
13 0.642071 0.972101 0.050069 0.053148
13 0.035636 0.297064 0.068611 0.089399
13 0.715187 0.713793 0.122633 0.143514
13 0.022250 0.328321 0.044239 0.107181
13 0.724581 0.644235 0.124984 0.122334
13 0.652641 0.968666 0.078554 0.062669
13 0.522855 0.944213 0.084956 0.105982
13 0.066369 0.745708 0.132721 0.082767
13 0.560097 0.576453 0.055862 0.085204
13 0.066815 0.741606 0.130883 0.076856
