13 0.370293 0.162214 0.129278 0.110930
13 0.438849 0.238945 0.131753 0.109465
13 0.152409 0.147722 0.141595 0.119920
13 0.215207 0.212914 0.143372 0.125838
13 0.313560 0.278545 0.134217 0.118480
13 0.249565 0.376610 0.163417 0.121184
13 0.196829 0.321465 0.145572 0.103057
13 0.724251 0.124673 0.136069 0.120272
13 0.462806 0.110713 0.137812 0.122611
13 0.256579 0.641818 0.134063 0.111382
13 0.346123 0.434370 0.117931 0.097765
13 0.600917 0.169134 0.135854 0.125498
13 0.429970 0.347616 0.148696 0.117546
13 0.279165 0.101151 0.131003 0.125206
13 0.797182 0.220974 0.124473 0.112409
13 0.799056 0.074986 0.136606 0.118590
13 0.672704 0.368127 0.131933 0.119057
13 0.695508 0.278726 0.138741 0.110405
13 0.579770 0.439566 0.148736 0.116973
13 0.452296 0.437188 0.124633 0.114559
13 0.562768 0.291716 0.139529 0.127500
13 0.132546 0.673597 0.128346 0.120699
13 0.695814 0.203188 0.085365 0.057407
13 0.800648 0.375542 0.133617 0.125110
13 0.523003 0.201809 0.066075 0.062285
13 0.716695 0.438946 0.122766 0.092061
13 0.336584 0.167413 0.154193 0.115192
13 0.578675 0.101224 0.111568 0.099004
13 0.520371 0.042212 0.114525 0.068602
13 0.880750 0.387131 0.096023 0.115534
13 0.600309 0.099514 0.149585 0.099269
13 0.645142 0.246585 0.068040 0.063062
13 0.402051 0.074898 0.101924 0.071715
13 0.785420 0.303981 0.088738 0.061293
13 0.873628 0.286091 0.073957 0.099990
13 0.548781 0.248113 0.094046 0.062205
13 0.608744 0.033475 0.081008 0.046673
13 0.292043 0.122888 0.103647 0.091878
13 0.675795 0.226874 0.126403 0.099858
13 0.540896 0.376388 0.113776 0.060753
13 0.306895 0.158439 0.098662 0.097807
13 0.638404 0.090054 0.084951 0.084658
13 0.548127 0.391830 0.108927 0.086004
13 0.576820 0.302860 0.117094 0.107963
