13 0.662485 0.173608 0.153691 0.125449
13 0.308809 0.301101 0.205378 0.139944
13 0.543918 0.351953 0.213929 0.142536
13 0.203766 0.694944 0.166956 0.146947
13 0.751748 0.504709 0.165662 0.122511
13 0.511268 0.157338 0.178270 0.127472
13 0.156624 0.243094 0.159456 0.116825
13 0.385731 0.115357 0.103832 0.113198
13 0.564065 0.784303 0.197987 0.141343
13 0.638174 0.283280 0.179321 0.122458
13 0.093624 0.504528 0.174925 0.122661
13 0.908996 0.620234 0.178908 0.121781
13 0.584121 0.519708 0.235266 0.203393
13 0.135100 0.348641 0.177047 0.137948
13 0.705716 0.666945 0.169616 0.167724
13 0.576877 0.493757 0.218671 0.157681
13 0.068070 0.642099 0.136140 0.201081
13 0.445461 0.481201 0.098645 0.107635
13 0.915416 0.761632 0.169168 0.263309
13 0.670692 0.435115 0.154708 0.113534
13 0.125684 0.525812 0.110232 0.082003
13 0.625543 0.527644 0.196569 0.192327
13 0.941614 0.707293 0.116772 0.144147
13 0.936526 0.752086 0.126948 0.232711
