13 0.187906 0.527195 0.090498 0.126522
13 0.226469 0.393687 0.100805 0.152656
13 0.576329 0.644582 0.112267 0.140502
13 0.335688 0.468141 0.107397 0.148854
13 0.125319 0.644042 0.100643 0.173688
13 0.508944 0.517917 0.088444 0.178002
13 0.596956 0.492615 0.098273 0.161962
13 0.716383 0.467168 0.098219 0.152061
13 0.433754 0.412802 0.095281 0.156668
13 0.472328 0.667693 0.097031 0.179124
13 0.214810 0.661062 0.097783 0.171490
13 0.433078 0.411629 0.095373 0.156950
13 0.304312 0.643788 0.087608 0.162548
13 0.215204 0.661690 0.097153 0.174090
13 0.653450 0.383611 0.112195 0.130267
13 0.275027 0.522366 0.116085 0.128032
13 0.386815 0.740552 0.085764 0.155795
13 0.532775 0.372277 0.114216 0.127391
13 0.125088 0.645740 0.101526 0.173566
13 0.678532 0.592135 0.112690 0.151969
13 0.472819 0.667560 0.099118 0.187074
13 0.533370 0.373138 0.114119 0.125204
13 0.672998 0.728911 0.108359 0.145727
13 0.304616 0.644587 0.088206 0.163734
13 0.678524 0.593778 0.111752 0.151046
