13 0.353309 0.596831 0.068085 0.098477
13 0.275963 0.564805 0.096212 0.116704
13 0.724484 0.350899 0.125855 0.076847
13 0.461787 0.627411 0.035277 0.075013
13 0.672599 0.420671 0.070925 0.094463
13 0.447459 0.554023 0.064737 0.083096
13 0.413976 0.608009 0.071062 0.099193
13 0.267201 0.481047 0.068267 0.076433
13 0.497321 0.607601 0.058364 0.114095
13 0.802804 0.508986 0.061655 0.111554
13 0.530606 0.400697 0.097620 0.089700
13 0.541784 0.626488 0.062426 0.093072
13 0.451657 0.482852 0.062129 0.091181
13 0.351876 0.595112 0.066154 0.099896
13 0.635027 0.487811 0.076669 0.130587
13 0.390051 0.414143 0.066493 0.078932
13 0.276096 0.564325 0.098549 0.118465
13 0.505603 0.347345 0.063523 0.081423
13 0.383409 0.524767 0.073228 0.092151
13 0.688035 0.540551 0.067954 0.100038
13 0.567146 0.450183 0.078970 0.099301
13 0.314150 0.399690 0.066009 0.087469
13 0.618819 0.381378 0.071174 0.095997
13 0.444535 0.360385 0.069536 0.088192
13 0.615528 0.632377 0.044621 0.070449
13 0.664480 0.641094 0.053439 0.060811
13 0.590068 0.623819 0.044440 0.090619
13 0.313095 0.399060 0.063690 0.084958
13 0.519511 0.520654 0.072914 0.101500
13 0.258542 0.414743 0.040806 0.084438
13 0.394973 0.517406 0.054960 0.086444
13 0.621203 0.384318 0.072303 0.101426
13 0.444727 0.483974 0.055179 0.073201
13 0.444243 0.359604 0.068240 0.086848
13 0.456872 0.416590 0.072016 0.075210
13 0.329338 0.454884 0.079489 0.113841
13 0.413378 0.604608 0.069051 0.097729
13 0.329463 0.455623 0.082303 0.113053
13 0.484663 0.686552 0.069989 0.042010
13 0.673256 0.422940 0.069416 0.097042
13 0.645679 0.615877 0.038774 0.080020
13 0.737044 0.423242 0.068808 0.068807
