13 0.591125 0.186581 0.100267 0.126810
13 0.503274 0.166639 0.101039 0.144557
13 0.523624 0.291017 0.090716 0.140852
13 0.807475 0.135751 0.165639 0.159541
13 0.147040 0.117653 0.210009 0.200461
13 0.652900 0.797682 0.158694 0.155086
13 0.166605 0.410468 0.145693 0.181584
13 0.317880 0.706791 0.184239 0.171743
13 0.184422 0.675889 0.166088 0.159837
13 0.499521 0.418809 0.107319 0.206164
13 0.073749 0.252928 0.110671 0.114011
13 0.795598 0.400463 0.121620 0.207772
13 0.219528 0.526395 0.105879 0.144213
13 0.758628 0.233854 0.108712 0.138216
13 0.181862 0.829066 0.174717 0.167441
13 0.688680 0.413356 0.106752 0.164520
13 0.950203 0.239837 0.099594 0.146342
13 0.120361 0.304642 0.138711 0.186098
13 0.118145 0.543557 0.124520 0.158783
13 0.897787 0.372441 0.116959 0.134854
13 0.179891 0.828018 0.176460 0.167480
13 0.498574 0.421378 0.106735 0.206930
13 0.406486 0.424063 0.109636 0.148010
13 0.689261 0.412796 0.108553 0.165458
13 0.866508 0.252450 0.128464 0.140582
13 0.117615 0.542126 0.124447 0.162127
13 0.299241 0.444057 0.137823 0.187348
13 0.406546 0.424544 0.108905 0.150459
13 0.533507 0.069309 0.103782 0.134567
