13 0.838925 0.501921 0.049781 0.074339
13 0.787515 0.512268 0.047217 0.051717
13 0.848866 0.393622 0.045942 0.069112
13 0.633404 0.777612 0.034643 0.055588
13 0.907068 0.522600 0.058694 0.094960
13 0.907826 0.427100 0.059658 0.097274
13 0.935674 0.317521 0.058694 0.095188
13 0.907153 0.426973 0.061018 0.094842
13 0.981913 0.541540 0.036175 0.092009
13 0.979605 0.539528 0.040791 0.084820
13 0.529168 0.276650 0.032144 0.061156
13 0.665690 0.877906 0.029025 0.069375
13 0.849801 0.279979 0.044402 0.063844
13 0.981027 0.367194 0.037744 0.091058
