13 0.618763 0.370096 0.108807 0.167278
13 0.507866 0.622683 0.107549 0.149542
13 0.662785 0.166771 0.098191 0.157789
13 0.393037 0.611078 0.110389 0.178066
13 0.602560 0.051684 0.080070 0.103369
13 0.423603 0.497743 0.110144 0.159939
13 0.530999 0.418038 0.113102 0.175893
13 0.468670 0.807313 0.087003 0.131455
13 0.256621 0.076790 0.114160 0.153580
13 0.717171 0.094426 0.107207 0.187459
13 0.148433 0.074511 0.110592 0.135082
13 0.535833 0.933569 0.056631 0.123204
13 0.419761 0.238094 0.097419 0.106095
13 0.899407 0.198747 0.049146 0.060158
13 0.080814 0.040035 0.048791 0.076127
