13 0.429705 0.484383 0.101242 0.159978
13 0.497859 0.603024 0.093577 0.144827
13 0.507048 0.413460 0.094282 0.134250
13 0.388183 0.341632 0.127891 0.218816
13 0.474532 0.322733 0.106190 0.148021
13 0.583673 0.494088 0.109948 0.152515
13 0.489936 0.257867 0.106391 0.112658
13 0.714812 0.532295 0.082519 0.130198
13 0.709506 0.647196 0.092816 0.141952
13 0.334624 0.209352 0.119707 0.140950
13 0.624898 0.646681 0.093872 0.127202
13 0.267966 0.443633 0.072399 0.047677
13 0.577243 0.618480 0.086364 0.136748
13 0.255820 0.386977 0.090604 0.113408
13 0.584091 0.552553 0.113371 0.268752
13 0.401313 0.369917 0.097927 0.165358
13 0.320682 0.351342 0.085869 0.148284
13 0.406921 0.388862 0.090028 0.129084
