13 0.415995 0.276850 0.295895 0.367859
13 0.367887 0.610191 0.269981 0.399064
13 0.743384 0.423234 0.186881 0.274600
13 0.639895 0.515658 0.121289 0.304901
13 0.177382 0.661912 0.266023 0.498664
13 0.534561 0.545111 0.225825 0.288427
13 0.370971 0.123600 0.240958 0.247200
13 0.112988 0.943493 0.104587 0.094493
13 0.580594 0.822411 0.165488 0.302159
13 0.221022 0.970587 0.095424 0.051381
13 0.031228 0.959761 0.061920 0.072669
13 0.113977 0.944699 0.106858 0.092527
13 0.331611 0.123142 0.162528 0.246285
