13 0.771870 0.337164 0.063356 0.087848
13 0.612601 0.248119 0.070946 0.067194
13 0.582726 0.822961 0.065875 0.078852
13 0.430003 0.301552 0.053147 0.057637
13 0.451658 0.313090 0.046376 0.056354
13 0.616985 0.762171 0.068289 0.094077
13 0.065287 0.081232 0.068112 0.082862
13 0.181529 0.688974 0.052181 0.084695
13 0.616825 0.217617 0.071801 0.110380
13 0.228349 0.686510 0.059726 0.097873
13 0.719597 0.330964 0.056166 0.080991
13 0.736366 0.407117 0.067240 0.087871
13 0.592212 0.161092 0.062029 0.079647
13 0.555766 0.764233 0.063885 0.074744
13 0.647117 0.826291 0.076308 0.091320
13 0.230699 0.673449 0.063320 0.132603
13 0.185256 0.611951 0.053526 0.089654
13 0.434409 0.833055 0.068111 0.101293
13 0.402648 0.875796 0.052081 0.071430
13 0.708099 0.476130 0.052377 0.070392
13 0.439316 0.306059 0.066915 0.061087
13 0.646629 0.428486 0.114829 0.103647
13 0.466377 0.075204 0.070370 0.080533
13 0.626271 0.196881 0.054299 0.062619
13 0.025822 0.051941 0.051643 0.084932
13 0.520381 0.087558 0.036021 0.061919
13 0.424863 0.837991 0.088776 0.123014
13 0.761438 0.139742 0.060273 0.069911
13 0.088195 0.551981 0.043305 0.054081
13 0.641225 0.144097 0.053341 0.064819
13 0.182659 0.652233 0.057746 0.159281
13 0.752434 0.084494 0.075008 0.084714
13 0.171086 0.614603 0.082005 0.103869
13 0.671405 0.429749 0.064627 0.094965
13 0.527351 0.280710 0.044471 0.049819
13 0.623461 0.822757 0.113589 0.082550
13 0.233085 0.648628 0.059341 0.090624
