13 0.040486 0.154843 0.080824 0.275638
13 0.105777 0.058403 0.133416 0.116807
13 0.311480 0.451148 0.343560 0.537283
13 0.714802 0.079028 0.267281 0.158056
13 0.235714 0.154494 0.330468 0.263544
13 0.493089 0.076407 0.206656 0.152814
13 0.029106 0.022719 0.057381 0.045392
13 0.968819 0.175576 0.061842 0.327640
13 0.235827 0.152786 0.333375 0.260664
13 0.645564 0.626995 0.587688 0.443413
13 0.387839 0.077104 0.417615 0.154207
13 0.312402 0.448372 0.341118 0.535901
13 0.645189 0.619484 0.587439 0.432430
