14 0.591589 0.657699 0.150604 0.202673
14 0.646434 0.474562 0.151955 0.211672
14 0.437812 0.887110 0.136835 0.174579
14 0.189929 0.500721 0.379858 0.960946
14 0.147310 0.706549 0.274808 0.420874
14 0.586920 0.268930 0.166253 0.204492
14 0.108927 0.560776 0.217853 0.696383
14 0.471590 0.067186 0.187771 0.134372
14 0.330932 0.837033 0.128203 0.312175
14 0.507471 0.410037 0.166530 0.211647
14 0.139759 0.411006 0.279518 0.536230
14 0.437656 0.886493 0.137921 0.177795
14 0.451473 0.681599 0.162733 0.191817
