14 0.576059 0.261708 0.060888 0.044721
14 0.738317 0.079835 0.061715 0.093854
14 0.656336 0.096551 0.055157 0.048226
14 0.663828 0.093608 0.062144 0.051116
14 0.645191 0.166570 0.071610 0.037930
14 0.647074 0.119241 0.077609 0.043811
14 0.617604 0.388132 0.029108 0.082020
14 0.656224 0.251424 0.056560 0.053090
14 0.674362 0.224813 0.049456 0.049102
14 0.589742 0.208553 0.052584 0.049351
14 0.654693 0.177422 0.069041 0.047812
14 0.583555 0.311459 0.062581 0.061560
14 0.643213 0.246917 0.056838 0.043810
14 0.702337 0.122698 0.074670 0.065505
