14 0.632334 0.737419 0.094511 0.074365
14 0.773342 0.699847 0.100189 0.084106
14 0.756791 0.780113 0.115918 0.082451
14 0.494357 0.663809 0.092293 0.096785
14 0.810301 0.614982 0.101313 0.079512
14 0.657732 0.666525 0.095975 0.073987
14 0.794903 0.846128 0.082860 0.072652
14 0.845523 0.688130 0.087246 0.080978
14 0.668988 0.882307 0.087598 0.067287
14 0.702249 0.711148 0.101024 0.074593
14 0.738540 0.845373 0.135618 0.076126
14 0.665265 0.802860 0.095796 0.077603
14 0.746175 0.903250 0.087437 0.065154
14 0.396481 0.496634 0.125586 0.083663
14 0.887454 0.613597 0.056938 0.045496
14 0.469723 0.550319 0.091129 0.080399
14 0.832564 0.695193 0.111420 0.086272
14 0.402364 0.421384 0.105310 0.081903
14 0.335443 0.719742 0.109294 0.092844
14 0.372473 0.581052 0.115208 0.091627
14 0.567382 0.605006 0.111440 0.100585
14 0.386129 0.670364 0.135130 0.111209
14 0.632763 0.082131 0.063347 0.056113
14 0.741388 0.637210 0.082175 0.062546
14 0.803947 0.775946 0.067343 0.081458
14 0.829296 0.221072 0.115272 0.089364
14 0.677078 0.225114 0.121734 0.096138
14 0.781494 0.077938 0.128477 0.136389
14 0.294917 0.515673 0.125298 0.093801
14 0.570154 0.628805 0.107765 0.145577
14 0.808064 0.159777 0.134629 0.050838
14 0.877886 0.569223 0.052653 0.074697
14 0.646808 0.156148 0.113493 0.090167
14 0.337094 0.694868 0.119798 0.145489
14 0.267015 0.262841 0.097997 0.078636
14 0.202576 0.440731 0.107649 0.099905
14 0.455924 0.569392 0.098308 0.112356
14 0.350088 0.257542 0.100467 0.089488
14 0.310999 0.433395 0.101539 0.085035
14 0.455448 0.107018 0.031551 0.046306
14 0.573025 0.656646 0.098150 0.092166
14 0.288186 0.596353 0.103255 0.087548
14 0.756358 0.265322 0.111162 0.139318
14 0.731893 0.863285 0.109540 0.104912
14 0.747512 0.609995 0.063927 0.067239
14 0.451800 0.585409 0.090873 0.079678
14 0.218768 0.970111 0.089571 0.059759
14 0.758201 0.596204 0.050042 0.042578
14 0.752033 0.736888 0.077063 0.029389
14 0.575123 0.772440 0.043778 0.065034
14 0.710856 0.030393 0.096330 0.057033
14 0.262920 0.246989 0.098036 0.103214
14 0.678914 0.755155 0.077384 0.057021
14 0.495699 0.457157 0.119336 0.097799
14 0.790327 0.755805 0.083931 0.053590
14 0.819448 0.571581 0.060871 0.039121
