14 0.192743 0.550051 0.083969 0.118504
14 0.171660 0.456713 0.083070 0.110391
14 0.248328 0.719015 0.075896 0.099295
14 0.299812 0.807834 0.083000 0.117180
14 0.111415 0.929810 0.066264 0.096336
14 0.204823 0.633220 0.075266 0.104040
14 0.546043 0.521604 0.075562 0.110511
14 0.144399 0.814584 0.064875 0.083707
14 0.617337 0.817940 0.072094 0.116443
14 0.750436 0.246804 0.080136 0.172258
14 0.493582 0.319661 0.065073 0.113030
14 0.651710 0.916696 0.075660 0.118021
14 0.549468 0.394208 0.075509 0.108707
14 0.935956 0.108391 0.070796 0.128069
14 0.786664 0.406691 0.075044 0.102636
14 0.746909 0.668042 0.070695 0.101215
14 0.752696 0.221840 0.077301 0.132098
14 0.693235 0.727937 0.078500 0.116461
14 0.596843 0.463252 0.078610 0.119996
14 0.649398 0.433780 0.072676 0.112570
14 0.864725 0.490044 0.071417 0.105750
14 0.843923 0.722987 0.068299 0.103244
14 0.733950 0.737170 0.051805 0.076609
14 0.740880 0.820647 0.068823 0.097280
14 0.113291 0.862985 0.046792 0.064933
14 0.583044 0.669911 0.076863 0.105879
14 0.800914 0.523145 0.076537 0.106141
14 0.697294 0.832723 0.069644 0.110037
14 0.740497 0.273073 0.068484 0.115408
14 0.148309 0.452525 0.066539 0.092267
14 0.310675 0.936156 0.093215 0.121570
14 0.843932 0.723598 0.069063 0.103970
14 0.726826 0.287053 0.043069 0.084335
14 0.565853 0.399515 0.105334 0.116323
14 0.267572 0.840278 0.045220 0.100429
14 0.263360 0.883996 0.055945 0.138874
14 0.642561 0.605557 0.069682 0.124824
14 0.690215 0.629547 0.067640 0.115746
14 0.642258 0.603858 0.067446 0.123497
