14 0.167468 0.681737 0.145137 0.212830
14 0.445927 0.743413 0.146990 0.216521
14 0.255370 0.825127 0.123206 0.185719
14 0.167007 0.931133 0.143126 0.137733
14 0.741298 0.841620 0.119521 0.194796
14 0.314168 0.702549 0.132282 0.206319
14 0.925159 0.543712 0.149682 0.316676
14 0.378543 0.887362 0.135804 0.191007
14 0.845197 0.680243 0.138424 0.237277
14 0.272867 0.527315 0.140231 0.224431
14 0.088517 0.824802 0.132687 0.263507
14 0.578867 0.770841 0.142339 0.203611
14 0.758827 0.483787 0.139867 0.187485
14 0.658394 0.895574 0.131182 0.208852
14 0.126424 0.392377 0.146165 0.213515
14 0.732989 0.672588 0.095693 0.176889
14 0.869253 0.366076 0.136417 0.205173
14 0.291729 0.955828 0.124256 0.088345
14 0.738830 0.293960 0.139790 0.214565
14 0.641386 0.590291 0.143265 0.203708
14 0.065433 0.562870 0.130865 0.214547
14 0.175322 0.498359 0.100131 0.152022
14 0.495648 0.914590 0.127191 0.170819
14 0.888755 0.894934 0.142642 0.200604
14 0.466812 0.548559 0.134801 0.198271
14 0.657295 0.404096 0.099372 0.181037
14 0.585532 0.447270 0.136468 0.217277
14 0.080796 0.889334 0.136205 0.190489
14 0.925307 0.185448 0.145980 0.190089
14 0.805344 0.121551 0.114561 0.236519
14 0.976576 0.786263 0.046847 0.195958
14 0.364951 0.464533 0.088599 0.190192
14 0.913704 0.748431 0.084423 0.153369
14 0.970432 0.400977 0.058966 0.181535
14 0.058243 0.911676 0.093854 0.144827
