14 0.839856 0.888212 0.102788 0.182171
14 0.691108 0.558886 0.115949 0.191452
14 0.945481 0.725055 0.108861 0.192360
14 0.860541 0.392311 0.113574 0.161433
14 0.580192 0.635701 0.113233 0.174746
14 0.941978 0.479464 0.115104 0.157983
14 0.476990 0.630447 0.098734 0.156355
14 0.535701 0.200836 0.117860 0.173191
14 0.950263 0.319324 0.099474 0.171651
14 0.243937 0.098376 0.112766 0.178298
14 0.415184 0.226959 0.116461 0.164501
14 0.683449 0.839281 0.129267 0.164667
14 0.754064 0.946912 0.115561 0.106177
14 0.725893 0.241982 0.111596 0.182181
14 0.700811 0.090550 0.125353 0.142170
14 0.530675 0.472793 0.152130 0.217739
14 0.462340 0.337975 0.094536 0.117349
14 0.084375 0.870355 0.110614 0.150685
14 0.100939 0.718514 0.097959 0.166755
14 0.631060 0.241798 0.096485 0.166280
14 0.430556 0.422941 0.073459 0.104702
14 0.365659 0.351143 0.106598 0.183809
14 0.802212 0.330157 0.098585 0.154200
14 0.446930 0.420794 0.095720 0.120526
14 0.840232 0.891433 0.103458 0.180970
14 0.802447 0.329333 0.096782 0.149201
14 0.529739 0.058744 0.097326 0.106811
