14 0.225952 0.665333 0.178945 0.230613
14 0.100378 0.269674 0.200756 0.280037
14 0.337018 0.180728 0.220747 0.305086
14 0.778343 0.538893 0.194979 0.265174
14 0.115538 0.515154 0.224000 0.295639
14 0.412982 0.532137 0.223078 0.280213
14 0.260199 0.410854 0.207232 0.340231
14 0.590305 0.323961 0.206316 0.378911
14 0.117822 0.112776 0.127108 0.119109
14 0.625260 0.614531 0.232014 0.280997
14 0.771321 0.877670 0.195406 0.208519
14 0.418511 0.807052 0.228991 0.317490
14 0.055258 0.543248 0.110516 0.248376
14 0.626225 0.614213 0.230782 0.277003
14 0.596711 0.821747 0.198800 0.251660
14 0.598732 0.393879 0.188004 0.245647
14 0.772919 0.734550 0.148769 0.167842
14 0.019459 0.458876 0.038917 0.145243
14 0.024984 0.494480 0.049969 0.229041
14 0.593227 0.241350 0.192183 0.214844
14 0.325902 0.090006 0.197450 0.128434
