11 0.869984 0.783370 0.259953 0.433261
11 0.236628 0.513157 0.424345 0.444781
11 0.175280 0.200148 0.350561 0.388468
11 0.127978 0.823313 0.255956 0.353375
11 0.476602 0.154034 0.364662 0.308069
11 0.630546 0.178951 0.424722 0.324756
11 0.500725 0.787759 0.476949 0.417546
11 0.683872 0.460046 0.457770 0.524961
11 0.960799 0.415002 0.078401 0.338732
11 0.189641 0.820737 0.379282 0.358527
11 0.109637 0.044938 0.219274 0.089815
11 0.939827 0.359093 0.119953 0.438250
11 0.027992 0.457855 0.055984 0.253744
11 0.166363 0.041804 0.320611 0.082553
11 0.022533 0.479031 0.045066 0.318360
11 0.421089 0.153422 0.251573 0.304758
