11 0.064382 0.244335 0.126451 0.249096
11 0.562698 0.183842 0.223845 0.277817
11 0.542258 0.460577 0.214376 0.312768
11 0.741027 0.864398 0.188004 0.105765
11 0.180486 0.343958 0.214722 0.309130
11 0.737492 0.675669 0.216088 0.274794
11 0.047780 0.754705 0.095120 0.338147
11 0.134127 0.889278 0.181079 0.057963
11 0.364170 0.217339 0.183930 0.244435
11 0.507703 0.738991 0.208823 0.272104
11 0.458550 0.049806 0.129257 0.099334
11 0.865738 0.485237 0.164068 0.303881
11 0.961256 0.463885 0.076780 0.276674
11 0.603937 0.052914 0.187165 0.105828
11 0.871488 0.189635 0.209612 0.286916
11 0.145285 0.633884 0.191045 0.241344
11 0.293799 0.756274 0.211902 0.276921
11 0.713697 0.190448 0.110351 0.100916
11 0.864969 0.486088 0.165461 0.297751
11 0.356368 0.481995 0.187310 0.322318
11 0.871410 0.186635 0.209702 0.291108
11 0.731836 0.378608 0.211835 0.320840
11 0.867579 0.769049 0.203413 0.240452
11 0.732290 0.376951 0.212870 0.319982
11 0.429417 0.052000 0.188653 0.103999
11 0.739472 0.100173 0.133703 0.185250
11 0.628854 0.050197 0.138193 0.098903
11 0.705417 0.178979 0.080567 0.087410
11 0.542351 0.460012 0.214668 0.309841
11 0.962156 0.463794 0.075688 0.280737
11 0.353807 0.899044 0.157151 0.046044
11 0.740720 0.101738 0.131891 0.187895
11 0.692709 0.155360 0.057723 0.045751
11 0.973732 0.717608 0.052536 0.243250
11 0.836650 0.031271 0.119762 0.060842
11 0.063339 0.057671 0.098055 0.112665
11 0.914256 0.351776 0.075163 0.095301
11 0.051031 0.466387 0.102062 0.242283
11 0.397897 0.812928 0.143740 0.217438
