11 0.206286 0.922940 0.111261 0.131354
11 0.299181 0.879588 0.100388 0.148334
11 0.463686 0.590361 0.118653 0.179766
11 0.602676 0.474334 0.116176 0.182950
11 0.234397 0.709369 0.126827 0.189224
11 0.260322 0.517088 0.106984 0.177826
11 0.070609 0.359693 0.113807 0.175196
11 0.169308 0.472609 0.140670 0.213075
11 0.617857 0.082951 0.100556 0.165902
11 0.766450 0.330404 0.115745 0.170593
11 0.649331 0.339555 0.118611 0.170437
11 0.393797 0.548895 0.112807 0.163560
11 0.911592 0.432906 0.120070 0.195630
11 0.134242 0.613566 0.123330 0.185181
11 0.388603 0.789867 0.094827 0.151849
11 0.723388 0.481449 0.145441 0.221535
11 0.412475 0.421382 0.075679 0.135801
11 0.359356 0.789240 0.155207 0.157812
11 0.318386 0.792438 0.083233 0.108393
11 0.835048 0.404878 0.098028 0.169542
11 0.028338 0.321893 0.056676 0.122329
11 0.177555 0.832798 0.088111 0.115597
11 0.149521 0.746362 0.088432 0.109845
11 0.221960 0.312503 0.060183 0.057906
