3 0.719549 0.970590 0.026062 0.051321
3 0.350142 0.143827 0.077808 0.120802
3 0.293872 0.142494 0.081656 0.131388
3 0.681115 0.969709 0.027723 0.049776
3 0.721673 0.976740 0.031781 0.046171
3 0.644899 0.981448 0.023860 0.035232
3 0.689727 0.968499 0.026853 0.049722
3 0.638130 0.982366 0.026753 0.033010
3 0.749131 0.984715 0.026615 0.030097
3 0.805297 0.910240 0.017243 0.028355
3 0.686204 0.972100 0.028572 0.050207
3 0.691188 0.973407 0.033487 0.051701
3 0.801708 0.990799 0.025249 0.017659
3 0.850457 0.941763 0.017461 0.032572
3 0.859579 0.956863 0.017971 0.024767
3 0.767773 0.988241 0.028090 0.022747
3 0.651290 0.977969 0.022575 0.035307
3 0.732934 0.977024 0.022358 0.042422
3 0.877287 0.955239 0.018796 0.027991
3 0.535834 0.958270 0.020284 0.016504
3 0.627830 0.986052 0.025501 0.027179
