3 0.648425 0.282713 0.130492 0.158292
3 0.436831 0.344280 0.157677 0.222121
3 0.946237 0.669952 0.106688 0.282389
3 0.383500 0.535682 0.148788 0.202978
3 0.846979 0.580222 0.177031 0.259298
3 0.485587 0.696532 0.129130 0.237341
3 0.579184 0.130697 0.123613 0.195455
3 0.550852 0.432405 0.130023 0.158565
3 0.238390 0.654366 0.134501 0.193788
3 0.864886 0.377251 0.084175 0.096705
3 0.593501 0.715409 0.100834 0.144120
3 0.315551 0.944888 0.079057 0.092378
3 0.685290 0.474711 0.083106 0.131752
3 0.439684 0.217451 0.114601 0.106025
3 0.388623 0.732761 0.081400 0.192991
3 0.860818 0.978478 0.044014 0.032194
3 0.373661 0.679760 0.043393 0.098549
