7 0.51743 0.913044 0.0197656 0.0333333
7 0.835227 0.714311 0.0147656 0.0155556
7 0.646398 0.829211 0.0235469 0.0309556
7 0.81282 0.7014 0.0135469 0.0196889
7 0.18957 0.767456 0.0136406 0.0182
7 0.745898 0.713656 0.0112969 0.0144667
7 0.604437 0.890511 0.0143437 0.0225333
7 0.263789 0.757789 0.0140469 0.0188222
7 0.615914 0.887522 0.0159219 0.023
7 0.784883 0.702822 0.0148906 0.0176444
7 0.750078 0.6996 0.0111562 0.0188
7 0.573086 0.932356 0.0181719 0.0290667
7 0.63418 0.844189 0.0230781 0.0301556
7 0.612633 0.832322 0.0218906 0.0258889
7 0.77775 0.717411 0.0123438 0.0179333
7 0.580766 0.865489 0.0181875 0.0292889
7 0.217711 0.785922 0.0170469 0.0208222
7 0.203945 0.780133 0.0163281 0.02
7 0.581477 0.9213 0.0154219 0.0240222
7 0.165406 0.752 0.01525 0.0174222
7 0.72275 0.692844 0.0108125 0.0136
7 0.712242 0.679744 0.00695313 0.00713333
7 0.206937 0.735556 0.0127188 0.0162222
7 0.184633 0.742467 0.0120781 0.0134222
7 0.547547 0.871 0.0147187 0.0235556
7 0.561781 0.803622 0.0115312 0.0164
7 0.219859 0.728711 0.0095625 0.0153778
7 0.573914 0.800244 0.0178594 0.0277778
7 0.541078 0.927978 0.0150937 0.0258667
7 0.593313 0.921633 0.0134375 0.0259778
7 0.814852 0.7187 0.0136406 0.0141111
7 0.736852 0.708856 0.0109219 0.0172222
7 0.615133 0.815567 0.0206094 0.0232667
7 0.757047 0.711767 0.0112187 0.0165111
7 0.598453 0.807533 0.0191875 0.0256
7 0.173367 0.762644 0.0146094 0.0215556
7 0.237828 0.790878 0.0171563 0.021
24 0.482164 0.888267 0.0269844 0.0438222
24 0.26482 0.726467 0.0203906 0.0267556
24 0.519008 0.835633 0.0125781 0.0354889
24 0.289109 0.742633 0.0115625 0.0226
24 0.488305 0.808944 0.0178906 0.0296222
24 0.27743 0.744856 0.0190156 0.0223333
24 0.469359 0.864522 0.0335625 0.0465556
24 0.824867 0.6968 0.0204531 0.0196
24 0.491984 0.838544 0.0300938 0.0446
24 0.767273 0.674756 0.0182031 0.0114667
24 0.301328 0.724678 0.0220938 0.0149556
24 0.799531 0.681556 0.0119063 0.0105333
24 0.28807 0.732278 0.0224844 0.0120667
24 0.296547 0.761756 0.02625 0.0196889
24 0.534461 0.819222 0.0324531 0.0364444
24 0.740422 0.670711 0.0122188 0.0135111
24 0.304836 0.751289 0.0265156 0.0211111
24 0.507594 0.838311 0.0227187 0.0361333
24 0.793437 0.678711 0.0076875 0.0105778
24 0.503359 0.876733 0.0279063 0.0444889
24 0.747367 0.678122 0.0163281 0.0170444
24 0.77968 0.672278 0.0218281 0.0176667
24 0.513609 0.812044 0.0172187 0.0216889
24 0.306758 0.736222 0.0233906 0.0160889
24 0.241344 0.727811 0.016375 0.0276667
24 0.499398 0.811344 0.0173594 0.0254
24 0.525656 0.860633 0.0229062 0.0316667
24 0.552914 0.787011 0.0208906 0.0164667
24 0.255055 0.741067 0.0128281 0.0182222
24 0.48268 0.869633 0.0260469 0.0332222
24 0.466273 0.836422 0.0262031 0.0372889
24 0.811063 0.691756 0.0135312 0.0102667
24 0.530898 0.794556 0.0254219 0.0336889
