7 0.952111 0.58026 0.0155556 0.0175208
7 0.973806 0.552792 0.0129444 0.0101667
7 0.925861 0.553229 0.0205556 0.010375
7 0.970486 0.578417 0.0170833 0.0147083
7 0.989153 0.568 0.0120278 0.0140417
7 0.911944 0.57799 0.0183889 0.0121458
7 0.938153 0.582437 0.0184167 0.0164167
7 0.950097 0.554729 0.0150833 0.0132917
7 0.936972 0.570458 0.0236111 0.01075
7 0.984472 0.582062 0.0131111 0.0139167
4 0.730069 0.886333 0.0944722 0.077125
4 0.969778 0.717854 0.0604444 0.05025
4 0.920153 0.712385 0.102583 0.0604792
4 0.801542 0.871396 0.120139 0.0657083
4 0.660153 0.934813 0.06575 0.0866667
4 0.935069 0.846969 0.0924722 0.0638542
4 0.837833 0.749271 0.0785556 0.06275
4 0.847653 0.785687 0.0699722 0.0709583
4 0.851722 0.887125 0.136778 0.089875
4 0.875458 0.750313 0.0919722 0.0757083
4 0.803903 0.827458 0.136583 0.0375
4 0.751278 0.876573 0.0888333 0.0723125
4 0.704875 0.920292 0.0706389 0.105792
4 0.659903 0.888438 0.0504167 0.0824583
4 0.771889 0.949958 0.0741111 0.0593333
4 0.892014 0.798302 0.0420278 0.0402708
4 0.909986 0.86299 0.0636389 0.0470625
4 0.607903 0.89549 0.0614167 0.0794792
4 0.905986 0.742812 0.0964722 0.0780417
4 0.749347 0.822531 0.0678056 0.0356458
4 0.820472 0.925573 0.0906111 0.0771458
4 0.971361 0.793302 0.0572778 0.0418125
4 0.951306 0.689354 0.0973889 0.0369583
4 0.810667 0.778469 0.0563889 0.0725208
4 0.956639 0.851865 0.0833889 0.0679792
4 0.850431 0.858865 0.124861 0.0444375
4 0.592569 0.881875 0.0834722 0.0593333
4 0.971486 0.7475 0.0548611 0.0297917
