1 0.867756 0.0971797 0.243111 0.0475781
1 0.214933 0.680984 0.138489 0.04175
1 0.557956 0.765914 0.0915556 0.158797
1 0.8332 0.121117 0.144533 0.0696719
1 0.280033 0.627211 0.0702444 0.0337031
1 0.0757889 0.642625 0.119444 0.0472813
1 0.299422 0.887227 0.125467 0.0348906
1 0.871144 0.203531 0.241756 0.101219
1 0.686144 0.234234 0.302378 0.0900625
1 0.263533 0.815344 0.148667 0.0997813
1 0.909144 0.151562 0.179222 0.0665937
1 0.7793 0.473219 0.3226 0.103406
1 0.831189 0.857617 0.178333 0.0962031
1 0.1443 0.840516 0.151 0.102937
1 0.580478 0.562789 0.136289 0.0414219
1 0.3796 0.157172 0.264 0.099375
1 0.151011 0.620844 0.0993111 0.0269688
1 0.709078 0.160625 0.215844 0.0588437
1 0.196333 0.628203 0.117333 0.041
1 0.3092 0.664102 0.131244 0.0484219
1 0.344811 0.64 0.108422 0.0320625
1 0.225478 0.64575 0.0984667 0.0295
1 0.297744 0.613148 0.110867 0.0215469
1 0.626033 0.690781 0.205133 0.117562
1 0.502711 0.104945 0.133111 0.0538594
1 0.533544 0.496805 0.269311 0.0589219
1 0.644111 0.120719 0.251644 0.0910625
