0 0.883906 0.368656 0.0595938 0.0707708
0 0.767055 0.422427 0.0438594 0.0474375
0 0.915383 0.288385 0.113047 0.0848958
0 0.571063 0.867875 0.123656 0.133083
0 0.133836 0.873156 0.0326094 0.0495208
0 0.698586 0.39949 0.0603906 0.0794792
0 0.488258 0.46551 0.341359 0.474604
0 0.599211 0.726073 0.0484531 0.0541042
0 0.769508 0.382177 0.0565469 0.0607708
0 0.0385234 0.294469 0.0463594 0.0654375
0 0.750273 0.877052 0.0184531 0.0223125
0 0.0953594 0.956615 0.0629687 0.0825625
0 0.815867 0.411875 0.0543906 0.0558333
