23 0.533641 0.524855 0.033625 0.0616425
23 0.625188 0.595362 0.0384375 0.0654589
23 0.523484 0.409746 0.038 0.0507005
23 0.590297 0.603744 0.032875 0.0429469
23 0.56568 0.45599 0.0363906 0.0420773
23 0.635531 0.555725 0.036625 0.0457488
23 0.558195 0.487935 0.0283594 0.0349034
23 0.483156 0.442367 0.0335 0.0405314
23 0.405938 0.441413 0.0365938 0.0578019
23 0.408023 0.412536 0.0370156 0.0357971
23 0.576117 0.416244 0.0380781 0.0597826
23 0.59757 0.455302 0.0378281 0.0287198
23 0.535469 0.443587 0.0342187 0.05157
23 0.600906 0.641365 0.0421562 0.0627778
23 0.649563 0.512778 0.0343125 0.0529952
23 0.37607 0.44093 0.0347344 0.0530193
1 0.598961 0.551099 0.127766 0.182391
1 0.465266 0.479372 0.107563 0.206232
1 0.487836 0.526727 0.101266 0.182633
1 0.395555 0.569915 0.0922656 0.220217
10 0.42032 0.330205 0.0599531 0.17814
10 0.497266 0.210229 0.062875 0.0980918
10 0.388523 0.171413 0.0432344 0.0899275
10 0.483875 0.149915 0.0439688 0.0524879
10 0.446039 0.264553 0.0515156 0.130072
10 0.439531 0.144155 0.0516875 0.0609662
10 0.446289 0.181775 0.0506406 0.075628
10 0.485984 0.302585 0.0722812 0.170821
10 0.403047 0.213551 0.0459062 0.110918
10 0.532125 0.164746 0.0524375 0.0960145
4 0.312688 0.614179 0.0684375 0.160193
4 0.458234 0.663998 0.0707812 0.159203
4 0.353875 0.622657 0.08275 0.161981
4 0.499141 0.662488 0.0837187 0.140048
4 0.48057 0.658841 0.0755156 0.150048
4 0.301609 0.569493 0.09625 0.174058
4 0.303914 0.489964 0.119328 0.0974638
4 0.549867 0.67785 0.106391 0.124396
