0 0.912383 0.34157 0.0536094 0.0627969
0 0.590211 0.116477 0.116141 0.0700469
0 0.525891 0.0795469 0.0324375 0.0609062
0 0.388711 0.0749844 0.0556719 0.0311563
0 0.615109 0.292602 0.117469 0.0610156
0 0.0616641 0.813406 0.123328 0.120406
0 0.0534609 0.287953 0.106922 0.160312
0 0.572195 0.246523 0.0430781 0.0479531
0 0.935789 0.152109 0.128422 0.105125
0 0.796156 0.108117 0.115 0.0902031
0 0.821758 0.192867 0.132391 0.112328
0 0.515672 0.119555 0.0402187 0.0298906
0 0.427297 0.127141 0.13725 0.141219
0 0.725227 0.0181406 0.167828 0.0362813
0 0.399156 0.395367 0.143094 0.144922
0 0.481055 0.0473203 0.132172 0.0933906
0 0.0282031 0.715391 0.0564063 0.096625
0 0.138086 0.371234 0.144266 0.135813
0 0.517922 0.234375 0.0890937 0.0772188
0 0.531328 0.159297 0.112656 0.0841875
0 0.857555 0.0465156 0.0963594 0.0887813
0 0.845453 0.402109 0.0675313 0.0491562
0 0.150977 0.712133 0.171203 0.168672
0 0.727789 0.251812 0.126203 0.122656
0 0.221094 0.139547 0.119969 0.103313
0 0.048125 0.397883 0.09625 0.136328
0 0.128578 0.248383 0.132531 0.130203
0 0.276492 0.0400234 0.0555469 0.0776719
0 0.338438 0.1865 0.121812 0.092625
0 0.342195 0.57825 0.156609 0.152469
0 0.710648 0.154922 0.129766 0.1005
0 0.192148 0.103164 0.101359 0.0597656
0 0.847094 0.308227 0.144781 0.146391
0 0.120219 0.161602 0.130719 0.100328
0 0.307547 0.495961 0.154969 0.145078
0 0.0709922 0.701672 0.0637656 0.110844
0 0.309539 0.7475 0.157078 0.176687
0 0.401633 0.016375 0.0371406 0.0315
0 0.588898 0.0520156 0.106984 0.0947812
0 0.418844 0.718922 0.0815625 0.113688
0 0.177445 0.43075 0.154266 0.149438
0 0.199797 0.0501094 0.135969 0.100219
0 0.425063 0.259047 0.137063 0.13125
0 0.911359 0.0746563 0.148 0.1335
0 0.234727 0.215461 0.117984 0.0964531
0 0.266648 0.622391 0.0882969 0.112469
0 0.984953 0.0298438 0.0300938 0.0596875
0 0.0150703 0.134102 0.0301406 0.0223906
0 0.687594 0.0709531 0.144125 0.127469
0 0.317062 0.114664 0.107844 0.104516
0 0.281859 0.397086 0.1135 0.105203
0 0.262727 0.0906719 0.0371406 0.0281563
0 0.62157 0.199086 0.134672 0.128828
0 0.526297 0.411438 0.125312 0.101219
0 0.155266 0.565609 0.169938 0.147844
0 0.0471406 0.633477 0.0942813 0.126453
0 0.0599922 0.526711 0.119984 0.128328
0 0.457781 0.495625 0.148281 0.127688
0 0.347828 0.03925 0.11275 0.0785
0 0.0637656 0.139242 0.0839375 0.0597031
0 0.496711 0.310922 0.155141 0.147031
0 0.749812 0.365359 0.134031 0.1145
0 0.175891 0.321359 0.119094 0.11
0 0.0327422 0.178039 0.0654844 0.0734531
0 0.990523 0.103344 0.0189531 0.059125
0 0.291672 0.274594 0.137406 0.140844
0 0.0117266 0.465586 0.0234531 0.0588281
0 0.941672 0.234969 0.116656 0.161406
0 0.774648 0.0387969 0.0883281 0.055625
