4 0.702984 0.373771 0.0277813 0.0879669
4 0.319906 0.44591 0.039375 0.158913
4 0.541594 0.438499 0.02 0.0183688
4 0.375914 0.427069 0.0164531 0.1174
4 0.655141 0.359066 0.0317188 0.0797872
4 0.674063 0.40117 0.019625 0.0895272
4 0.83975 0.350012 0.0330312 0.102955
4 0.558898 0.379421 0.0207656 0.0859811
4 0.741398 0.37357 0.0321094 0.104539
4 0.289078 0.438511 0.0545937 0.140898
4 0.723398 0.331844 0.0369219 0.0989598
4 0.989508 0.335757 0.0189219 0.110946
4 0.847477 0.336182 0.0565781 0.0980851
4 0.196898 0.461383 0.0341719 0.111466
4 0.885914 0.372199 0.0235156 0.0913948
4 0.25568 0.450792 0.0390781 0.118652
4 0.762094 0.340768 0.0318437 0.0938298
4 0.221039 0.470922 0.0278906 0.144539
4 0.339258 0.408085 0.0340469 0.08
4 0.451914 0.385366 0.0273594 0.087234
4 0.781805 0.349764 0.0314844 0.0931442
4 0.870555 0.386489 0.0143281 0.0531206
4 0.574984 0.365851 0.0221875 0.0858865
4 0.3515 0.414338 0.0305625 0.0908511
4 0.802898 0.363605 0.0257969 0.099078
4 0.818648 0.362612 0.0285781 0.105083
4 0.519445 0.3924 0.0330781 0.0922222
4 0.438438 0.390827 0.0177813 0.0963121
4 0.580187 0.33292 0.023625 0.071844
4 0.916188 0.31844 0.0515 0.0884634
4 0.619516 0.360875 0.03325 0.0763121
4 0.601297 0.319941 0.0330312 0.0665485
4 0.688062 0.386596 0.0213438 0.0879905
4 0.630602 0.362991 0.0383594 0.084279
4 0.97282 0.340095 0.0331094 0.122931
4 0.600531 0.353132 0.0232187 0.0774232
4 0.931703 0.346312 0.0435313 0.0617967
4 0.357617 0.465 0.0150781 0.0346336
4 0.415742 0.376915 0.0296406 0.0615366
4 0.740703 0.335768 0.0354063 0.0925768
4 0.510172 0.384539 0.038125 0.0735697
4 0.388789 0.415508 0.0218594 0.0910165
4 0.776211 0.345804 0.0269844 0.0958156
4 0.715141 0.385296 0.0216875 0.0520095
4 0.656906 0.409799 0.0218438 0.05974
4 0.27418 0.457305 0.0299844 0.14487
4 0.362125 0.418203 0.022875 0.1
4 0.753508 0.400437 0.0264219 0.0505201
4 0.593867 0.392057 0.0187969 0.0666667
4 0.424086 0.39565 0.0206719 0.1
4 0.904234 0.335307 0.0459688 0.085461
4 0.536047 0.39195 0.0301875 0.0880615
4 0.993344 0.399102 0.0132188 0.0464303
0 0.0620547 0.870969 0.0478594 0.0645863
0 0.123477 0.829811 0.0431719 0.0310638
0 0.0807266 0.830946 0.0374219 0.0546572
0 0.0606094 0.804563 0.028375 0.0191489
0 0.121016 0.858759 0.04425 0.0581797
0 0.192477 0.839622 0.0318281 0.0569267
0 0.010375 0.829232 0.02075 0.0425768
0 0.115359 0.827376 0.03375 0.041182
0 0.0142422 0.802175 0.0284844 0.0238298
0 0.210836 0.865118 0.0367656 0.02513
0 0.0908359 0.797447 0.0332031 0.0226005
0 0.163844 0.82974 0.0365313 0.0307801
0 0.0580234 0.793771 0.0299844 0.0146336
0 0.0336172 0.877565 0.0196406 0.0423168
0 0.162875 0.853203 0.0406562 0.05974
0 0.0361484 0.829645 0.0442969 0.0621277
0 0.0940625 0.881726 0.0319063 0.02974
0 0.0146953 0.868842 0.0293906 0.038156
