4 0.639844 0.463781 0.0205625 0.0105625
4 0.663086 0.556625 0.0277344 0.011125
4 0.674664 0.536938 0.0252969 0.0263333
4 0.583336 0.469552 0.0180781 0.0279375
4 0.604242 0.481521 0.0161719 0.019625
4 0.591898 0.465729 0.0113906 0.01975
4 0.49332 0.367521 0.0282656 0.0795
4 0.695195 0.547365 0.0159531 0.0207708
4 0.798828 0.505135 0.0148125 0.0210208
4 0.668133 0.487656 0.0170781 0.0344792
4 0.797734 0.535823 0.0313437 0.0110208
4 0.336922 0.477854 0.0342187 0.0233333
4 0.735969 0.551979 0.0121875 0.0117083
4 0.652297 0.544073 0.0314063 0.0195208
4 0.688578 0.440958 0.0161563 0.02025
4 0.625211 0.54224 0.0252656 0.0224375
4 0.776141 0.49649 0.0119063 0.0171875
4 0.63175 0.412354 0.0264688 0.0192917
4 0.646703 0.52325 0.0238438 0.01975
4 0.296953 0.411917 0.00653125 0.02025
4 0.627492 0.469104 0.00942187 0.0166667
4 0.0784688 0.440094 0.030375 0.0253958
4 0.608781 0.437563 0.0126875 0.034625
4 0.282531 0.462948 0.009625 0.0248542
4 0.75443 0.551854 0.0330781 0.0184583
4 0.768742 0.550896 0.0262656 0.028
4 0.778164 0.520427 0.0359844 0.0202708
4 0.681531 0.498406 0.02 0.0351875
4 0.591539 0.498385 0.0228906 0.0520625
4 0.877875 0.456156 0.0501875 0.0769375
4 0.640367 0.451927 0.0169219 0.0187292
4 0.604219 0.545135 0.0259688 0.0189792
4 0.750656 0.481667 0.0215312 0.0274167
4 0.681953 0.440104 0.0167813 0.0309583
4 0.752484 0.527635 0.0315312 0.0225625
4 0.793641 0.569385 0.0436563 0.0225625
4 0.740359 0.501885 0.0265312 0.0340625
4 0.712641 0.568187 0.0173437 0.0095
4 0.302734 0.481667 0.010875 0.0115
4 0.627391 0.454844 0.0170313 0.0153125
4 0.726875 0.527177 0.0371875 0.0408125
4 0.744125 0.46974 0.0273125 0.0189792
4 0.277313 0.417479 0.0148125 0.0117917
4 0.6 0.512865 0.0301875 0.0241042
4 0.641422 0.500833 0.014875 0.029125
4 0.771648 0.535448 0.0184531 0.0160208
4 0.69725 0.469875 0.0175 0.0335833
4 0.698836 0.500948 0.0265469 0.0143542
4 0.694 0.447865 0.018875 0.0276458
4 0.625234 0.42275 0.0234688 0.0115417
4 0.340336 0.465937 0.0425156 0.0245417
4 0.842023 0.543531 0.0170781 0.0194792
4 0.711141 0.487052 0.00903125 0.0407708
4 0.747148 0.499615 0.0280781 0.0181875
4 0.729242 0.480635 0.0331406 0.0273542
4 0.780367 0.501021 0.0159531 0.025125
4 0.702578 0.474479 0.0113437 0.0217917
4 0.61393 0.445719 0.0115781 0.0284792
4 0.7325 0.491844 0.0175 0.0225625
4 0.815953 0.537698 0.040875 0.0187708
4 0.279203 0.64101 0.0096875 0.0113542
4 0.271242 0.436104 0.0138594 0.00845833
4 0.761359 0.484615 0.0189687 0.0123542
4 0.671266 0.49851 0.0115312 0.0171875
4 0.71718 0.511896 0.0280156 0.030375
4 0.766531 0.572281 0.0309375 0.0117708
4 0.742141 0.524677 0.0321875 0.0246042
4 0.669914 0.454562 0.0300156 0.0242083
4 0.642719 0.428698 0.0284687 0.0138125
4 0.766461 0.49699 0.0144531 0.0180625
4 0.84893 0.550635 0.0190469 0.0423125
4 0.716352 0.556062 0.0355781 0.0175417
4 0.707211 0.553385 0.0478906 0.0353958
4 0.619086 0.54049 0.0109219 0.0104375
4 0.652156 0.527062 0.0314375 0.0233333
4 0.81407 0.521406 0.0340469 0.0253958
4 0.287711 0.443625 0.00739063 0.0140833
4 0.74532 0.569448 0.0257969 0.0124375
4 0.639164 0.483719 0.0219219 0.0181875
4 0.726281 0.448448 0.0226875 0.0336458
4 0.784023 0.511927 0.0238594 0.0125625
4 0.587633 0.546031 0.0162656 0.0192292
4 0.278352 0.440896 0.0177031 0.015125
4 0.761273 0.532979 0.0268906 0.0270833
4 0.668594 0.468802 0.0150625 0.0154375
4 0.664742 0.528031 0.0178906 0.0158958
4 0.647961 0.41076 0.0169219 0.00922917
4 0.704984 0.430771 0.0313437 0.014375
4 0.711859 0.527052 0.0238125 0.0218125
4 0.639602 0.44026 0.0328906 0.0158958
4 0.783836 0.553813 0.0136094 0.0246667
4 0.613539 0.522302 0.0129219 0.0317708
4 0.607383 0.463896 0.00907812 0.026375
4 0.283492 0.428208 0.0171094 0.014875
4 0.629984 0.43051 0.0159688 0.0112708
4 0.279844 0.425396 0.0135 0.0105833
4 0.69575 0.505635 0.019875 0.0235208
4 0.634727 0.49901 0.0105156 0.0116042
4 0.289508 0.413844 0.00960937 0.0169375
4 0.578461 0.476354 0.0155781 0.019375
4 0.839641 0.568229 0.0218125 0.0313333
4 0.723352 0.447052 0.0272969 0.0130625
4 0.591297 0.530813 0.0161875 0.0330833
4 0.669523 0.442719 0.0150781 0.0298958
4 0.293258 0.495427 0.0114219 0.0079375
4 0.272344 0.455 0.0126875 0.0115417
4 0.576648 0.501094 0.0127344 0.0290208
4 0.823664 0.522552 0.0203281 0.0145625
4 0.66482 0.515646 0.0117344 0.00820833
4 0.708937 0.467948 0.0102813 0.0288542
4 0.828852 0.555823 0.0444531 0.0238125
4 0.621828 0.483583 0.0182187 0.0355
4 0.629125 0.482563 0.0126875 0.0138333
4 0.658891 0.436 0.0108438 0.0155417
4 0.463977 0.497052 0.0140469 0.0069375
4 0.717773 0.48025 0.00864063 0.0266667
4 0.667664 0.433042 0.0128906 0.021
