1 0.038625 0.510307 0.0741875 0.143073
1 0.227906 0.27 0.0964375 0.145532
1 0.170172 0.188251 0.0934688 0.136217
1 0.940547 0.0563948 0.107813 0.11279
1 0.251305 0.862459 0.0880781 0.110686
1 0.83532 0.433499 0.143891 0.202222
1 0.318703 0.189054 0.0919062 0.140142
1 0.108039 0.501206 0.0663281 0.0866667
1 0.331617 0.304232 0.0899531 0.132057
1 0.972453 0.235201 0.054 0.185201
1 0.268484 0.371418 0.0965625 0.118723
1 0.774641 0.14292 0.119406 0.175059
1 0.164953 0.783452 0.111406 0.14487
1 0.0372969 0.201324 0.0745938 0.112908
1 0.929156 0.323392 0.132344 0.192128
1 0.0197578 0.0314066 0.0395156 0.0628132
1 0.0461797 0.417317 0.0923594 0.133452
1 0.283031 0.264669 0.0515 0.10565
1 0.946656 0.595993 0.106344 0.220638
1 0.126719 0.0483924 0.0885625 0.0925296
1 0.953586 0.43169 0.0928281 0.159787
1 0.170398 0.302376 0.0892656 0.126312
1 0.902609 0.157884 0.124625 0.150095
1 0.202234 0.0204492 0.0664687 0.0408983
1 0.185313 0.404409 0.106875 0.138983
1 0.80557 0.350213 0.138797 0.1774
1 0.78893 0.0257447 0.0946719 0.0514894
1 0.174758 0.09526 0.0834844 0.114161
1 0.256242 0.0978132 0.0830781 0.128392
1 0.993039 0.732943 0.0132031 0.0535934
1 0.0433516 0.637305 0.0832656 0.162506
1 0.0615938 0.0304492 0.0559375 0.0608983
1 0.0346719 0.773582 0.065875 0.129149
1 0.0383359 0.913747 0.0683906 0.16669
1 0.394164 0.0386879 0.0890156 0.0773759
1 0.123023 0.429444 0.0666094 0.116856
1 0.283727 0.565697 0.112641 0.1
1 0.225984 0.91792 0.127188 0.164161
1 0.972797 0.121147 0.054375 0.103853
1 0.279125 0.97474 0.0891563 0.05
1 0.39232 0.159586 0.0701406 0.0890071
1 0.273547 0.0452128 0.0921562 0.0895745
1 0.198016 0.0548936 0.0566562 0.0647754
1 0.250008 0.51 0.114328 0.163593
1 0.0678203 0.355591 0.106609 0.112837
1 0.166367 0.535331 0.0845781 0.140544
1 0.0954531 0.250721 0.0921875 0.133735
1 0.0313359 0.292305 0.0617344 0.111277
1 0.40043 0.11292 0.0741094 0.086974
1 0.314922 0.0381915 0.0345312 0.076383
1 0.210789 0.742884 0.0931094 0.143688
1 0.0816406 0.116418 0.105531 0.137943
1 0.975359 0.716395 0.0475 0.0457447
1 0.187555 0.637801 0.106672 0.135839
1 0.847555 0.077695 0.111797 0.14617
1 0.892844 0.542553 0.0556875 0.0965957
1 0.99125 0.036253 0.0175 0.0725059
1 0.100352 0.595248 0.0826719 0.147943
1 0.865539 0.0149882 0.0611094 0.0299764
1 0.286141 0.469173 0.0881875 0.13409
