4 0.89037 0.418884 0.02914 0.0712397
4 0.79833 0.328079 0.0765 0.118967
4 0.84945 0.407789 0.06138 0.101529
4 0.79203 0.495021 0.03246 0.0730992
4 0.84092 0.506281 0.06608 0.107273
4 0.85149 0.33812 0.0439 0.0753306
4 0.7556 0.372107 0.05968 0.097438
4 0.80415 0.396591 0.04302 0.062686
4 0.88505 0.482169 0.0431 0.096157
4 0.88059 0.357459 0.0157 0.0553306
4 0.78037 0.434194 0.06186 0.0899587
0 0.36479 0.272335 0.08742 0.103595
0 0.47795 0.16095 0.09894 0.141074
0 0.23857 0.230909 0.10942 0.088843
0 0.35838 0.0870868 0.05932 0.12343
0 0.29119 0.110289 0.10398 0.215537
0 0.46898 0.263037 0.1164 0.215165
0 0.37742 0.172562 0.1036 0.157521
0 0.43359 0.0863017 0.0931 0.172603
