1 0.270719 0.499219 0.168094 0.243354
1 0.350102 0.693719 0.146141 0.241271
1 0.557867 0.266667 0.157109 0.146667
1 0.451289 0.714719 0.203266 0.256104
1 0.594367 0.420729 0.176547 0.21725
1 0.66625 0.397104 0.0788438 0.1695
1 0.434094 0.489687 0.145031 0.20675
1 0.689742 0.774885 0.0530156 0.0745625
1 0.766094 0.411865 0.167563 0.210646
1 0.711469 0.628281 0.204375 0.257646
1 0.595359 0.734281 0.15025 0.218979
1 0.489938 0.374 0.0803125 0.0935833
1 0.357297 0.466281 0.119813 0.208979
1 0.40993 0.287969 0.145484 0.200813
1 0.520484 0.536344 0.187812 0.233271
1 0.70407 0.517146 0.162828 0.0897917
