4 0.770891 0.282712 0.0774375 0.215856
4 0.570258 0.330584 0.0908594 0.17736
4 0.187445 0.307576 0.187859 0.185904
4 0.535969 0.423648 0.0465625 0.0416
4 0.597828 0.353288 0.0871875 0.173776
4 0.161875 0.299976 0.159406 0.165744
4 0.528992 0.326952 0.0924844 0.192144
4 0.691586 0.25368 0.0899531 0.176544
4 0.873906 0.236456 0.0879687 0.214576
4 0.0740312 0.285064 0.0278125 0.179344
4 0.0890703 0.275616 0.0545156 0.166688
4 0.614391 0.335032 0.0656562 0.13752
4 0.423633 0.310896 0.0911719 0.19392
4 0.567414 0.436368 0.0337969 0.03728
4 0.38818 0.307272 0.0980469 0.181072
4 0.395336 0.28612 0.124328 0.147504
4 0.342602 0.27976 0.0987969 0.163264
4 0.72182 0.311944 0.118672 0.183376
4 0.702992 0.273072 0.133828 0.208576
4 0.157305 0.3064 0.146359 0.180416
4 0.248977 0.31232 0.123547 0.209088
4 0.726297 0.228944 0.0343437 0.106976
4 0.512094 0.335464 0.0949062 0.180912
4 0.908852 0.239856 0.0692031 0.20496
0 0.645102 0.658544 0.120891 0.115136
0 0.690438 0.901056 0.129719 0.05536
0 0.880766 0.809616 0.124812 0.13776
0 0.75893 0.666592 0.121672 0.119776
0 0.86793 0.67456 0.121703 0.117632
0 0.820898 0.74944 0.104609 0.062656
0 0.595633 0.767496 0.119516 0.128112
0 0.766641 0.82144 0.137813 0.146048
0 0.566266 0.850432 0.0741875 0.032832
0 0.816516 0.56524 0.113281 0.11224
0 0.711492 0.74328 0.112016 0.055392
0 0.929344 0.672624 0.027875 0.108
0 0.647117 0.80568 0.126984 0.140384
0 0.904672 0.575736 0.0774375 0.115824
0 0.705531 0.562648 0.12 0.111984
0 0.828258 0.901184 0.125703 0.051392
0 0.912828 0.752576 0.0594375 0.057536
0 0.919297 0.881272 0.048625 0.071824
0 0.569398 0.693464 0.0515781 0.066576
0 0.747922 0.605776 0.102688 0.044672
0 0.86025 0.61556 0.112781 0.05464
0 0.569867 0.890432 0.114797 0.07728
0 0.644969 0.60872 0.110625 0.054368
1 0.291547 0.883008 0.118781 0.089952
1 0.319781 0.534752 0.0899688 0.098272
1 0.425547 0.701408 0.05275 0.079744
1 0.161297 0.899896 0.137344 0.060112
1 0.222812 0.815864 0.14775 0.153552
1 0.21318 0.537848 0.0367031 0.053968
1 0.456437 0.78476 0.0894062 0.104272
1 0.0933984 0.554096 0.0684219 0.090048
1 0.0693437 0.765136 0.0218125 0.033088
1 0.136711 0.8626 0.0331719 0.038096
1 0.484461 0.68236 0.118641 0.118544
1 0.355234 0.691624 0.10475 0.080528
1 0.139508 0.777664 0.132859 0.141536
1 0.445562 0.837944 0.0791562 0.06248
1 0.450781 0.551192 0.0860625 0.094128
1 0.235094 0.6586 0.131 0.115024
1 0.082 0.674952 0.0293125 0.038992
1 0.359305 0.787752 0.138797 0.132688
1 0.186594 0.606048 0.0745938 0.105376
1 0.117711 0.618096 0.117172 0.1152
1 0.255 0.528096 0.0465 0.027264
1 0.367516 0.628104 0.102156 0.086928
1 0.260711 0.552616 0.0962656 0.041328
1 0.495406 0.606712 0.0844688 0.06568
1 0.0940469 0.503808 0.0533125 0.026784
1 0.0678828 0.69308 0.0189844 0.0884
1 0.12557 0.711208 0.118141 0.09592
1 0.425742 0.654144 0.0284531 0.0192
1 0.405758 0.877728 0.160109 0.098336
1 0.275547 0.729728 0.128562 0.099808
1 0.0908984 0.855776 0.0643906 0.14816
1 0.437227 0.622064 0.0403594 0.06208
1 0.267773 0.60196 0.109516 0.097232
1 0.379383 0.59408 0.0908906 0.07184
1 0.151133 0.526144 0.0969844 0.084928
