4 0.651422 0.517647 0.012 0.0101176
4 0.661266 0.552024 0.0114375 0.0208471
4 0.566789 0.549129 0.0110781 0.0153412
4 0.777102 0.724388 0.0238594 0.0436
4 0.869477 0.358494 0.00323437 0.00743529
4 0.750695 0.778529 0.0321719 0.0253882
4 0.542492 0.554412 0.00895313 0.0144235
4 0.660117 0.536906 0.0136406 0.0165412
4 0.637922 0.544953 0.0152812 0.0201647
4 0.465359 0.550376 0.0106875 0.0206118
4 0.589641 0.563859 0.0143125 0.0136
4 0.695625 0.649647 0.0175625 0.0138353
4 0.807664 0.376976 0.00435938 0.00392941
4 0.499008 0.532671 0.00682812 0.0084
4 0.584937 0.549612 0.006375 0.00910588
4 0.707398 0.7112 0.0222344 0.0393882
4 0.83307 0.355212 0.00323437 0.00308235
4 0.680641 0.622129 0.0172187 0.0315529
4 0.485523 0.530729 0.0101094 0.00912941
4 0.417219 0.550482 0.0098125 0.0112235
4 0.749352 0.766929 0.0209219 0.0232706
4 0.649438 0.545047 0.0122813 0.0133412
4 0.509039 0.498224 0.0129844 0.00957647
4 0.519336 0.503776 0.0137969 0.0129647
4 0.487242 0.560906 0.0116094 0.00661176
4 0.499234 0.560059 0.00784375 0.00844706
4 0.733438 0.697035 0.009875 0.0256471
4 0.711234 0.737541 0.0252188 0.0289647
4 0.65225 0.620024 0.03 0.0315294
4 0.848086 0.364071 0.00579687 0.00564706
4 0.754891 0.692941 0.0145625 0.0262588
4 0.519984 0.5144 0.0086875 0.0166588
4 0.401656 0.552188 0.0138125 0.0107765
4 0.510672 0.520424 0.0121875 0.0138353
4 0.459477 0.562612 0.0137969 0.0129882
4 0.424414 0.564494 0.0201094 0.0169412
4 0.889891 0.357541 0.00478125 0.00609412
