2 0.37644 0.797844 0.109321 0.0769688
2 0.45733 0.722625 0.0673068 0.0323125
2 0.449496 0.837063 0.104988 0.0400625
2 0.566112 0.79425 0.117377 0.0751875
2 0.580351 0.199094 0.0695082 0.0336875
2 0.623829 0.190508 0.0538407 0.0230781
2 0.297319 0.759914 0.111124 0.0684219
2 0.251124 0.799078 0.093911 0.0379688
2 0.612272 0.209125 0.0622951 0.0129688
2 0.175105 0.788297 0.0916159 0.0364375
2 0.810269 0.191062 0.0591335 0.025375
2 0.577155 0.747094 0.108735 0.0619062
2 0.524532 0.734477 0.0800703 0.0463281
2 0.540386 0.848687 0.0993208 0.039
2 0.509778 0.814898 0.0660187 0.0548594
2 0.471745 0.769609 0.105176 0.0715937
2 0.226674 0.773227 0.0516628 0.0366719
2 0.542201 0.198625 0.0508197 0.0306563
2 0.336464 0.704992 0.0917564 0.0677969
2 0.798571 0.206414 0.0580328 0.0112344
2 0.731967 0.196141 0.0758782 0.0330625
1 0.292248 0.759305 0.100703 0.0665469
1 0.540187 0.848656 0.100562 0.0394062
1 0.507026 0.815984 0.0592037 0.054625
1 0.39445 0.739047 0.108056 0.076875
1 0.456733 0.72225 0.0655035 0.0329688
1 0.449379 0.837109 0.104707 0.0400313
1 0.250761 0.798984 0.0947775 0.0373125
1 0.577014 0.746266 0.109297 0.0605625
1 0.376417 0.797922 0.108946 0.0756875
1 0.647541 0.768219 0.0565808 0.0359375
1 0.535761 0.214906 0.0357845 0.00334375
1 0.523548 0.733164 0.0825059 0.0460156
1 0.472436 0.768602 0.103934 0.0714219
1 0.565129 0.793547 0.118548 0.0750625
1 0.226475 0.772031 0.0518267 0.0359375
1 0.623326 0.190141 0.0546604 0.024125
1 0.306557 0.809688 0.0685714 0.04225
1 0.321803 0.785648 0.0167213 0.0133594
1 0.173981 0.787969 0.0888993 0.0361875
1 0.447845 0.808203 0.0571429 0.0293438
1 0.798419 0.206023 0.0585246 0.00992188
1 0.581323 0.199234 0.0719204 0.033375
1 0.611674 0.209164 0.06363 0.0120469
1 0.687881 0.209758 0.0409602 0.00770312
1 0.542283 0.198781 0.0506089 0.0309375
1 0.731323 0.196461 0.0757611 0.0330781
1 0.33507 0.704438 0.0931382 0.0667188
