10 0.931101 0.847898 0.135176 0.128953
10 0.226862 0.615859 0.453724 0.259719
10 0.517482 0.884359 0.951405 0.224625
10 0.524789 0.729563 0.696417 0.262656
10 0.491557 0.520398 0.362459 0.182047
10 0.771827 0.651266 0.456347 0.342313
7 0.1487 0.277453 0.0895785 0.0324375
7 0.597436 0.417305 0.194075 0.0934844
7 0.247447 0.26532 0.160703 0.108703
7 0.28815 0.367227 0.15007 0.0954219
7 0.887518 0.174023 0.168946 0.0926719
7 0.193571 0.405523 0.112436 0.0837656
7 0.971347 0.378281 0.0573068 0.117
7 0.262611 0.224766 0.0913115 0.0415
7 0.0823302 0.498883 0.0990867 0.0500781
7 0.304848 0.440336 0.139344 0.0769844
7 0.0850351 0.464969 0.0989227 0.063125
7 0.398689 0.337797 0.150023 0.097875
7 0.820433 0.405398 0.251171 0.150922
7 0.189239 0.47332 0.124005 0.0583594
7 0.147681 0.321781 0.166885 0.101031
7 0.0670141 0.39807 0.134028 0.0896719
7 0.722646 0.455953 0.132553 0.0831875
7 0.450984 0.154477 0.130585 0.100391
7 0.47411 0.253008 0.0948244 0.0697969
7 0.403162 0.409258 0.0743794 0.0519531
7 0.361276 0.242391 0.135902 0.09725
7 0.275738 0.188273 0.0792974 0.0392969
7 0.0523888 0.332836 0.104778 0.0565781
7 0.452447 0.392516 0.034918 0.0453438
7 0.941265 0.352836 0.0265574 0.0164219
7 0.363009 0.397898 0.0564169 0.0363906
7 0.610679 0.286109 0.0646838 0.0700937
7 0.90493 0.272648 0.190141 0.156891
7 0.247237 0.456789 0.105761 0.0612656
7 0.747084 0.331539 0.198993 0.124703
7 0.697002 0.224484 0.0833255 0.0595938
7 0.941136 0.479977 0.117728 0.136859
7 0.811604 0.230055 0.0578689 0.0641094
7 0.565691 0.270086 0.109696 0.0746719
7 0.69726 0.31343 0.213115 0.135828
7 0.533033 0.199258 0.138759 0.0893906
7 0.569953 0.160375 0.0870258 0.0613125
7 0.619637 0.220875 0.100023 0.0591563
7 0.498103 0.328961 0.156253 0.106422
7 0.362588 0.177656 0.172295 0.104875
