4 0.407953 0.345677 0.192594 0.328021
4 0.510844 0.273344 0.138344 0.334979
4 0.558078 0.314333 0.153531 0.34425
4 0.647633 0.330521 0.111734 0.333333
4 0.682258 0.374812 0.0926094 0.218958
4 0.575094 0.436594 0.123 0.319229
4 0.430773 0.395208 0.0425781 0.0905
4 0.557102 0.45324 0.0832031 0.175896
8 0.692844 0.632938 0.112094 0.207125
8 0.609555 0.66 0.179047 0.243583
8 0.614219 0.861344 0.173937 0.201604
8 0.499805 0.708771 0.136734 0.23025
4 0.352484 0.206479 0.152688 0.154208
4 0.328258 0.337677 0.120328 0.157437
4 0.247758 0.201229 0.109047 0.167667
4 0.19318 0.329615 0.177266 0.179437
4 0.246336 0.455417 0.127797 0.163958
4 0.361023 0.11625 0.106422 0.127667
