8 0.597516 0.390133 0.0276875 0.0371719
8 0.657648 0.340008 0.0484219 0.0342656
8 0.604688 0.347453 0.118063 0.0806562
8 0.611156 0.300789 0.0728125 0.0485469
9 0.562211 0.926273 0.134891 0.107266
9 0.293641 0.725516 0.324219 0.297469
9 0.713055 0.711609 0.376453 0.345781
9 0.487469 0.776148 0.295 0.297828
9 0.714031 0.859719 0.153219 0.143875
9 0.830875 0.871742 0.146187 0.111109
9 0.436836 0.932797 0.100953 0.127844
1 0.569312 0.42775 0.106156 0.0688125
1 0.654414 0.405617 0.111734 0.104922
1 0.519516 0.331617 0.09775 0.0818281
1 0.323117 0.459453 0.0869844 0.0790937
1 0.466305 0.445875 0.0876094 0.034
