0 0.312633 0.603627 0.0709844 0.0987089
0 0.539039 0.708627 0.0624219 0.0390376
0 0.0442344 0.648181 0.0632188 0.0923239
0 0.33218 0.399484 0.0606719 0.0775587
0 0.0555078 0.438533 0.0726719 0.101901
0 0.125562 0.448404 0.0624062 0.0738028
0 0.140727 0.55412 0.0614219 0.0660329
0 0.360734 0.655775 0.0700625 0.0951174
0 0.125414 0.41581 0.0692344 0.0725587
0 0.353031 0.476972 0.065625 0.0933333
0 0.08675 0.525681 0.0665 0.0638498
0 0.275516 0.421831 0.064125 0.0885446
0 0.320414 0.720235 0.0715156 0.0800469
0 0.505758 0.548286 0.0648594 0.0977934
0 0.33593 0.540505 0.0664844 0.0969249
0 0.424141 0.697042 0.0651875 0.0610798
0 0.373563 0.561408 0.0443125 0.0776995
0 0.192461 0.398991 0.0661719 0.0760563
0 0.217281 0.441174 0.06725 0.0849296
0 0.204188 0.553474 0.0656562 0.0965728
0 0.0882656 0.586174 0.0680313 0.0886385
0 0.423937 0.541268 0.0626875 0.0901408
0 0.239695 0.654366 0.0652969 0.105634
0 0.160359 0.481761 0.0650312 0.0951643
0 0.129055 0.704143 0.0575469 0.0642958
0 0.243336 0.59743 0.0673906 0.0720892
0 0.47625 0.644542 0.072125 0.100775
0 0.487211 0.499894 0.0675156 0.0934038
0 0.388109 0.715927 0.063875 0.032277
0 0.0331172 0.600786 0.0488594 0.0902113
0 0.0877656 0.490716 0.0624375 0.0585211
0 0.248742 0.710563 0.0702344 0.0471831
0 0.101297 0.624085 0.077875 0.111831
0 0.381047 0.429073 0.0576562 0.0582394
0 0.52357 0.678944 0.0637031 0.0805634
0 0.0736953 0.715399 0.0790781 0.0459624
0 0.22043 0.513967 0.0656406 0.0828169
0 0.180508 0.720857 0.0680156 0.0302113
0 0.407617 0.608979 0.0722969 0.109742
0 0.280297 0.482148 0.063875 0.0874413
0 0.473398 0.706244 0.0672344 0.0432394
0 0.161047 0.601315 0.0697187 0.0989671
0 0.178625 0.655376 0.0706875 0.100563
0 0.269359 0.375387 0.0714375 0.0810094
0 0.272055 0.552817 0.0678906 0.0805164
0 0.06075 0.699425 0.0752812 0.0728404
0 0.433289 0.459085 0.0580469 0.0770423
0 0.03025 0.52115 0.0586563 0.0894836
0 0.393406 0.489918 0.0515938 0.0857042
0 0.472297 0.581455 0.0615313 0.0673239
0 0.2975 0.684941 0.063 0.085
8 0.574117 0.54392 0.0614219 0.0812676
8 0.890266 0.499624 0.0373437 0.0633333
8 0.730508 0.475775 0.0634844 0.0823944
8 0.81925 0.689354 0.0769688 0.0575822
8 0.834508 0.582711 0.0427969 0.0412911
8 0.700391 0.591385 0.0598437 0.0843662
8 0.636766 0.542664 0.07175 0.085
8 0.783859 0.552805 0.0420625 0.0690845
8 0.930234 0.700493 0.044125 0.0255869
8 0.935883 0.644366 0.0417344 0.0675117
8 0.651867 0.611291 0.0858906 0.108169
8 0.893031 0.558204 0.0422812 0.0635915
8 0.611789 0.48723 0.0555781 0.0605164
8 0.538578 0.517958 0.042625 0.0912207
8 0.767055 0.616714 0.0662344 0.0993427
8 0.565266 0.571925 0.0449375 0.0364789
8 0.853281 0.499225 0.0645625 0.0851174
8 0.978633 0.631408 0.0427344 0.109484
8 0.594664 0.630481 0.0574844 0.0946244
8 0.742055 0.587171 0.0363281 0.0620892
8 0.905016 0.677207 0.0269375 0.0361502
8 0.726664 0.701138 0.0581094 0.0372066
8 0.8165 0.562089 0.0349375 0.0605164
8 0.906687 0.610106 0.0339687 0.0321362
8 0.916305 0.533674 0.0425156 0.0660329
8 0.896437 0.643991 0.04475 0.0656808
8 0.782789 0.506432 0.0260156 0.0260094
8 0.939227 0.58054 0.0338594 0.0615023
8 0.719562 0.539965 0.0502187 0.0602113
8 0.694406 0.506021 0.038375 0.032277
8 0.960375 0.684812 0.0426562 0.0433333
8 0.970992 0.699871 0.0405781 0.0274413
8 0.834789 0.629941 0.0659219 0.0811033
8 0.830078 0.531467 0.0444688 0.0623239
8 0.64843 0.688721 0.0985469 0.0697418
8 0.918695 0.689026 0.0457031 0.0475352
8 0.687141 0.532969 0.0323125 0.041338
8 0.966664 0.591326 0.0513594 0.0792723
8 0.868734 0.69939 0.0570312 0.0822066
8 0.771805 0.681174 0.0327344 0.0362441
8 0.702812 0.670387 0.0531875 0.0976761
8 0.855883 0.568932 0.0415781 0.0482864
