6 0.482422 0.469689 0.05725 0.103986
6 0.355453 0.314447 0.0475938 0.0788479
6 0.454656 0.403168 0.046875 0.0702535
6 0.528227 0.409136 0.0704219 0.103618
6 0.367047 0.578629 0.0929375 0.25841
6 0.322523 0.296878 0.0487656 0.0816359
6 0.572852 0.254896 0.0478906 0.0908525
6 0.366742 0.350622 0.136953 0.210415
6 0.55025 0.33826 0.0675625 0.0896083
6 0.439773 0.482212 0.0574844 0.106175
6 0.484961 0.296705 0.0561719 0.0865438
6 0.430242 0.292177 0.0632031 0.0932488
6 0.527922 0.257385 0.0475 0.0981336
6 0.46932 0.345922 0.0508594 0.0580645
6 0.600688 0.419896 0.0725 0.175
6 0.406508 0.359839 0.0629219 0.06
6 0.409375 0.300956 0.061125 0.0902074
6 0.345812 0.479263 0.0521875 0.0975576
6 0.418422 0.134724 0.077125 0.180046
6 0.318828 0.373329 0.0432813 0.0941705
6 0.48 0.219286 0.0665 0.0895853
