4 0.803148 0.691406 0.389359 0.461438
23 0.844406 0.338078 0.0716875 0.0895
23 0.242594 0.741406 0.106344 0.103438
23 0.1455 0.649625 0.109594 0.0803125
23 0.512578 0.651656 0.0880625 0.0899375
23 0.875547 0.430961 0.0575 0.0867344
23 0.334539 0.693328 0.109891 0.097
23 0.242102 0.660031 0.102734 0.0874375
23 0.942883 0.367898 0.0932656 0.0834531
23 0.135906 0.721781 0.111031 0.0935625
23 0.915273 0.328273 0.0810156 0.0862031
23 0.356328 0.628047 0.101781 0.0920625
23 0.282031 0.620383 0.0812812 0.0889844
23 0.319633 0.81507 0.101859 0.104078
8 0.339156 0.384406 0.349094 0.334375
8 0.658609 0.200312 0.342062 0.357781
8 0.679336 0.488469 0.377953 0.371281
