4 0.00778906 0.834789 0.0150469 0.112061
4 0.0369063 0.635539 0.0710937 0.126019
4 0.0220781 0.724719 0.0441563 0.0967447
4 0.0273516 0.671077 0.0547031 0.08
4 0.0222812 0.74192 0.0445625 0.0970492
4 0.0500703 0.646698 0.0711094 0.147588
4 0.01525 0.809473 0.0280938 0.143489
7 0.90957 0.0848009 0.0169219 0.024356
7 0.893953 0.0921546 0.0170937 0.0238407
7 0.943867 0.18089 0.0137969 0.0210773
7 0.909547 0.149098 0.0325625 0.0375878
7 0.931508 0.0592155 0.0335156 0.050281
7 0.919922 0.219286 0.0119688 0.0200234
7 0.920312 0.200667 0.0105938 0.0177283
7 0.929047 0.16 0.0104375 0.0205152
7 0.881305 0.0848244 0.0172031 0.0254801
8 0.773523 0.546815 0.0447656 0.0604684
8 0.726133 0.54411 0.0496719 0.0734192
8 0.935828 0.623302 0.0494062 0.0467447
8 0.685797 0.631042 0.0356563 0.0546838
8 0.824891 0.540796 0.0579687 0.0874941
8 0.772359 0.635714 0.047625 0.0595316
8 0.697359 0.580422 0.0482187 0.063185
8 0.977867 0.563794 0.0406094 0.0675878
8 0.663734 0.573759 0.0359375 0.0495316
8 0.974844 0.617799 0.0475625 0.0665105
8 0.933563 0.57637 0.0498125 0.0711944
8 0.722102 0.634731 0.0493906 0.064356
8 0.635984 0.601241 0.0311563 0.0370492
8 0.189352 0.534614 0.0740156 0.08
8 0.876133 0.64178 0.0547031 0.0441686
8 0.881492 0.53685 0.0656406 0.100773
8 0.639234 0.623489 0.0345312 0.0562061
8 0.133461 0.513724 0.0302656 0.0369087
8 0.745836 0.591674 0.0476094 0.0744496
8 0.793375 0.585878 0.05 0.0686183
8 0.125508 0.492681 0.0544219 0.0573536
8 0.0234922 0.457834 0.0462344 0.0700937
8 0.231336 0.575363 0.0288906 0.0335831
8 0.0263047 0.561183 0.0526094 0.0357143
8 0.0712344 0.576183 0.0360625 0.0877752
8 0.0820391 0.513407 0.0826406 0.0936066
8 0.843922 0.594742 0.0540625 0.0709836
8 0.659781 0.624426 0.0399375 0.0612178
8 0.0217734 0.503021 0.0425781 0.0917096
8 0.821492 0.636382 0.0560469 0.0562295
8 0.893445 0.600703 0.0505781 0.0693208
1 0.204484 0.230082 0.0507812 0.0774005
1 0.110719 0.254052 0.051625 0.0644028
1 0.278187 0.515492 0.0632812 0.0578689
1 0.232586 0.61603 0.0634219 0.0516862
1 0.268602 0.371089 0.0496719 0.0709368
1 0.224656 0.26397 0.0513125 0.0783372
1 0.0991875 0.348396 0.0480312 0.0662061
1 0.116586 0.436335 0.0502656 0.054356
1 0.199602 0.34096 0.0477969 0.0730211
1 0.380586 0.616417 0.0632344 0.0379391
1 0.974445 0.878642 0.0511094 0.0720375
1 0.0243438 0.417927 0.04625 0.0560422
1 0.119 0.393396 0.0519687 0.0637002
1 0.487937 0.582518 0.0609375 0.0632084
1 0.173953 0.391674 0.0504687 0.0650351
1 0.322023 0.52822 0.0577656 0.0697892
1 0.16725 0.433782 0.0507812 0.0553864
1 0.988312 0.978571 0.023375 0.0428571
1 0.140602 0.204016 0.0514531 0.0797424
1 0.0508672 0.3463 0.0522031 0.0719438
1 0.304016 0.614215 0.0610938 0.044918
1 0.216969 0.423337 0.0512813 0.0666745
1 0.423586 0.579649 0.0641406 0.069555
1 0.278664 0.428033 0.0516719 0.064918
1 0.520969 0.624578 0.062375 0.0525761
1 0.272742 0.571956 0.0617344 0.0692974
1 0.344086 0.582646 0.0571094 0.0623888
1 0.454445 0.532096 0.0586406 0.0646136
1 0.383508 0.53356 0.0611406 0.0659485
1 0.0659766 0.386874 0.0547969 0.0551054
1 0.158578 0.260386 0.0466562 0.0561358
1 0.974039 0.93363 0.0512656 0.120703
1 0.245219 0.325925 0.0504375 0.0730211
1 0.454852 0.620585 0.0632344 0.0436066
1 0.0683672 0.430386 0.0511094 0.0674239
1 0.178156 0.29315 0.0518438 0.0683607
1 0.0809219 0.290258 0.0509375 0.0805152
1 0.151898 0.350258 0.0487656 0.0694614
1 0.129422 0.302541 0.0486875 0.0700468
1 0.222984 0.394169 0.0479375 0.0542389
1 0.956281 0.813384 0.0866563 0.123864
1 0.0189219 0.378864 0.03775 0.0606792
1 0.267945 0.61719 0.0172969 0.0252459
0 0.138703 0.126721 0.0426875 0.0412646
0 0.0555469 0.086534 0.038125 0.0377049
0 0.193195 0.12781 0.0350469 0.0393677
0 0.0568516 0.180621 0.0429531 0.03637
0 0.247109 0.205117 0.0167813 0.0413349
0 0.447508 0.143197 0.0335156 0.0294848
0 0.396078 0.145995 0.0326562 0.0418735
0 0.166148 0.0786417 0.0401719 0.0422951
0 0.241617 0.144836 0.0106094 0.0357143
0 0.222031 0.177365 0.0359063 0.0387119
0 0.343234 0.144227 0.0335 0.0494848
0 0.140922 0.0855504 0.01675 0.0254801
0 0.195469 0.182037 0.0193437 0.0148478
0 0.110445 0.0817564 0.0372656 0.0349883
0 0.279281 0.17918 0.0340625 0.0413115
0 0.288836 0.137178 0.0340156 0.0384778
0 0.196836 0.0870375 0.0225469 0.0268618
0 0.186141 0.0549532 0.148125 0.109906
0 0.0769766 0.0526112 0.0864219 0.103021
0 0.247078 0.116077 0.0135 0.0458782
0 0.112578 0.145141 0.0138437 0.0134192
0 0.0837344 0.132377 0.0388125 0.0406792
0 0.028625 0.138583 0.0410313 0.0451288
0 0.110195 0.17952 0.0362969 0.040445
0 0.0252031 0.219871 0.0389688 0.0279391
0 0.166781 0.17308 0.0377813 0.0364169
0 0.167555 0.137951 0.0168281 0.018993
0 0.0839531 0.189297 0.0180312 0.0221546
0 0.224391 0.0883255 0.0349375 0.0501405
0 0.276906 0.260515 0.0247812 0.0384543
0 0.253797 0.173009 0.0154375 0.0403513
0 0.0596406 0.147096 0.0136875 0.0171897
0 0.338945 0.160913 0.0298281 0.0172365
