24 0.22892 0.423187 0.07528 0.30072
24 0.52503 0.569187 0.21386 0.350267
24 0.17237 0.921893 0.19574 0.151147
24 0.50042 0.362307 0.16048 0.20408
24 0.79895 0.843507 0.18702 0.199653
23 0.42217 0.18788 0.05802 0.0965067
23 0.49369 0.367653 0.06618 0.1048
4 0.35037 0.331987 0.18242 0.184613
4 0.31956 0.184507 0.1208 0.14624
4 0.46615 0.651133 0.18554 0.246533
4 0.51229 0.731347 0.19266 0.242053
4 0.28767 0.312613 0.06966 0.129333
4 0.39653 0.57212 0.18834 0.249253
4 0.47769 0.18912 0.11398 0.17376
4 0.56381 0.4556 0.08722 0.217333
4 0.3395 0.497227 0.17596 0.238453
4 0.61252 0.396373 0.093 0.238187
4 0.34471 0.222227 0.15326 0.130587
4 0.33231 0.189307 0.13334 0.114667
4 0.57303 0.22792 0.0847 0.09808
4 0.60224 0.46468 0.09696 0.23752
4 0.28976 0.317667 0.10364 0.17512
