4 0.508023 0.766033 0.0526406 0.125386
4 0.906211 0.829749 0.0582969 0.16071
4 0.114609 0.544061 0.0424375 0.0558455
4 0.111813 0.726336 0.1075 0.122067
4 0.874906 0.635522 0.119938 0.0706263
4 0.470188 0.20666 0.075 0.06238
4 0.609031 0.159749 0.0703125 0.0384551
4 0.422703 0.378017 0.0502812 0.0777453
4 0.889828 0.378132 0.0877813 0.0636534
4 0.382117 0.370981 0.0749844 0.074405
4 0.534461 0.203288 0.0470469 0.0622338
4 0.874812 0.735522 0.0534063 0.120605
4 0.437898 0.431044 0.0409219 0.0876827
4 0.510188 0.848163 0.0535312 0.149311
4 0.84707 0.805772 0.0619844 0.136096
4 0.965703 0.866002 0.0644375 0.126117
4 0.18925 0.22523 0.0347812 0.0588935
4 0.472508 0.521566 0.0352656 0.0872234
4 0.131617 0.383132 0.0495469 0.0919415
4 0.120266 0.504781 0.0447188 0.0721503
4 0.127531 0.45047 0.0449062 0.0689562
4 0.360586 0.705522 0.0662656 0.0866597
4 0.827117 0.199029 0.0482344 0.0394781
4 0.497367 0.212328 0.0645469 0.069499
4 0.879844 0.330365 0.100281 0.0571816
4 0.353937 0.356524 0.0982813 0.0678288
4 0.168359 0.280814 0.0539063 0.0431733
4 0.918828 0.702871 0.0614688 0.124322
4 0.414078 0.627933 0.153531 0.109478
4 0.745977 0.193132 0.0581719 0.0491441
4 0.132508 0.643486 0.132328 0.0685595
4 0.0414531 0.48834 0.0452188 0.0468685
4 0.700867 0.262651 0.0495156 0.0387891
4 0.494977 0.48761 0.0468594 0.0761378
4 0.0449375 0.342484 0.088375 0.048977
4 0.162555 0.236357 0.0420156 0.0565136
4 0.225383 0.232693 0.0387969 0.048476
4 0.671914 0.356503 0.0460781 0.0487474
4 0.982828 0.665511 0.0343437 0.0436326
4 0.855875 0.858706 0.048625 0.123382
4 0.357102 0.318967 0.122391 0.0424843
4 0.671703 0.27453 0.0599688 0.0557411
4 0.445063 0.687109 0.116125 0.159478
4 0.788586 0.4388 0.0492969 0.0745094
4 0.902023 0.434562 0.0375781 0.0565136
4 0.599867 0.188486 0.0572344 0.046952
4 0.539992 0.344269 0.120203 0.04762
4 0.0285469 0.787547 0.05575 0.185532
4 0.859555 0.191514 0.0471406 0.0472025
4 0.483445 0.697307 0.0670469 0.157161
4 0.451937 0.832328 0.0635938 0.122818
4 0.572398 0.194666 0.0367031 0.0538413
4 0.872195 0.491023 0.0698906 0.0538622
4 0.165797 0.482996 0.0495625 0.0828184
4 0.679727 0.416795 0.0645469 0.0566806
4 0.636133 0.579186 0.142516 0.0549896
4 0.281359 0.268006 0.0514063 0.0452401
4 0.689484 0.220282 0.08375 0.0456994
4 0.301922 0.201837 0.0463438 0.0336534
4 0.807023 0.73809 0.102922 0.0853653
4 0.537789 0.703372 0.0709531 0.161065
4 0.855523 0.683507 0.120828 0.0802505
4 0.856781 0.277944 0.0541562 0.0516284
4 0.607039 0.319833 0.0364844 0.0305637
4 0.488578 0.254426 0.071625 0.045929
4 0.0141641 0.746921 0.0283281 0.098476
4 0.0842031 0.459436 0.044125 0.0698539
4 0.588039 0.697578 0.107609 0.151441
4 0.825586 0.291618 0.0357344 0.0633194
4 0.602906 0.234541 0.0420625 0.0497495
4 0.561859 0.293664 0.03175 0.0541754
4 0.714187 0.180564 0.064875 0.0529854
4 0.804914 0.240856 0.0416094 0.0526514
4 0.5285 0.471795 0.0582187 0.0589562
4 0.779523 0.544342 0.0544531 0.0738622
4 0.460641 0.386649 0.0402813 0.0831942
4 0.511289 0.511712 0.0332344 0.0546138
4 0.571859 0.848111 0.0727812 0.129165
4 0.204586 0.320386 0.0763281 0.0603132
4 0.810891 0.801795 0.0582812 0.107641
4 0.575664 0.246232 0.0309531 0.0641545
4 0.729977 0.23381 0.0669531 0.0484551
4 0.0756406 0.762098 0.0609375 0.149123
4 0.364219 0.480052 0.06225 0.0707516
4 0.362875 0.421086 0.0687813 0.0692276
4 0.864289 0.391138 0.0594531 0.0727557
4 0.488141 0.293205 0.0587812 0.0438622
4 0.963313 0.910699 0.0605625 0.0942171
4 0.743492 0.278184 0.0799219 0.0523173
4 0.329602 0.396931 0.0434219 0.0292276
4 0.229945 0.347871 0.0682969 0.0547808
4 0.731398 0.367432 0.0965781 0.0553653
4 0.397219 0.425397 0.0495937 0.0702923
4 0.277586 0.183079 0.0551406 0.0553862
4 0.501023 0.325198 0.0307031 0.0285595
4 0.206055 0.390397 0.0461406 0.0725261
4 0.831563 0.44595 0.0401562 0.0707724
4 0.048125 0.38547 0.09625 0.0987891
4 0.129773 0.269875 0.0432344 0.0361587
4 0.924023 0.413653 0.0344531 0.0287265
4 0.0590703 0.387662 0.0981094 0.0955741
4 0.560008 0.412996 0.0595469 0.0351357
4 0.521922 0.432182 0.05975 0.0493737
4 0.608305 0.843466 0.0342344 0.106054
4 0.87175 0.446691 0.0427187 0.0612735
4 0.443453 0.75071 0.045 0.10405
4 0.703602 0.397401 0.0705469 0.0469102
4 0.408117 0.485365 0.0474531 0.0993319
4 0.455352 0.276962 0.0415156 0.0341336
4 0.283758 0.222359 0.0539844 0.0420459
4 0.61693 0.773205 0.0870156 0.0667432
4 0.545836 0.248977 0.0365156 0.0736117
4 0.263484 0.312745 0.0465 0.0443633
4 0.766547 0.740021 0.0561875 0.0899791
4 0.106031 0.786284 0.0505313 0.142296
4 0.583656 0.383079 0.0340312 0.0393528
4 0.712875 0.331806 0.0989375 0.046618
4 0.627875 0.819843 0.0793438 0.0867432
4 0.140992 0.190125 0.0695469 0.048977
4 0.214656 0.451294 0.072125 0.0793319
4 0.429211 0.510637 0.0357344 0.0740919
4 0.73018 0.510678 0.0380469 0.0803132
4 0.839242 0.238288 0.0445469 0.0485177
4 0.0764766 0.513914 0.0492969 0.0682881
4 0.621547 0.212192 0.0450625 0.0388309
4 0.255102 0.231472 0.0565469 0.0470772
4 0.0161328 0.446326 0.0314531 0.0327349
4 0.364078 0.614739 0.0726875 0.0694781
4 0.830117 0.540282 0.0641719 0.0502505
4 0.170789 0.357871 0.0539844 0.0730689
4 0.416648 0.56715 0.132109 0.058142
4 0.936406 0.784426 0.0625313 0.0999165
4 0.164992 0.666785 0.0961719 0.0423382
4 0.619469 0.679937 0.143719 0.128977
4 0.28757 0.29667 0.0632031 0.0446138
4 0.665031 0.426159 0.057625 0.0548643
4 0.0843594 0.401889 0.0561875 0.0993528
4 0.319484 0.27453 0.0373125 0.0394572
4 0.565406 0.785595 0.0654375 0.0984134
4 0.786492 0.639363 0.0758906 0.0720459
4 0.386 0.696033 0.0396562 0.0804175
4 0.978398 0.797923 0.0423594 0.0961795
4 0.201805 0.273236 0.0311094 0.0420042
4 0.479625 0.443455 0.0433438 0.0749269
4 0.899164 0.355772 0.113922 0.0535908
4 0.56607 0.438956 0.0348906 0.0317745
4 0.478891 0.857223 0.0375625 0.134489
4 0.713789 0.454791 0.0568594 0.0540919
4 0.597633 0.287035 0.0491719 0.0620459
4 0.158266 0.727881 0.0426875 0.095595
4 0.323047 0.412944 0.0349687 0.0238413
4 0.45193 0.240511 0.0362969 0.0292484
4 0.522547 0.297724 0.0460313 0.0553236
4 0.783656 0.322046 0.049375 0.0507724
4 0.245969 0.473935 0.0444375 0.050334
4 0.204008 0.180021 0.0396719 0.053904
4 0.689258 0.708184 0.0365781 0.0559081
4 0.908781 0.90595 0.0509375 0.0859708
4 0.451891 0.485459 0.0375 0.0993111
4 0.858406 0.222777 0.040125 0.0253862
4 0.417234 0.832735 0.0247812 0.0879749
4 0.396883 0.789854 0.0624219 0.104342
4 0.756383 0.318883 0.0494219 0.0320042
4 0.286656 0.168633 0.063 0.0408977
4 0.62825 0.297881 0.0210313 0.0188518
4 0.428289 0.209092 0.0193281 0.027453
4 0.156266 0.527223 0.039375 0.0779541
4 0.765531 0.238747 0.0401562 0.0471816
4 0.690813 0.472453 0.05375 0.0554697
4 0.824352 0.330543 0.0342031 0.0503132
4 0.879523 0.246378 0.0432656 0.0365553
4 0.676477 0.247119 0.0350156 0.0278914
4 0.525852 0.376002 0.106828 0.0725887
4 0.111656 0.187808 0.041625 0.0467223
4 0.621469 0.268559 0.0597188 0.0413361
4 0.327555 0.238716 0.0109531 0.03
4 0.244773 0.41809 0.0716719 0.0549687
4 0.251117 0.372787 0.0623281 0.0492902
4 0.545063 0.864948 0.0344375 0.111775
4 0.167414 0.415303 0.0437969 0.0988309
4 0.241852 0.188132 0.0645469 0.0530898
4 0.823578 0.393653 0.0448125 0.0769102
4 0.764516 0.482495 0.051 0.0751357
4 0.136398 0.234645 0.0501406 0.0482046
4 0.0348125 0.846503 0.0656875 0.0773904
4 0.772852 0.3831 0.0710469 0.0624008
4 0.819352 0.487223 0.0631719 0.0701044
4 0.202609 0.50333 0.0415 0.0682046
4 0.237937 0.276409 0.0459375 0.0508977
4 0.779867 0.287307 0.0553281 0.0525678
4 0.792203 0.199739 0.0363125 0.0477035
4 0.742719 0.428768 0.0784375 0.0541127
4 0.501516 0.391044 0.0601563 0.0812944
4 0.456352 0.184593 0.0738594 0.0420042
4 0.644906 0.627672 0.172313 0.0814405
4 0.392664 0.523205 0.0367031 0.0464092
4 0.166508 0.181378 0.0442031 0.0504384
4 0.263391 0.432985 0.0619687 0.0451775
4 0.0461328 0.456514 0.0371719 0.060501
4 0.761164 0.676973 0.0831094 0.0603758
4 0.973141 0.716952 0.0537188 0.154864
4 0.302758 0.241409 0.0462969 0.0397286
4 0.330609 0.453852 0.0455313 0.0605219
7 0.237758 0.0437265 0.0284219 0.03
7 0.422484 0.0446451 0.0178125 0.0189353
7 0.280016 0.0488309 0.024375 0.0273069
7 0.396313 0.0123069 0.0151875 0.0220668
7 0.302516 0.0482359 0.0241563 0.0298747
7 0.36082 0.0175574 0.0176719 0.0271816
7 0.228312 0.0625678 0.02075 0.02
7 0.350562 0.00592902 0.0252812 0.011858
7 0.307445 0.0137787 0.0136094 0.0275574
7 0.298141 0.0176931 0.0197813 0.0312944
7 0.281617 0.0214823 0.0291094 0.0298121
7 0.421477 0.0216701 0.0190156 0.0269311
7 0.259523 0.0371816 0.0203594 0.04
7 0.358398 0.051618 0.0287344 0.0383507
7 0.243008 0.0180793 0.0245781 0.0361587
