4 0.62234 0.417547 0.1544 0.141988
4 0.27095 0.680963 0.11338 0.131801
4 0.19924 0.361134 0.09656 0.160093
4 0.16884 0.474177 0.12792 0.155745
4 0.2568 0.508121 0.11356 0.199037
4 0.30295 0.58646 0.1557 0.220186
4 0.16821 0.549394 0.09218 0.125807
4 0.35081 0.334441 0.12062 0.169068
4 0.42022 0.422904 0.13236 0.105621
4 0.26567 0.347562 0.09186 0.128913
4 0.41117 0.28295 0.14742 0.103851
7 0.38087 0.662904 0.10162 0.126242
7 0.33372 0.438012 0.05596 0.112112
7 0.43136 0.505 0.10408 0.117267
7 0.54088 0.512842 0.08244 0.0951863
7 0.49703 0.392376 0.09774 0.134006
7 0.18546 0.626537 0.07268 0.118665
7 0.60676 0.634363 0.03668 0.060528
7 0.39415 0.542624 0.0811 0.141273
7 0.54997 0.340575 0.07898 0.0973602
