0 0.50063 0.722933 0.0603 0.09072
0 0.22049 0.830587 0.1095 0.154827
0 0.54993 0.398613 0.06766 0.0829867
0 0.47473 0.64752 0.09402 0.0928533
0 0.73525 0.4468 0.06978 0.0576
0 0.73424 0.49564 0.0716 0.0934667
0 0.53039 0.498187 0.07362 0.05904
0 0.91568 0.731227 0.07076 0.0806933
0 0.25482 0.96976 0.05136 0.06048
0 0.48329 0.379907 0.07174 0.0945867
0 0.79986 0.80948 0.06796 0.07352
0 0.21628 0.703827 0.0906 0.135547
0 0.83329 0.653693 0.06322 0.0876533
0 0.73423 0.67356 0.07202 0.0948533
0 0.89714 0.677027 0.06924 0.0896267
0 0.71842 0.796667 0.069 0.07264
0 0.5877 0.917693 0.06076 0.0846667
0 0.44063 0.433067 0.06966 0.0714667
0 0.60968 0.97636 0.07944 0.0452533
0 0.80011 0.8516 0.05906 0.1104
0 0.33773 0.93788 0.12878 0.12152
0 0.33595 0.854853 0.05726 0.0650667
0 0.67284 0.43232 0.06392 0.0763733
0 0.60931 0.433907 0.07202 0.06008
0 0.3121 0.779413 0.10184 0.1576
0 0.65415 0.916373 0.08566 0.11424
0 0.30889 0.69372 0.08726 0.0649867
0 0.77885 0.72604 0.0803 0.0984267
0 0.55191 0.346067 0.06694 0.05784
0 0.65243 0.35816 0.06434 0.09856
0 0.2967 0.526307 0.07948 0.0833333
0 0.38174 0.665773 0.09744 0.0961333
0 0.46374 0.46892 0.06844 0.0564
0 0.53939 0.6048 0.09362 0.0767467
0 0.38052 0.41048 0.07348 0.0884267
0 0.43131 0.38228 0.0461 0.0561867
0 0.59144 0.487133 0.06248 0.07176
0 0.73714 0.977053 0.08256 0.0458933
0 0.05807 0.9454 0.1083 0.1092
0 0.54904 0.970093 0.06952 0.0598133
0 0.64668 0.513547 0.08796 0.10496
0 0.66811 0.84256 0.07046 0.0928533
0 0.38154 0.54808 0.0852 0.124107
0 0.55885 0.695813 0.10078 0.150187
0 0.50336 0.795187 0.09556 0.06968
0 0.65786 0.470707 0.07432 0.0640267
0 0.40802 0.870947 0.1106 0.1524
0 0.05087 0.736333 0.10174 0.156133
0 0.5274 0.450587 0.06952 0.0660267
0 0.68696 0.556893 0.04208 0.0401867
0 0.83405 0.77404 0.06682 0.0911733
0 0.28936 0.603093 0.09592 0.136053
0 0.37053 0.740467 0.05158 0.0766667
0 0.78319 0.6578 0.05174 0.06104
0 0.18578 0.90124 0.125 0.119067
0 0.15659 0.731067 0.10846 0.143787
0 0.74217 0.8352 0.08874 0.09712
0 0.62111 0.649013 0.07754 0.0950933
0 0.68279 0.966253 0.04306 0.06312
0 0.59071 0.52612 0.04602 0.0430133
0 0.7377 0.9236 0.08928 0.106773
0 0.16782 0.936133 0.13596 0.12672
0 0.87886 0.83172 0.08012 0.0895733
0 0.81886 0.94028 0.08032 0.0921867
0 0.21418 0.632307 0.08008 0.0665867
0 0.07723 0.64908 0.10118 0.0913867
0 0.04303 0.29568 0.08606 0.119573
0 0.10888 0.8516 0.10804 0.13056
0 0.72268 0.76504 0.07624 0.05072
0 0.61526 0.698893 0.0186 0.0766667
0 0.65666 0.984907 0.03456 0.0301867
0 0.09786 0.712667 0.02252 0.0496
0 0.0299 0.355373 0.0598 0.0923467
0 0.60434 0.391613 0.05688 0.0582667
0 0.78511 0.402227 0.0711 0.0956533
0 0.84755 0.71944 0.06522 0.0918933
0 0.71975 0.37404 0.0673 0.0950667
0 0.44126 0.73664 0.10764 0.132213
0 0.34924 0.61592 0.05512 0.101653
0 0.23423 0.57544 0.07626 0.0781333
0 0.90158 0.781267 0.07128 0.0892533
0 0.03221 0.87472 0.06442 0.149707
0 0.80275 0.982027 0.06618 0.0359467
4 0.30171 0.0918267 0.08094 0.0696267
4 0.12104 0.176107 0.05236 0.0398933
4 0.08456 0.100267 0.0322 0.112
4 0.42837 0.0671733 0.08466 0.08432
4 0.2732 0.0421467 0.07508 0.0695733
4 0.37856 0.103987 0.05084 0.04696
4 0.4347 0.111813 0.07476 0.0927467
4 0.23691 0.2246 0.09962 0.06984
4 0.16905 0.15636 0.11038 0.13352
4 0.27578 0.174387 0.13424 0.0925067
4 0.11455 0.0496 0.11166 0.0992
4 0.27299 0.123973 0.06934 0.0447467
4 0.05143 0.107413 0.07174 0.0986667
4 0.10731 0.124333 0.03606 0.0776267
4 0.02977 0.35312 0.05862 0.08992
4 0.20528 0.0709067 0.12696 0.141813
4 0.36554 0.156067 0.08632 0.0873867
4 0.34209 0.10364 0.02278 0.0214133
4 0.15001 0.124187 0.09922 0.08656
4 0.3369 0.0580133 0.0576 0.07816
4 0.0432 0.29628 0.0864 0.120933
