4 0.14134 0.513157 0.092 0.0687887
4 0.28892 0.430116 0.33516 0.0998711
4 0.27476 0.521469 0.38808 0.258969
4 0.38245 0.479987 0.09218 0.0458505
4 0.52382 0.51192 0.10524 0.147448
4 0.60226 0.591972 0.0962 0.115129
4 0.46733 0.480812 0.0253 0.0473969
5 0.18242 0.670838 0.16372 0.175129
5 0.5768 0.660284 0.14704 0.192526
5 0.44534 0.723454 0.14356 0.174948
5 0.2371 0.61625 0.12492 0.113376
5 0.48108 0.644807 0.06672 0.070799
1 0.38073 0.573351 0.14182 0.177629
1 0.30754 0.721211 0.13432 0.182526
1 0.44125 0.555039 0.0885 0.155129
1 0.49858 0.59058 0.05928 0.050799
