23 0.550078 0.475771 0.0234688 0.014625
23 0.294336 0.535104 0.0231719 0.0315
23 0.309352 0.488531 0.0184219 0.0133125
23 0.414992 0.480719 0.0217031 0.00964583
23 0.578359 0.576177 0.0215312 0.0333958
23 0.518141 0.485646 0.0251875 0.025
23 0.545727 0.576542 0.0214531 0.025375
23 0.485844 0.572406 0.02175 0.0302708
23 0.415094 0.546844 0.0238438 0.0346042
23 0.282195 0.565781 0.0198906 0.0319792
23 0.436477 0.476812 0.0182344 0.0155417
23 0.405836 0.579896 0.0239219 0.03
23 0.304797 0.551281 0.0275 0.0348542
23 0.393375 0.552625 0.0264062 0.0315833
23 0.593969 0.566062 0.016875 0.0263333
23 0.414797 0.516667 0.0240313 0.03075
23 0.541219 0.517948 0.0200938 0.0272708
23 0.596664 0.540115 0.0177969 0.0244792
23 0.647055 0.565385 0.0180781 0.0256458
23 0.616969 0.514792 0.00846875 0.00845833
23 0.426328 0.56224 0.0272812 0.0345208
23 0.285898 0.518344 0.0244219 0.0339375
23 0.525805 0.503719 0.0242344 0.0269375
23 0.50625 0.584979 0.0238125 0.0298333
23 0.534008 0.5535 0.0187031 0.0226667
23 0.354922 0.54826 0.0198125 0.0210208
23 0.327117 0.495427 0.0209531 0.0225625
23 0.449594 0.567323 0.0209375 0.0278958
23 0.309156 0.510385 0.0240625 0.0277708
23 0.529391 0.532312 0.0154375 0.02125
23 0.384516 0.58025 0.0205625 0.0282083
23 0.634672 0.511906 0.0230937 0.0254375
23 0.579172 0.5465 0.0189375 0.0268333
23 0.604508 0.535417 0.0270469 0.02925
23 0.357055 0.495 0.0227031 0.0171667
23 0.355586 0.540229 0.0221719 0.0136667
23 0.469406 0.566229 0.0227812 0.0279167
23 0.584602 0.496406 0.0244219 0.0225625
23 0.614062 0.52576 0.0230625 0.0294375
23 0.500297 0.521896 0.0275 0.0207917
23 0.504234 0.504229 0.02 0.015125
23 0.576148 0.485656 0.0193906 0.0126458
23 0.435039 0.528865 0.0223594 0.0283958
23 0.631883 0.525646 0.0180469 0.0176667
23 0.331445 0.513479 0.0221406 0.0285417
23 0.516586 0.563146 0.0240469 0.030125
23 0.344508 0.504229 0.0115469 0.0187083
23 0.633594 0.546771 0.0174687 0.0294167
23 0.458836 0.585 0.0267344 0.0315417
23 0.347516 0.56474 0.0188437 0.0258958
23 0.27575 0.555135 0.0163438 0.0256458
23 0.402187 0.535813 0.0163438 0.0182083
23 0.615969 0.55249 0.0161563 0.0269375
23 0.560102 0.497979 0.0278281 0.0195
23 0.45107 0.478573 0.0191094 0.0112292
23 0.609055 0.566729 0.0170781 0.0262917
23 0.55043 0.492375 0.0213594 0.020375
23 0.386312 0.518813 0.0272812 0.03275
23 0.478016 0.478312 0.0219375 0.020625
23 0.320227 0.562188 0.0230469 0.0295833
23 0.611695 0.506542 0.0151406 0.0127083
23 0.559891 0.552958 0.0250625 0.0366667
23 0.365078 0.572438 0.0215312 0.0387083
23 0.513375 0.50675 0.0123125 0.0129583
23 0.331875 0.54351 0.0264688 0.0287292
23 0.317938 0.530823 0.0170625 0.0156042
23 0.451078 0.528042 0.0130938 0.0195833
23 0.527875 0.592698 0.0188437 0.0258958
23 0.477703 0.520708 0.0240625 0.0205
23 0.269016 0.542958 0.0198125 0.0295
23 0.648461 0.539427 0.0153906 0.0276875
23 0.377633 0.505188 0.0148906 0.0115833
