4 0.646771 0.832391 0.132375 0.0988437
4 0.612583 0.875344 0.119833 0.082875
4 0.581135 0.697945 0.0991042 0.0879219
4 0.510594 0.692719 0.124396 0.08775
4 0.484219 0.892117 0.0750625 0.0914219
4 0.655594 0.764281 0.107604 0.0681563
4 0.405156 0.864914 0.135146 0.0897656
4 0.434698 0.711352 0.122854 0.0869844
4 0.55125 0.897766 0.101167 0.084
4 0.381979 0.812758 0.11825 0.0834531
4 0.399844 0.746453 0.125562 0.0824375
4 0.633229 0.723641 0.1285 0.073625
22 0.56674 0.778945 0.0857292 0.0647656
22 0.51174 0.760672 0.0757292 0.0528125
22 0.533854 0.82818 0.0910833 0.0602344
22 0.473177 0.799711 0.0790208 0.0665781
