4 0.350199 0.406281 0.14733 0.161781
4 0.8374 0.549336 0.241265 0.0742031
4 0.236218 0.479445 0.336089 0.126141
4 0.263677 0.556891 0.311101 0.0963437
4 0.671452 0.594055 0.125995 0.0407969
4 0.468899 0.186305 0.0605152 0.0548906
4 0.651452 0.342992 0.122342 0.186203
4 0.730667 0.426023 0.196136 0.137266
4 0.302541 0.260258 0.0619906 0.0377656
4 0.453489 0.355102 0.133817 0.200797
4 0.319824 0.319391 0.142037 0.131937
4 0.566569 0.608969 0.163583 0.198594
4 0.654977 0.238195 0.124145 0.171016
4 0.276183 0.429141 0.270211 0.149875
4 0.428759 0.207289 0.0966276 0.111609
4 0.587096 0.23725 0.0960656 0.165406
4 0.244766 0.366117 0.0735129 0.0885156
4 0.528162 0.288719 0.138712 0.194844
4 0.597201 0.157352 0.1026 0.0871094
4 0.674333 0.517633 0.322155 0.129828
4 0.828361 0.435148 0.106136 0.0649844
4 0.512845 0.434344 0.179742 0.146
4 0.472424 0.561133 0.0744028 0.0840469
4 0.151956 0.408359 0.0238642 0.049375
4 0.739778 0.355336 0.103536 0.125984
4 0.386581 0.280016 0.129227 0.143844
4 0.325972 0.594523 0.279438 0.0762031
