7 0.190117 0.175788 0.0696719 0.0669455
7 0.437828 0.190739 0.0702187 0.0684825
7 0.303031 0.209339 0.0738125 0.0509728
7 0.423813 0.136722 0.055875 0.0790856
7 0.326961 0.200953 0.0383906 0.0695331
7 0.374617 0.191488 0.0769219 0.0864786
7 0.471656 0.149698 0.0643125 0.0739105
7 0.124023 0.185049 0.0593906 0.05893
7 0.325969 0.114844 0.061625 0.0829572
7 0.243328 0.128414 0.0686875 0.0925875
7 0.24175 0.22392 0.0502812 0.0417704
7 0.26643 0.0916732 0.0368594 0.0414008
7 0.201828 0.216148 0.0384062 0.0268093
7 0.352531 0.148016 0.0575937 0.0420623
7 0.291055 0.145691 0.0415156 0.0679572
7 0.207234 0.0853405 0.0565937 0.0773735
7 0.201383 0.155165 0.0625781 0.0646109
7 0.265125 0.22928 0.069875 0.0420233
7 0.145437 0.208619 0.0793125 0.0636965
