0 0.287609 0.153849 0.0778125 0.107698
0 0.663383 0.104782 0.0720156 0.100238
0 0.353477 0.110446 0.0933906 0.112679
0 0.710695 0.0919742 0.0511406 0.0785119
0 0.389703 0.0520337 0.0840625 0.10006
0 0.308336 0.0346429 0.0701406 0.0692857
0 0.308641 0.0818452 0.043875 0.0574206
0 0.760672 0.0516964 0.0895312 0.103393
0 0.898727 0.117996 0.0620469 0.0994841
4 0.74482 0.141448 0.142484 0.108452
4 0.18993 0.0847024 0.101391 0.0757937
4 0.760719 0.0569345 0.089625 0.0941468
4 0.231516 0.0308929 0.103094 0.0617857
