4 0.763102 0.832178 0.0547031 0.0792506
4 0.206266 0.555258 0.058125 0.118712
4 0.795828 0.66329 0.0774375 0.0404918
4 0.24725 0.717541 0.024 0.0608431
4 0.297414 0.532881 0.0430781 0.112459
4 0.683516 0.749028 0.0557187 0.0738407
4 0.526188 0.286019 0.0335 0.0271194
4 0.662031 0.799473 0.02825 0.0798829
4 0.758484 0.848946 0.0385 0.0815925
4 0.447094 0.158642 0.0417187 0.0407494
4 0.549836 0.228443 0.0370156 0.0406792
4 0.544055 0.395211 0.0397031 0.0362295
4 0.313539 0.336194 0.0396719 0.0333255
4 0.507594 0.315375 0.048875 0.034356
4 0.42332 0.194485 0.0317969 0.0592272
4 0.387695 0.211171 0.0171406 0.0676347
4 0.433695 0.390293 0.0379844 0.0386651
4 0.29743 0.688782 0.0686094 0.137237
4 0.432844 0.175761 0.04 0.055644
4 0.291687 0.509719 0.0544375 0.159251
4 0.463203 0.209122 0.0429375 0.0328571
4 0.388938 0.287295 0.0301563 0.0245199
4 0.796141 0.679731 0.0780625 0.0290164
4 0.677461 0.785714 0.0227344 0.0684309
4 0.725648 0.823407 0.0337656 0.0773068
4 0.655438 0.769918 0.04375 0.0910304
4 0.181789 0.587002 0.0904844 0.0847307
4 0.579086 0.3163 0.0145156 0.0566745
4 0.52 0.381803 0.0429062 0.0389696
4 0.18907 0.629321 0.0816719 0.0746604
4 0.456094 0.25959 0.0403125 0.0276112
4 0.548625 0.424742 0.0315 0.058993
4 0.434867 0.139625 0.0472031 0.0517564
4 0.521437 0.238454 0.0468438 0.0487119
4 0.704422 0.715984 0.0703125 0.0409602
4 0.551453 0.302658 0.0480938 0.0301405
4 0.473664 0.209742 0.0387969 0.0394848
4 0.215914 0.711991 0.0468906 0.0887119
4 0.313828 0.643841 0.0764062 0.0605152
4 0.441227 0.325995 0.0256719 0.0288056
4 0.534687 0.348267 0.0445938 0.0326932
4 0.500883 0.420386 0.0312969 0.034637
4 0.795586 0.705328 0.0843906 0.0442857
4 0.546812 0.261639 0.0492812 0.0326464
4 0.569211 0.401452 0.0359844 0.0780328
4 0.716461 0.845422 0.0351719 0.081007
4 0.751094 0.86952 0.0366875 0.0519672
4 0.198195 0.67877 0.0705156 0.0868618
4 0.448398 0.286768 0.0384531 0.0306792
4 0.603578 0.892951 0.0247812 0.0259016
4 0.714133 0.744567 0.0601719 0.0383138
4 0.462672 0.318934 0.0304687 0.0412881
4 0.320625 0.552002 0.0976875 0.108735
4 0.785133 0.651979 0.0678594 0.0623653
4 0.192281 0.559824 0.0730625 0.121007
4 0.355984 0.274333 0.0232812 0.0412646
4 0.415516 0.256979 0.01825 0.0191569
4 0.497609 0.213806 0.0294063 0.0562763
4 0.631797 0.857939 0.0528125 0.0337705
4 0.484773 0.37192 0.0244531 0.0264169
4 0.516453 0.337354 0.0504375 0.0284778
4 0.412469 0.207998 0.02325 0.0617096
4 0.737398 0.687201 0.0197344 0.057822
4 0.708047 0.707576 0.0639375 0.0555738
4 0.495422 0.248899 0.0419687 0.0763466
4 0.782984 0.824637 0.0282187 0.0757377
4 0.411313 0.283454 0.03175 0.0545902
4 0.710055 0.868033 0.0380469 0.0725059
4 0.480141 0.422927 0.0160313 0.0336768
4 0.168586 0.651253 0.0716719 0.0695785
4 0.790992 0.735281 0.0687969 0.0602576
4 0.502898 0.365773 0.0456406 0.0310304
4 0.404383 0.240504 0.0285469 0.028548
4 0.530625 0.323396 0.021875 0.023466
4 0.340031 0.335902 0.0425625 0.0974239
4 0.259578 0.524871 0.0335625 0.119485
4 0.589305 0.293852 0.0331719 0.045644
4 0.595187 0.319578 0.0215312 0.022623
4 0.397547 0.179801 0.0234375 0.0637705
4 0.64832 0.839742 0.0664844 0.033911
4 0.595047 0.367728 0.0241563 0.0354567
4 0.465625 0.393197 0.0217188 0.0397424
4 0.76418 0.782307 0.0547031 0.0620375
4 0.415883 0.372904 0.0143906 0.022623
4 0.549813 0.370761 0.0454688 0.045644
4 0.777031 0.763817 0.0655 0.0848244
4 0.581352 0.335164 0.0454844 0.0349649
4 0.364945 0.336534 0.0394844 0.0971897
4 0.525641 0.436511 0.0249062 0.0443091
4 0.378406 0.267436 0.0410313 0.0928103
4 0.405969 0.378466 0.0145313 0.0461593
4 0.491422 0.344227 0.0267188 0.0264871
4 0.345844 0.273208 0.0541875 0.123326
4 0.743453 0.790773 0.0535 0.0569087
4 0.562297 0.269602 0.0489687 0.0392037
4 0.664828 0.866944 0.0403125 0.0168384
4 0.501828 0.290386 0.0439375 0.0381967
4 0.230336 0.540293 0.0324844 0.140304
4 0.424539 0.347283 0.0417031 0.0368618
4 0.400672 0.218712 0.00940625 0.0189696
4 0.465672 0.345761 0.021875 0.0648712
4 0.452844 0.842494 0.026 0.0347775
4 0.878062 0.397845 0.0160938 0.0175176
4 0.750031 0.325258 0.0319375 0.0686885
4 0.906555 0.53808 0.0443906 0.031007
4 0.899391 0.327518 0.0211875 0.0242623
4 0.981539 0.507951 0.0201719 0.0494848
4 0.868617 0.380878 0.0222344 0.0407728
4 0.820773 0.354098 0.0343594 0.0471663
4 0.844891 0.450152 0.0226562 0.0325293
4 0.769125 0.520632 0.02425 0.0322717
4 0.339375 0.907834 0.0175625 0.0227869
4 0.791883 0.554028 0.0328281 0.0474473
4 0.323562 0.955258 0.049625 0.0621311
4 0.53775 0.837845 0.0675 0.0927869
4 0.39193 0.870948 0.0420156 0.0332787
4 0.909813 0.563033 0.0236875 0.0238173
4 0.654102 0.734028 0.0193906 0.0391101
4 0.854023 0.367822 0.0376094 0.064356
4 0.911773 0.430105 0.0197344 0.0266745
4 0.789227 0.52096 0.0179531 0.0380328
4 0.292953 0.954391 0.0262812 0.0496253
4 0.819211 0.433091 0.0419531 0.0323185
4 0.802891 0.460515 0.0350312 0.0338642
4 0.886859 0.370656 0.0305312 0.0354098
4 0.931328 0.54911 0.0165313 0.0168618
4 0.866672 0.526979 0.0414375 0.0436534
4 0.792719 0.411792 0.0676875 0.0271897
4 0.453734 0.954707 0.0439688 0.0643091
4 0.425742 0.945691 0.0365781 0.0528337
4 0.912039 0.338595 0.0236406 0.0538173
4 0.450586 0.901511 0.0285469 0.038993
4 0.864523 0.336276 0.0314531 0.0351288
4 0.84557 0.507283 0.0165469 0.0277752
4 0.429305 0.865351 0.0359844 0.0243326
4 0.774 0.478759 0.0244062 0.0406557
4 0.439562 0.880047 0.0105938 0.0129274
4 0.495156 0.882951 0.0240938 0.0351288
4 0.544984 0.975902 0.0341875 0.0276815
4 0.388891 0.994766 0.0271875 0.0104684
4 0.275344 0.921066 0.0331562 0.0220375
4 0.358445 0.90808 0.0217031 0.044356
4 0.771297 0.444368 0.0357188 0.0508899
4 0.285008 0.954731 0.0408906 0.0343794
4 0.968867 0.42774 0.0297344 0.0501405
4 0.452719 0.872354 0.0259375 0.0309368
4 0.299094 0.988466 0.0410313 0.0230679
4 0.848953 0.575129 0.0378125 0.0384543
4 0.38118 0.928337 0.0401719 0.0648712
4 0.920242 0.584742 0.0485469 0.0284543
4 0.274883 0.937225 0.0384531 0.0280328
4 0.7565 0.370433 0.03675 0.0274239
4 0.921727 0.402623 0.0526406 0.0363934
4 0.94307 0.533454 0.0370469 0.0374473
4 0.892578 0.433255 0.0364063 0.031007
4 0.950797 0.461522 0.0247188 0.0393911
4 0.243859 0.97219 0.033875 0.0455972
4 0.83332 0.338712 0.00632812 0.00819672
4 0.540492 0.925468 0.0563906 0.0790867
4 0.832539 0.463302 0.0218594 0.030445
4 0.425289 0.919707 0.0423281 0.0336066
4 0.853352 0.485995 0.0259219 0.0346136
4 0.471977 0.887108 0.0312031 0.0446136
4 0.960281 0.376792 0.0272812 0.0346604
4 0.919852 0.439473 0.0302344 0.0445667
4 0.279758 0.986475 0.0307969 0.0270492
4 0.942273 0.363852 0.0477031 0.031733
4 0.968523 0.545843 0.0390781 0.0365105
4 0.375664 0.979871 0.0243594 0.0402576
4 0.943523 0.393864 0.0247031 0.0276347
4 0.432641 0.981276 0.048375 0.0374473
4 0.823883 0.38877 0.0223906 0.0215222
4 0.852039 0.41363 0.0223281 0.0487119
4 0.775484 0.554052 0.0219062 0.0320375
4 0.784625 0.377693 0.0302187 0.0384778
4 0.785391 0.325667 0.046375 0.0615457
4 0.357672 0.947681 0.0287813 0.0410304
4 0.907867 0.485902 0.0278594 0.0297424
4 0.384289 0.893536 0.0324844 0.0369555
4 0.802297 0.490632 0.0329688 0.0346136
4 0.401227 0.970047 0.0292344 0.0436066
4 0.463711 0.98692 0.0194844 0.0230679
4 0.959305 0.516405 0.0278594 0.0369321
4 0.919031 0.516674 0.0435625 0.0505386
4 0.92468 0.481756 0.0188281 0.0484778
4 0.497164 0.91966 0.0355781 0.0572131
4 0.874953 0.589274 0.0250937 0.0305386
4 0.815625 0.5113 0.0234375 0.0399766
4 0.956375 0.484813 0.0461562 0.0473302
4 0.335789 0.909087 0.0209844 0.0296956
4 0.829195 0.42329 0.0258281 0.0160422
4 0.481852 0.955995 0.0212344 0.0251991
4 0.791992 0.371803 0.0486094 0.0571429
4 0.313336 0.926101 0.0247969 0.0312646
4 0.819477 0.570902 0.0179844 0.0359953
4 0.978641 0.461932 0.02025 0.0348244
4 0.882133 0.50555 0.0309219 0.0360187
4 0.836 0.400141 0.00903125 0.0158782
4 0.22707 0.989005 0.0329844 0.0174473
4 0.847148 0.545878 0.0634531 0.0247307
4 0.509922 0.974766 0.0357188 0.0504684
4 0.949188 0.419309 0.0213438 0.050281
4 0.862953 0.428513 0.0196563 0.0522951
4 0.935914 0.511979 0.0233594 0.0161358
4 0.347844 0.982073 0.0394062 0.0358548
4 0.881906 0.463337 0.02325 0.0261593
4 0.887367 0.342119 0.0350469 0.0367447
4 0.87625 0.4524 0.0167813 0.0182904
4 0.764195 0.579239 0.0349844 0.0251288
4 0.936547 0.461733 0.0175313 0.0640749
4 0.828797 0.490386 0.0225625 0.0310304
4 0.895664 0.390351 0.0225781 0.0346604
4 0.899227 0.45808 0.0323281 0.0284778
4 0.886992 0.55103 0.0158906 0.02
