10 0.469461 0.865016 0.514707 0.269969
10 0.755269 0.788602 0.382763 0.232922
10 0.26767 0.586227 0.260211 0.135234
10 0.492822 0.63393 0.298431 0.202516
10 0.728126 0.59568 0.231756 0.164109
10 0.146347 0.688383 0.289696 0.190109
10 0.859742 0.673547 0.280515 0.151656
10 0.373173 0.734508 0.372763 0.199203
10 0.891651 0.91632 0.216698 0.167359
10 0.964625 0.781617 0.0675176 0.108734
7 0.470761 0.491133 0.155105 0.0977969
7 0.269508 0.398547 0.0706323 0.061125
7 0.044555 0.437852 0.0891101 0.0755156
7 0.0354567 0.547734 0.0709133 0.0519063
7 0.114707 0.403852 0.105386 0.0630781
7 0.409356 0.437742 0.12808 0.0922344
7 0.0780328 0.349008 0.110632 0.0608594
7 0.124098 0.551414 0.0882436 0.0507344
7 0.141721 0.315734 0.103911 0.0629062
7 0.298255 0.360031 0.0736066 0.0534063
7 0.712752 0.459125 0.115855 0.0949375
7 0.231382 0.308758 0.0692272 0.0394531
7 0.409778 0.524102 0.068267 0.0553906
7 0.500457 0.338461 0.0946838 0.0477344
7 0.438396 0.332375 0.043911 0.0183437
7 0.220176 0.349344 0.0978689 0.06125
7 0.170679 0.509164 0.0680094 0.0487031
7 0.233876 0.445773 0.117166 0.0712969
7 0.595176 0.521703 0.133864 0.0812187
7 0.19103 0.400961 0.081452 0.0615781
7 0.0889344 0.504203 0.124754 0.0744062
7 0.744297 0.338492 0.108314 0.0684844
7 0.159403 0.461703 0.129485 0.07275
7 0.605023 0.451953 0.144941 0.0949062
7 0.46904 0.291023 0.124028 0.0737031
7 0.358337 0.420812 0.123888 0.0948125
7 0.726944 0.404523 0.124426 0.0585156
7 0.695269 0.300664 0.119391 0.0749219
7 0.502002 0.397766 0.14171 0.092875
7 0.042904 0.595758 0.0767213 0.0330781
7 0.0270258 0.356172 0.0540515 0.0446562
7 0.349157 0.350156 0.0614988 0.0472187
7 0.321663 0.497406 0.133349 0.0619062
7 0.597705 0.390977 0.0861358 0.0492969
7 0.638525 0.358328 0.108197 0.0870313
