4 0.52235 0.545811 0.03442 0.0924625
4 0.126 0.27458 0.03536 0.0576877
4 0.35955 0.220781 0.04674 0.1597
4 0.53383 0.559655 0.02346 0.0999099
4 0.42196 0.28521 0.02312 0.0942643
4 0.46743 0.127703 0.0603 0.164294
4 0.04016 0.585526 0.05588 0.163303
4 0.40046 0.187477 0.06852 0.166246
4 0.28947 0.23967 0.06642 0.125405
4 0.52949 0.15033 0.02978 0.102282
4 0.44832 0.407778 0.02388 0.1
4 0.20571 0.652508 0.02642 0.0605105
4 0.59256 0.303408 0.06708 0.0642342
4 0.60453 0.526517 0.0373 0.0837838
4 0.64342 0.229174 0.02 0.0901802
4 0.57517 0.351126 0.0491 0.12982
4 0.54358 0.414459 0.03656 0.127838
4 0.537 0.41967 0.031 0.125105
4 0.17171 0.556321 0.1093 0.160871
4 0.51803 0.429444 0.0257 0.126096
4 0.57689 0.223213 0.02234 0.0633634
4 0.60206 0.406051 0.00936 0.0194895
4 0.14578 0.238198 0.05212 0.0889489
4 0.45534 0.476787 0.02712 0.0418018
4 0.12934 0.593949 0.05564 0.180631
4 0.65932 0.320541 0.01356 0.0264264
4 0.03757 0.528408 0.06894 0.104745
4 0.44301 0.12955 0.04202 0.141021
4 0.2056 0.354835 0.02636 0.0375976
4 0.49974 0.432988 0.02732 0.128498
4 0.25755 0.302538 0.06042 0.0862162
4 0.55461 0.562342 0.02394 0.0807207
4 0.33034 0.24015 0.04376 0.196156
4 0.41566 0.276682 0.01728 0.049039
4 0.31635 0.24033 0.0735 0.133934
4 0.26177 0.0273574 0.01618 0.0448048
4 0.64356 0.439535 0.02216 0.0774474
4 0.73478 0.521216 0.01984 0.0423724
4 0.59846 0.274384 0.05192 0.058018
4 0.51491 0.247327 0.06354 0.0870871
4 0.36153 0.322823 0.02098 0.0518318
4 0.51223 0.178153 0.02374 0.0821321
4 0.26519 0.294339 0.0625 0.0755255
4 0.4747 0.0943544 0.07428 0.132312
4 0.43816 0.284685 0.0266 0.117237
4 0.56541 0.222958 0.03894 0.0919219
4 0.47518 0.382538 0.04076 0.107237
4 0.14036 0.705511 0.03032 0.0430931
4 0.65222 0.425 0.03376 0.0958859
4 0.3769 0.197538 0.05504 0.161682
4 0.39296 0.285946 0.0288 0.0741742
4 0.08013 0.202252 0.0745 0.167868
4 0.62861 0.207613 0.0375 0.0813514
4 0.63012 0.379354 0.01636 0.047958
4 0.14449 0.17976 0.06022 0.115676
4 0.58289 0.181547 0.03414 0.0707808
4 0.36537 0.49036 0.00994 0.0365766
4 0.2483 0.508498 0.0662 0.0718318
4 0.18387 0.22485 0.04702 0.107898
4 0.23693 0.634595 0.06402 0.0688889
4 0.49732 0.251967 0.04892 0.0901201
4 0.70056 0.32033 0.01456 0.02
4 0.15599 0.575 0.09602 0.168739
4 0.71335 0.551126 0.0205 0.0504204
4 0.36683 0.0862312 0.05642 0.0715015
4 0.62107 0.228183 0.0255 0.0932432
4 0.209 0.227237 0.05224 0.0670871
4 0.48625 0.287087 0.0421 0.117357
4 0.63372 0.432102 0.01896 0.0536937
4 0.32301 0.569294 0.10398 0.116967
4 0.38576 0.0861411 0.03612 0.0430931
4 0.62023 0.53027 0.0389 0.0726126
4 0.58757 0.325646 0.06326 0.0846246
4 0.42515 0.137613 0.04214 0.142613
4 0.54861 0.243844 0.0225 0.0892492
4 0.45954 0.125766 0.0452 0.138919
4 0.55284 0.390105 0.05204 0.11006
4 0.45938 0.211006 0.03092 0.0509009
4 0.25452 0.580495 0.06744 0.077027
4 0.1588 0.634895 0.0498 0.171111
4 0.59168 0.573544 0.0314 0.0804805
4 0.54008 0.16497 0.01604 0.0723423
4 0.28499 0.353213 0.03682 0.0345946
4 0.63192 0.32467 0.03616 0.10027
4 0.71834 0.676051 0.015 0.0394895
4 0.24038 0.533784 0.03012 0.0542342
4 0.71674 0.362177 0.01704 0.0340841
4 0.64463 0.485511 0.01126 0.0318018
4 0.68957 0.458949 0.03202 0.0512312
4 0.53088 0.626156 0.0266 0.0359159
4 0.54435 0.145135 0.04946 0.1
4 0.59752 0.369099 0.02892 0.0469069
4 0.13422 0.359249 0.02416 0.0886486
4 0.25853 0.241246 0.04914 0.123634
4 0.71273 0.431772 0.03178 0.0464264
4 0.51462 0.646006 0.01752 0.0528529
4 0.59141 0.543844 0.04126 0.0912913
4 0.32407 0.0195796 0.02274 0.0363964
4 0.05508 0.26548 0.05856 0.107177
4 0.87583 0.574354 0.01274 0.0336937
4 0.46421 0.316817 0.02326 0.102282
4 0.31234 0.323018 0.05848 0.0715616
4 0.10002 0.586036 0.04644 0.206667
4 0.15571 0.283844 0.04466 0.0451051
4 0.60893 0.451231 0.0271 0.0744745
4 0.69474 0.287568 0.03784 0.0341141
4 0.73224 0.636517 0.02796 0.0254054
4 0.45965 0.28485 0.02806 0.105556
4 0.62713 0.490901 0.01978 0.0315315
4 0.34673 0.579384 0.08802 0.0611111
4 0.6081 0.392057 0.01916 0.0282583
4 0.68587 0.562763 0.01606 0.046967
4 0.32761 0.482838 0.01826 0.0246547
4 0.08821 0.133393 0.08466 0.191832
4 0.23252 0.665465 0.03736 0.0541141
4 0.5752 0.559339 0.0374 0.0930931
4 0.1796 0.338108 0.0378 0.0389189
4 0.22268 0.321997 0.04192 0.0602102
4 0.43983 0.540255 0.01706 0.0354054
4 0.06953 0.603919 0.03962 0.176306
4 0.16377 0.15488 0.10262 0.0958258
4 0.03427 0.15464 0.06854 0.196126
4 0.41463 0.525135 0.01178 0.0287087
4 0.89731 0.559489 0.02814 0.0236036
7 0.75508 0.843393 0.0106 0.0133333
7 0.73115 0.863048 0.00774 0.0108408
7 0.74049 0.87979 0.0105 0.0121321
7 0.77992 0.83991 0.01384 0.0202402
7 0.82344 0.825766 0.01024 0.0197598
7 0.75407 0.82527 0.01346 0.0194294
7 0.73988 0.824219 0.0086 0.0136036
7 0.7962 0.853003 0.00956 0.0118318
7 0.71494 0.883664 0.00444 0.00540541
7 0.7301 0.834745 0.0114 0.0131532
7 0.80813 0.872192 0.00474 0.00492492
7 0.71195 0.867387 0.00918 0.0162763
7 0.74063 0.840075 0.01302 0.0203303
7 0.79666 0.833048 0.01604 0.0247147
7 0.80791 0.816036 0.0099 0.0115315
7 0.68965 0.853348 0.01062 0.0128228
7 0.74412 0.814955 0.00924 0.0125526
7 0.81828 0.813649 0.00708 0.0121021
7 0.83529 0.838979 0.00546 0.00870871
7 0.8049 0.840435 0.01144 0.0109009
7 0.77925 0.803904 0.00902 0.0165165
7 0.72483 0.852417 0.0119 0.0179279
7 0.83184 0.831156 0.0116 0.0151051
7 0.81739 0.863559 0.00498 0.00645646
7 0.8078 0.847973 0.00528 0.0106607
7 0.81318 0.843739 0.0088 0.010961
7 0.75432 0.873438 0.0074 0.0133634
7 0.7881 0.818453 0.00836 0.0125826
7 0.71768 0.813138 0.0078 0.0127027
7 0.73464 0.8 0.00564 0.0117718
7 0.72165 0.877538 0.00734 0.0126126
7 0.79593 0.813769 0.01418 0.015045
7 0.73779 0.861246 0.0051 0.00795796
7 0.70506 0.837432 0.00632 0.0118018
7 0.78046 0.821021 0.00908 0.0147748
7 0.77441 0.860766 0.0105 0.0245345
7 0.84768 0.858498 0.01648 0.0122523
