7 0.482734 0.742437 0.068125 0.0877917
7 0.52457 0.610823 0.0730781 0.0769375
7 0.249203 0.591052 0.0561562 0.100104
7 0.422727 0.719729 0.0647344 0.0775833
7 0.306195 0.609438 0.0736406 0.0692083
7 0.470867 0.678354 0.0553906 0.0719167
7 0.316742 0.640844 0.0647344 0.102854
7 0.458125 0.603906 0.063625 0.102604
7 0.37182 0.622156 0.0550469 0.101104
7 0.606852 0.725938 0.0735469 0.100167
7 0.76393 0.623844 0.0557656 0.0876875
7 0.712508 0.691594 0.0803906 0.0789792
7 0.406969 0.66901 0.079125 0.0869792
7 0.608641 0.642052 0.0736563 0.0779375
7 0.520258 0.274271 0.0262656 0.0614583
7 0.688977 0.637937 0.0882031 0.0777083
7 0.600086 0.193208 0.0457656 0.014625
7 0.647508 0.6935 0.0534531 0.0968333
7 0.555562 0.198719 0.0375 0.0184792
7 0.490852 0.57225 0.0496719 0.0612917
7 0.536555 0.659854 0.0803594 0.0780417
7 0.539484 0.725823 0.0664687 0.0757292
8 0.855188 0.377865 0.043625 0.0989792
8 0.697813 0.553177 0.116312 0.0388958
