7 0.19816 0.528987 0.03116 0.04
7 0.20458 0.56836 0.0384 0.0441867
7 0.17963 0.558947 0.03422 0.0390133
7 0.08202 0.684507 0.03036 0.0321067
7 0.17576 0.502987 0.03204 0.0286933
7 0.05734 0.564933 0.03528 0.04464
7 0.15148 0.689373 0.0332 0.03928
7 0.13199 0.59556 0.0377 0.0403467
7 0.10634 0.636333 0.03 0.0561333
7 0.16639 0.651787 0.03938 0.0370667
7 0.10963 0.506067 0.02742 0.0341067
7 0.13816 0.528973 0.025 0.0271733
7 0.04762 0.613493 0.03252 0.04336
7 0.09852 0.551453 0.03448 0.0486667
7 0.06882 0.65344 0.022 0.03696
7 0.17668 0.62196 0.03412 0.0392267
7 0.2119 0.60512 0.02752 0.0385067
7 0.11849 0.56068 0.02958 0.0306933
7 0.07094 0.61876 0.03308 0.0353867
7 0.13174 0.641413 0.02176 0.02592
7 0.14989 0.626533 0.02962 0.0377067
7 0.14787 0.563907 0.03086 0.03752
7 0.12598 0.664813 0.03088 0.0390133
7 0.08644 0.657 0.02176 0.0310667
7 0.16159 0.592507 0.02826 0.0355733
7 0.08446 0.629987 0.01944 0.0329333
7 0.10363 0.68864 0.03038 0.0330667
7 0.12572 0.696387 0.02564 0.026
7 0.09386 0.52136 0.0248 0.02976
7 0.1219 0.617693 0.02404 0.0281867
7 0.19867 0.643027 0.0323 0.0528267
7 0.15325 0.5068 0.01674 0.0222933
7 0.08089 0.580653 0.03578 0.0394933
0 0.40244 0.314107 0.0898 0.111787
0 0.38866 0.220307 0.08128 0.112773
0 0.4503 0.250053 0.08828 0.122507
0 0.47007 0.172093 0.08498 0.10136
0 0.49691 0.320467 0.08606 0.101467
0 0.52851 0.235973 0.08466 0.119627
8 0.37826 0.62808 0.05096 0.07872
8 0.31972 0.497613 0.08656 0.123013
8 0.40044 0.552947 0.06948 0.08888
8 0.36746 0.522053 0.0328 0.0730133
8 0.32258 0.604093 0.07544 0.10616
4 0.25315 0.283427 0.04614 0.04072
4 0.17612 0.318587 0.04976 0.0709867
4 0.2186 0.299147 0.04196 0.04464
4 0.18706 0.234013 0.03244 0.0536267
4 0.22591 0.214627 0.04706 0.0661067
4 0.20915 0.254267 0.0573 0.0532267
4 0.26272 0.230653 0.046 0.0748
4 0.22986 0.176987 0.0416 0.0470933
4 0.23616 0.341453 0.06904 0.05512
4 0.16308 0.22068 0.03136 0.05
4 0.13749 0.338493 0.04346 0.0473333
4 0.15882 0.259253 0.03316 0.03072
4 0.16565 0.284107 0.05262 0.04496
4 0.14873 0.311573 0.00926 0.0181867
4 0.25668 0.314747 0.0324 0.03536
4 0.18348 0.351373 0.05332 0.0308
4 0.18769 0.17392 0.04514 0.0692267
4 0.27646 0.187333 0.02852 0.0418667
