1 0.3835 0.470345 0.23648 0.529459
7 0.27911 0.907177 0.06286 0.0944745
7 0.30901 0.546862 0.06238 0.0943844
7 0.41381 0.711486 0.0633 0.104414
7 0.09501 0.558348 0.08938 0.116937
7 0.23235 0.587132 0.06242 0.0978078
7 0.45297 0.768033 0.07078 0.0998498
7 0.22155 0.500165 0.07262 0.101652
7 0.1007 0.664384 0.0686 0.107327
7 0.34492 0.864279 0.06256 0.0987688
7 0.55728 0.823544 0.07004 0.102643
7 0.31078 0.814489 0.0544 0.0994294
7 0.43075 0.893739 0.06486 0.105796
7 0.19041 0.395045 0.07574 0.108649
7 0.47555 0.851381 0.05962 0.092012
7 0.14411 0.637718 0.07622 0.109309
7 0.28334 0.616411 0.06432 0.0962462
7 0.36648 0.768619 0.06496 0.102162
7 0.09504 0.357568 0.07548 0.113333
7 0.20036 0.805661 0.0656 0.106096
7 0.36109 0.684144 0.06558 0.0971171
7 0.27503 0.524159 0.04402 0.0946847
7 0.28248 0.713904 0.0536 0.0940541
7 0.25912 0.416096 0.0794 0.109249
7 0.18449 0.721231 0.06438 0.0951351
7 0.10739 0.272177 0.06738 0.0938438
7 0.15572 0.302372 0.07252 0.110571
7 0.4019 0.88461 0.03524 0.0851351
7 0.57154 0.878228 0.06464 0.0903303
7 0.17291 0.546486 0.0753 0.108168
7 0.24323 0.711456 0.06894 0.103393
7 0.5156 0.910616 0.06176 0.0727628
7 0.11083 0.789399 0.07726 0.113514
7 0.13924 0.468033 0.07688 0.107598
7 0.19618 0.641787 0.04808 0.0846547
7 0.2616 0.805841 0.06548 0.0984084
7 0.04699 0.64515 0.06918 0.10958
7 0.07685 0.46491 0.0615 0.0901802
4 0.62577 0.456051 0.3381 0.743153
0 0.51351 0.122117 0.29938 0.244234
