24 0.391693 0.547916 0.0696354 0.0959158
24 0.0982639 0.577126 0.129896 0.122253
24 0.371866 0.820021 0.0548437 0.105221
24 0.346389 0.754716 0.0317361 0.0596211
24 0.380295 0.874947 0.120972 0.100547
24 0.207613 0.571842 0.0742535 0.0353895
24 0.439479 0.717989 0.0885764 0.144989
24 0.197292 0.839537 0.152465 0.170442
24 0.210582 0.671811 0.11592 0.171958
24 0.283194 0.497821 0.0374306 0.0692421
24 0.465347 0.592516 0.091875 0.150295
24 0.318724 0.417789 0.138802 0.208168
24 0.304991 0.868863 0.0824826 0.190568
24 0.428785 0.784263 0.0925 0.106084
24 0.409358 0.473516 0.132188 0.0860211
24 0.363715 0.667421 0.0645139 0.188611
24 0.492882 0.739 0.0545139 0.123347
24 0.306467 0.721137 0.0825174 0.154653
24 0.43316 0.625853 0.131562 0.146189
24 0.276918 0.577474 0.138281 0.112421
24 0.222413 0.894979 0.0864931 0.110463
24 0.292856 0.608937 0.100469 0.144063
24 0.092066 0.737421 0.126701 0.217621
24 0.125972 0.713642 0.0552431 0.0982316
24 0.222509 0.756463 0.111962 0.0933895
24 0.157431 0.415368 0.249896 0.282526
23 0.528125 0.221063 0.0623611 0.0797684
23 0.481163 0.129 0.0420833 0.0553895
23 0.621484 0.305379 0.0357465 0.0474316
23 0.535043 0.346495 0.0446354 0.0574526
23 0.553976 0.278116 0.0294444 0.0447368
23 0.64184 0.148947 0.0497569 0.0622316
23 0.667778 0.181179 0.0298958 0.0314526
23 0.612543 0.0943684 0.0494965 0.0600211
23 0.643038 0.2034 0.0358681 0.0502105
23 0.669549 0.306126 0.0397569 0.0397053
23 0.56408 0.391621 0.0550694 0.0585684
23 0.396406 0.262126 0.0395486 0.0444632
23 0.448203 0.301042 0.0497396 0.0676
23 0.589219 0.258768 0.0409028 0.0598526
23 0.47375 0.392705 0.0511111 0.0622947
23 0.431727 0.206853 0.0540104 0.0623789
23 0.439444 0.358747 0.0397222 0.0505895
23 0.610269 0.211821 0.0347743 0.0502526
23 0.523793 0.177074 0.0462674 0.0394105
23 0.504227 0.0734842 0.0376215 0.0509263
23 0.490182 0.172874 0.0384201 0.042
23 0.566823 0.173505 0.0425 0.0546316
23 0.481328 0.237053 0.0552951 0.0871579
23 0.510556 0.114242 0.0393403 0.0433474
23 0.507448 0.382168 0.0469097 0.0550737
23 0.511953 0.288789 0.0407812 0.0445263
23 0.533576 0.137663 0.0461111 0.0618526
23 0.642769 0.343589 0.0427604 0.0625895
23 0.581207 0.320968 0.0562674 0.0741895
23 0.407587 0.307347 0.0317708 0.0541895
23 0.441771 0.255737 0.0357986 0.0434316
23 0.586389 0.141537 0.0586458 0.0653895
23 0.671536 0.241516 0.0448437 0.0443789
23 0.434306 0.138832 0.0562153 0.0681895
23 0.580139 0.0933158 0.0360417 0.0436842
23 0.639939 0.250632 0.0395312 0.0428211
23 0.48145 0.0926421 0.0193924 0.0245263
4 0.777109 0.464189 0.0664757 0.101642
4 0.759245 0.579758 0.0752257 0.117663
4 0.700286 0.6672 0.0983854 0.119579
4 0.738377 0.557442 0.0761979 0.114126
4 0.810816 0.479295 0.0475347 0.104989
4 0.704618 0.525895 0.0746528 0.1208
4 0.626328 0.580579 0.0953646 0.0851158
4 0.756319 0.481979 0.0330556 0.0526737
4 0.630165 0.499768 0.0868576 0.0357895
4 0.6575 0.467295 0.0941319 0.0415368
4 0.684462 0.437032 0.0954167 0.0440842
4 0.624297 0.536063 0.087934 0.0757053
4 0.62809 0.622358 0.0884028 0.105011
