0 0.116508 0.330292 0.233016 0.329875
0 0.236805 0.0944688 0.284953 0.188938
0 0.203219 0.623365 0.352656 0.301854
0 0.601047 0.772385 0.476625 0.446729
0 0.141281 0.9085 0.279281 0.180458
0 0.515727 0.0317813 0.159141 0.0590625
0 0.746203 0.039375 0.23575 0.07875
0 0.520484 0.929771 0.368875 0.138125
0 0.458812 0.140729 0.254031 0.186292
0 0.737437 0.146479 0.279344 0.182083
0 0.0158125 0.55975 0.031625 0.163583
0 0.674023 0.56325 0.366922 0.32025
0 0.366352 0.419542 0.323078 0.333833
0 0.674125 0.323875 0.306375 0.228125
