1 0.831023 0.095939 0.0695469 0.0869953
1 0.728008 0.172101 0.0665156 0.0764085
1 0.848922 0.273181 0.0735313 0.123826
1 0.576922 0.960012 0.0757188 0.0758451
1 0.779883 0.0499061 0.0816719 0.0998122
1 0.80825 0.301585 0.059375 0.121808
1 0.664695 0.941784 0.124141 0.116432
1 0.789414 0.192124 0.0804531 0.110775
1 0.726719 0.948826 0.0674375 0.102347
1 0.861922 0.947852 0.11225 0.100634
1 0.726906 0.105235 0.0687813 0.0908451
1 0.845719 0.17784 0.06375 0.0964319
1 0.96632 0.943122 0.0673594 0.113756
1 0.784305 0.12743 0.0706094 0.0593662
0 0.194695 0.860094 0.0630781 0.0613146
0 0.412648 0.930646 0.0705156 0.12561
0 0.384281 0.858803 0.0535 0.0982629
0 0.12307 0.9473 0.0650469 0.105399
0 0.367836 0.98615 0.0629531 0.0255399
0 0.269398 0.94581 0.0691719 0.107488
0 0.0681172 0.887664 0.0648594 0.0506338
0 0.0664219 0.944531 0.0600313 0.0919249
0 0.340758 0.929718 0.0778906 0.123192
0 0.249953 0.882981 0.0761563 0.101221
0 0.513992 0.889824 0.0669531 0.10885
0 0.436984 0.816984 0.0790625 0.114014
0 0.348008 0.801127 0.0698594 0.109531
0 0.504883 0.970927 0.0604844 0.0581455
0 0.873172 0.842934 0.07425 0.107981
0 0.445398 0.989554 0.0536719 0.020892
0 0.149047 0.8898 0.0634062 0.0697418
0 0.203063 0.926127 0.0660937 0.0709859
0 0.328039 0.870857 0.0631094 0.0878169
0 0.487211 0.830904 0.0338281 0.0306808
0 0.123766 0.863392 0.0728125 0.0792254
0 0.0479375 0.988357 0.0580937 0.0224413
0 0.452586 0.966526 0.0419844 0.0441784
8 0.507781 0.314108 0.0331562 0.0701408
8 0.637641 0.0869484 0.0603437 0.0894836
8 0.526734 0.0882864 0.0585938 0.0769953
8 0.576484 0.118979 0.0804375 0.102512
8 0.524055 0.248486 0.0628281 0.0825117
8 0.63525 0.236138 0.0682187 0.0876761
8 0.540445 0.0171831 0.0617031 0.0323944
8 0.583867 0.184636 0.0595156 0.0908685
8 0.58532 0.277101 0.0683281 0.0852347
8 0.635172 0.306185 0.0616563 0.048615
8 0.636703 0.164038 0.0495625 0.0787324
8 0.636547 0.0161385 0.0510312 0.0276761
8 0.52307 0.169401 0.0526719 0.0815258
