4 0.545289 0.844323 0.206766 0.311354
4 0.377273 0.534906 0.0576094 0.100687
4 0.548352 0.183302 0.0582969 0.109979
4 0.104266 0.691125 0.0528438 0.078125
4 0.785586 0.410771 0.0732031 0.1
4 0.0990234 0.488042 0.157453 0.225958
4 0.0843594 0.618781 0.102656 0.0725208
4 0.193742 0.724677 0.127359 0.213104
4 0.898422 0.470458 0.0332188 0.0416667
4 0.340211 0.433625 0.0911094 0.07175
4 0.831953 0.416156 0.104125 0.0475208
4 0.372117 0.927635 0.0863906 0.114312
4 0.928344 0.493771 0.034875 0.045875
4 0.175172 0.358448 0.0324062 0.0625625
4 0.334859 0.192198 0.0324375 0.0570208
4 0.244328 0.853885 0.138469 0.125938
4 0.354789 0.757031 0.0752031 0.146562
4 0.667172 0.378427 0.0526875 0.0291875
4 0.588055 0.241052 0.104766 0.143813
4 0.412547 0.610458 0.0404687 0.0435417
