8 0.611734 0.487042 0.07275 0.0985833
8 0.538617 0.496104 0.0759531 0.104125
8 0.548828 0.585698 0.0725 0.0710208
8 0.530812 0.40174 0.066875 0.0908542
8 0.600852 0.402208 0.0748594 0.100417
8 0.626523 0.576021 0.0840469 0.104875
7 0.648078 0.177625 0.0183437 0.0469583
7 0.702445 0.177771 0.0399844 0.049375
7 0.754703 0.438427 0.0371563 0.0514375
7 0.726992 0.290958 0.0269531 0.0332083
7 0.736406 0.483979 0.0336562 0.0538333
7 0.698125 0.218792 0.0348125 0.048375
7 0.672914 0.159698 0.0416719 0.0385208
7 0.736398 0.170635 0.0350156 0.0373958
7 0.68268 0.345896 0.0311406 0.04
7 0.687297 0.437052 0.0225 0.0453958
7 0.723125 0.323823 0.0375 0.0485208
7 0.723367 0.238156 0.0411719 0.0443125
7 0.691281 0.282729 0.0348437 0.055625
7 0.640961 0.252229 0.0165469 0.035125
7 0.713055 0.360896 0.0341719 0.044875
7 0.744109 0.334792 0.0373125 0.0545
7 0.669273 0.203083 0.0303281 0.0444583
7 0.731133 0.201177 0.0365469 0.0336458
7 0.665461 0.242437 0.0190469 0.0364167
7 0.768727 0.332573 0.0280156 0.0446458
7 0.705172 0.258 0.0192187 0.03025
7 0.708625 0.414583 0.0313125 0.03275
7 0.738656 0.377229 0.0359688 0.0461667
7 0.706883 0.45475 0.0311094 0.0497083
7 0.674023 0.308719 0.0180781 0.0420625
