8 0.734187 0.30826 0.0874687 0.0861458
8 0.210164 0.631938 0.179391 0.150417
8 0.0941328 0.294333 0.0536094 0.0412083
8 0.452734 0.674104 0.1305 0.223125
8 0.735992 0.697292 0.163359 0.152125
8 0.575187 0.418635 0.055 0.107438
8 0.267719 0.480865 0.028125 0.0288958
8 0.468727 0.529708 0.104578 0.0785417
8 0.333836 0.536885 0.0270781 0.0560208
8 0.661047 0.577177 0.055 0.0928125
8 0.362953 0.470438 0.0399375 0.0347917
8 0.272664 0.456937 0.0185156 0.033875
8 0.479547 0.433313 0.0756563 0.0736667
8 0.13857 0.372177 0.0493281 0.141187
8 0.549797 0.522583 0.04925 0.06325
8 0.784023 0.328156 0.147484 0.111271
8 0.20875 0.279292 0.0326875 0.051
