1 0.325977 0.40326 0.130078 0.168854
1 0.191016 0.939365 0.130844 0.119646
1 0.962406 0.670167 0.0751875 0.175958
1 0.788719 0.520781 0.136031 0.184604
1 0.453484 0.927917 0.134031 0.0942083
1 0.451211 0.677604 0.131516 0.180042
1 0.578359 0.395646 0.126781 0.1775
1 0.928641 0.822115 0.135219 0.183562
1 0.638625 0.256906 0.123969 0.168771
1 0.0327734 0.541594 0.0634219 0.172396
1 0.855078 0.915854 0.127469 0.0741667
1 0.320266 0.934708 0.129438 0.116
1 0.38868 0.823083 0.130672 0.176917
1 0.647273 0.535698 0.127484 0.161938
1 0.856695 0.674708 0.132609 0.175542
1 0.194508 0.398208 0.123453 0.167167
1 0.791109 0.819458 0.131844 0.183917
1 0.99025 0.518969 0.0195 0.126646
1 0.0674844 0.393927 0.131156 0.177354
1 0.453828 0.40749 0.125937 0.168896
1 0.517188 0.824448 0.128156 0.162688
1 0.780578 0.386115 0.0525937 0.116521
1 0.772586 0.263844 0.122734 0.155396
1 0.724258 0.917833 0.134078 0.0830833
1 0.520758 0.542823 0.125297 0.162312
1 0.257266 0.826823 0.126562 0.171521
1 0.964367 0.913083 0.0708906 0.0682083
1 0.381641 0.543 0.117094 0.159917
1 0.659492 0.81599 0.131109 0.176563
1 0.585164 0.817479 0.0389219 0.112458
1 0.258133 0.25975 0.126797 0.168
1 0.25293 0.390562 0.0557656 0.125625
1 0.717102 0.525125 0.0482656 0.128708
1 0.123234 0.827885 0.12725 0.172938
1 0.186039 0.684635 0.138266 0.179021
1 0.0605781 0.682625 0.119594 0.180208
1 0.0260469 0.333833 0.0520938 0.0715
1 0.5 0.35649 0.0565312 0.0728125
1 0.449633 0.542063 0.0448906 0.104083
1 0.39425 0.264573 0.124188 0.178729
1 0.516008 0.251771 0.125391 0.17475
1 0.126227 0.540198 0.126109 0.170521
1 0.320859 0.683708 0.131531 0.174917
1 0.0303437 0.825375 0.059 0.177417
1 0.254656 0.543406 0.129812 0.169896
1 0.582219 0.681188 0.131937 0.173333
1 0.702883 0.390708 0.127672 0.177542
1 0.588156 0.921375 0.136688 0.102208
1 0.920641 0.525229 0.130656 0.172542
1 0.856141 0.382187 0.127688 0.169583
1 0.724914 0.666667 0.131734 0.169167
1 0.132664 0.430302 0.0401094 0.0558542
1 0.0616797 0.94325 0.123359 0.1135
0 0.944953 0.13449 0.096875 0.105021
0 0.311266 0.143167 0.105656 0.103917
0 0.630805 0.14026 0.106922 0.100771
0 0.369859 0.0603958 0.101063 0.119083
0 0.842086 0.140073 0.106609 0.0990208
0 0.151445 0.0564375 0.116734 0.112875
0 0.73657 0.137708 0.104328 0.105083
0 0.0971953 0.147187 0.105391 0.105125
0 0.203477 0.146875 0.102422 0.107458
0 0.579219 0.0566667 0.108656 0.113333
0 0.476813 0.0576875 0.105 0.115375
0 0.525703 0.140969 0.101594 0.0998958
0 0.681945 0.0573542 0.100484 0.112167
0 0.419516 0.141344 0.108344 0.102271
0 0.0219297 0.143781 0.0438594 0.118938
0 0.26957 0.0595938 0.101047 0.119188
0 0.792055 0.0646146 0.100953 0.126146
0 0.049 0.0600104 0.0974688 0.118896
0 0.973375 0.061375 0.0515312 0.118917
0 0.895922 0.0584271 0.106125 0.116854
