8 0.396406 0.433927 0.0390937 0.0464792
8 0.506563 0.448656 0.0559375 0.0564792
8 0.525211 0.325812 0.0372969 0.0604583
8 0.582305 0.420687 0.0556719 0.0571667
8 0.365352 0.518448 0.0394219 0.0570625
8 0.713469 0.348 0.0529687 0.0660833
8 0.535477 0.425573 0.0382344 0.0453125
8 0.429867 0.531625 0.0340156 0.0449583
8 0.647281 0.272896 0.0496875 0.0600833
8 0.273125 0.53725 0.0495312 0.060375
8 0.685211 0.40576 0.0253594 0.0538125
8 0.330516 0.419365 0.0273125 0.0423542
8 0.605961 0.288396 0.0350469 0.06175
8 0.38457 0.32851 0.0878906 0.0688958
8 0.455438 0.342385 0.07575 0.0543125
8 0.652477 0.429479 0.0603594 0.0680833
8 0.736984 0.400729 0.0499375 0.0508333
