0 0.593805 0.480644 0.109797 0.13
0 0.488523 0.775 0.0763594 0.0859719
0 0.551906 0.394157 0.0786875 0.0832553
0 0.573836 0.670597 0.0661406 0.0846136
0 0.506828 0.512963 0.0905312 0.0629274
0 0.427008 0.750445 0.0519531 0.0659016
0 0.555469 0.798689 0.032125 0.0448244
0 0.460766 0.462096 0.0952187 0.126159
0 0.567562 0.311464 0.0617812 0.0414754
0 0.494828 0.381756 0.0241875 0.0485714
0 0.520844 0.66192 0.06375 0.095644
0 0.667352 0.732717 0.0316719 0.072459
0 0.650477 0.465585 0.0823281 0.137119
0 0.472477 0.655176 0.0514531 0.0918033
0 0.607422 0.400059 0.0258125 0.0359016
0 0.539992 0.462553 0.0650781 0.0598126
0 0.553 0.761358 0.0750625 0.051007
0 0.616039 0.779742 0.0605156 0.0987822
