4 0.0583159 0.605117 0.0822385 0.0614219
4 0.674948 0.794125 0.117552 0.0701875
4 0.0632218 0.735352 0.0753556 0.0231094
4 0.108389 0.466781 0.0712552 0.0390937
4 0.814362 0.681758 0.0636192 0.0937031
4 0.236098 0.874781 0.106004 0.0815625
4 0.305743 0.413141 0.0537448 0.0194687
4 0.289906 0.827211 0.0488912 0.0580781
4 0.10296 0.690344 0.0936192 0.0688125
4 0.873368 0.615242 0.1141 0.0493906
4 0.157803 0.393219 0.054728 0.0317812
4 0.918379 0.665188 0.158598 0.0817812
4 0.298682 0.92182 0.076569 0.150641
4 0.0349163 0.644555 0.0691213 0.0470469
4 0.382646 0.89618 0.0975105 0.112672
4 0.833107 0.457187 0.138849 0.0725
4 0.813849 0.519617 0.0784519 0.0540469
4 0.368347 0.830078 0.113305 0.0659375
4 0.718891 0.561617 0.108075 0.113234
4 0.689362 0.486172 0.0795188 0.0444688
4 0.720701 0.916164 0.131067 0.103859
4 0.725785 0.759836 0.0508996 0.0269531
4 0.153201 0.886539 0.115858 0.114453
4 0.80364 0.746008 0.101172 0.0663594
4 0.805084 0.875703 0.120377 0.0799375
4 0.0374582 0.564898 0.0749163 0.0630156
4 0.142877 0.532289 0.0477615 0.0482969
4 0.0814331 0.65025 0.0805649 0.0591875
4 0.0736192 0.483516 0.0535983 0.047375
