8 0.808828 0.0942083 0.0466562 0.0520417
8 0.687812 0.0656667 0.0545625 0.0722917
8 0.679961 0.128198 0.0546094 0.0592292
8 0.724523 0.114542 0.0430781 0.0561667
8 0.65707 0.0253542 0.0614531 0.0315833
8 0.777641 0.0675833 0.0399687 0.0402917
8 0.767578 0.0329375 0.0556875 0.047125
8 0.76882 0.110573 0.0489531 0.0560208
8 0.624766 0.0800833 0.0238438 0.0482083
8 0.644328 0.101333 0.0515312 0.0630833
8 0.738063 0.0637188 0.0501875 0.0556458
8 0.719617 0.0209688 0.0448906 0.0244792
8 0.730844 0.0290104 0.0273125 0.0229792
8 0.676617 0.0442083 0.0448906 0.0611667
8 0.63225 0.0376979 0.0371875 0.0574375
8 0.652289 0.0639792 0.0217344 0.0217917
1 0.420414 0.553542 0.0886094 0.107958
1 0.395797 0.873208 0.109375 0.149375
1 0.876281 0.802729 0.0329375 0.026625
1 0.404211 0.0365625 0.0417344 0.0479583
1 0.682047 0.911854 0.0454688 0.0715833
1 0.3435 0.624146 0.101531 0.136667
1 0.0640078 0.879146 0.0882656 0.138417
1 0.101414 0.614906 0.100578 0.133896
1 0.498844 0.920302 0.116156 0.142563
1 0.519508 0.791531 0.105766 0.138979
1 0.898906 0.784292 0.0515312 0.0505
1 0.887508 0.84676 0.0561719 0.0655208
1 0.680523 0.856042 0.0349844 0.0640833
1 0.437297 0.266437 0.065375 0.0820417
1 0.735062 0.885792 0.0519687 0.0737083
1 0.893445 0.912677 0.0455781 0.0620625
1 0.438602 0.198271 0.0594219 0.0743333
1 0.737164 0.788385 0.0557656 0.0545208
1 0.856781 0.78 0.035875 0.0213333
1 0.590414 0.794135 0.0307969 0.0595208
1 0.527453 0.710385 0.0972812 0.106604
1 0.313258 0.336927 0.0717344 0.0892292
1 0.851664 0.892167 0.0637344 0.078375
1 0.164047 0.303167 0.0673125 0.0838333
1 0.0345547 0.666604 0.0557656 0.125958
1 0.765211 0.843969 0.0517656 0.0702292
1 0.93468 0.887208 0.0565469 0.07375
1 0.161227 0.771083 0.0694219 0.0875417
1 0.220852 0.469198 0.0846094 0.119313
1 0.713891 0.857104 0.0397188 0.069625
1 0.496555 0.641135 0.0902031 0.114604
1 0.238273 0.395698 0.0830781 0.0938542
1 0.382414 0.279281 0.0630469 0.0623542
1 0.123367 0.501927 0.0995156 0.112312
1 0.568203 0.593552 0.077875 0.125979
1 0.569336 0.480563 0.0599219 0.0955
1 0.457555 0.450708 0.0867344 0.111583
1 0.169547 0.564583 0.084125 0.119125
1 0.298 0.426448 0.0799688 0.114812
1 0.134227 0.833365 0.106859 0.138854
1 0.132531 0.399875 0.0813438 0.103333
1 0.314984 0.190646 0.0659687 0.0833333
1 0.236984 0.334771 0.0661562 0.0679583
1 0.255898 0.560063 0.0953281 0.122208
1 0.808242 0.0935625 0.0486719 0.052125
1 0.0648125 0.445385 0.0798438 0.107687
1 0.0787578 0.743354 0.106984 0.140125
1 0.229148 0.187042 0.0632969 0.0857083
1 0.394141 0.329031 0.0588437 0.0805208
1 0.91825 0.831552 0.0376563 0.0451458
1 0.146 0.18475 0.0651875 0.0715417
1 0.131141 0.256417 0.0648125 0.08975
1 0.938359 0.827323 0.0401562 0.0549792
1 0.272359 0.931854 0.0896875 0.114958
1 0.364836 0.491031 0.0882656 0.120521
1 0.302117 0.267031 0.0592344 0.0728125
1 0.221398 0.272437 0.0666719 0.0861667
1 0.361805 0.403 0.0713594 0.0869167
1 0.281492 0.722354 0.0990156 0.121833
1 0.656336 0.917354 0.0272969 0.0574583
1 0.688359 0.970823 0.0440625 0.0405208
1 0.913359 0.94325 0.0268437 0.0605
1 0.297164 0.543375 0.0686094 0.118542
1 0.379281 0.201073 0.0613437 0.0811875
1 0.789258 0.793594 0.0480781 0.0625625
1 0.403062 0.0725625 0.0451875 0.0395
1 0.782344 0.957042 0.0787812 0.06875
1 0.119422 0.944448 0.104281 0.0934792
1 0.849602 0.819094 0.0571094 0.0641042
1 0.814398 0.917708 0.0397344 0.0559583
1 0.581117 0.925833 0.0507031 0.128292
1 0.813367 0.854094 0.0532969 0.0792292
1 0.498188 0.291812 0.0694375 0.086375
1 0.822797 0.792625 0.0318437 0.052
