4 0.250635 0.469719 0.308563 0.099
4 0.267958 0.532914 0.311708 0.137703
4 0.433083 0.70018 0.127 0.228391
4 0.639583 0.624812 0.178083 0.245469
4 0.742583 0.631008 0.176333 0.181984
4 0.310333 0.683547 0.128625 0.171969
4 0.535896 0.647078 0.0969167 0.261969
4 0.690552 0.693016 0.0943542 0.207969
4 0.810833 0.54 0.160667 0.1
4 0.402031 0.629602 0.184521 0.235891
4 0.566969 0.70318 0.104271 0.242766
4 0.730177 0.556359 0.277313 0.181406
4 0.311573 0.591211 0.259896 0.196797
4 0.167958 0.585336 0.154417 0.0488906
4 0.751344 0.470516 0.313854 0.104094
9 0.279927 0.258437 0.404021 0.295687
9 0.717073 0.25307 0.430771 0.294359
