6 0.403133 0.515292 0.00826563 0.0157083
6 0.356219 0.51674 0.006875 0.00797917
6 0.774336 0.992313 0.00785938 0.0109167
6 0.69518 0.871417 0.00717187 0.025125
6 0.472148 0.779615 0.00495313 0.00827083
6 0.78893 0.753979 0.0116719 0.00558333
6 0.0396406 0.53099 0.0064375 0.0228125
6 0.365508 0.733302 0.00351563 0.00772917
6 0.157766 0.878781 0.00821875 0.0144792
6 0.52618 0.797385 0.00557812 0.00797917
6 0.24157 0.761927 0.00695313 0.0086875
6 0.413672 0.750406 0.005375 0.0132292
6 0.301898 0.520385 0.00535938 0.00385417
6 0.247562 0.758271 0.005 0.0085
6 0.777078 0.886948 0.00815625 0.0111875
6 0.167391 0.770802 0.0074375 0.0231458
6 0.157133 0.988865 0.00692187 0.00827083
6 0.529117 0.80699 0.00548437 0.00814583
6 0.603156 0.83325 0.00909375 0.0212083
6 0.770719 0.893 0.00846875 0.0127083
6 0.416891 0.754865 0.00434375 0.0109792
6 0.770492 0.874792 0.0198281 0.0135
6 0.237125 0.756281 0.006625 0.00814583
6 0.598062 0.82875 0.00625 0.00916667
6 0.358305 0.518531 0.00507813 0.0115625
6 0.798664 0.563281 0.00657812 0.00997917
6 0.467805 0.774292 0.00601563 0.0182917
6 0.687445 0.875729 0.00820313 0.0115417
6 0.369258 0.728104 0.00407813 0.0176667
6 0.15132 0.884438 0.00617188 0.00825
6 0.442383 0.51999 0.00842187 0.0188542
6 0.364797 0.726031 0.0056875 0.0099375
6 0.160211 0.770615 0.00957812 0.0131458
6 0.304992 0.522875 0.00620313 0.00991667
6 0.685992 0.865979 0.0140469 0.0118333
6 0.608719 0.839802 0.005375 0.0101875
6 0.791844 0.563104 0.00546875 0.00729167
6 0.313141 0.73874 0.00684375 0.0182708
