1 0.188656 0.339978 0.0735625 0.070786
1 0.871102 0.798166 0.0946406 0.124672
1 0.670898 0.00933406 0.0145469 0.0169651
1 0.722867 0.634902 0.0589219 0.0705895
1 0.609398 0.351485 0.0638281 0.0866812
1 0.222703 0.433079 0.0541562 0.0946288
1 0.709789 0.54762 0.0634531 0.0810917
1 0.701664 0.720087 0.0846719 0.117336
1 0.716484 0.931255 0.1045 0.137489
1 0.624188 0.887915 0.0907188 0.134651
1 0.376953 0.361245 0.0648438 0.0531878
1 0.832648 0.875207 0.0789844 0.113908
1 0.81125 0.92286 0.09075 0.12869
1 0.433453 0.176255 0.0469062 0.03369
1 0.947813 0.872391 0.104375 0.158493
1 0.141398 0.304225 0.0389219 0.0409389
1 0.462695 0.193592 0.0237031 0.0513319
1 0.469141 0.357107 0.0663125 0.102424
1 0.393742 0.317718 0.0355781 0.0604148
1 0.780773 0.978832 0.0969219 0.0363537
1 0.189375 0.382238 0.0509375 0.0618996
1 0.634305 0.221747 0.0443594 0.0486026
1 0.558391 0.910022 0.0784688 0.135415
1 0.504867 0.402511 0.0589531 0.0334934
1 0.835758 0.58941 0.0909844 0.0887336
1 0.421414 0.068952 0.0273906 0.0445852
1 0.988164 0.514858 0.0216719 0.0390175
1 0.519242 0.0304694 0.0483281 0.0609389
1 0.799516 0.489694 0.0375625 0.0894323
1 0.649125 0.766277 0.044 0.0447817
1 0.986406 0.735491 0.0271875 0.120197
1 0.836852 0.451157 0.0460156 0.059869
1 0.475836 0.139487 0.0510469 0.0750873
1 0.75432 0.497915 0.0617656 0.0820742
1 0.48868 0.279443 0.0475156 0.0843886
1 0.675656 0.83595 0.0746563 0.12631
1 0.984953 0.455622 0.0300938 0.0887555
1 0.597 0.974934 0.0999063 0.050131
1 0.913164 0.666867 0.0563594 0.0712009
1 0.519344 0.376703 0.0410937 0.0494323
1 0.488406 0.0866266 0.034375 0.0484061
1 0.983437 0.58345 0.033125 0.1231
1 0.783859 0.430644 0.0665313 0.0918559
1 0.557867 0.111321 0.0545469 0.0657424
1 0.171391 0.422664 0.05175 0.0951092
1 0.753328 0.81059 0.105469 0.152882
1 0.596141 0.247959 0.0712812 0.0628166
1 0.613016 0.720993 0.095 0.119367
1 0.499648 0.215469 0.0623906 0.0633406
1 0.662781 0.280022 0.051625 0.0751528
1 0.450664 0.0710153 0.0470156 0.0635153
1 0.610437 0.652729 0.0818125 0.0763319
1 0.745141 0.578166 0.0685 0.048559
1 0.455414 0.306889 0.0629844 0.0725983
1 0.581469 0.0599672 0.053125 0.0781004
1 0.675719 0.654782 0.0462813 0.0706987
1 0.459422 0.258701 0.0314688 0.0292795
1 0.796563 0.777063 0.0523125 0.0803275
1 0.735789 0.46536 0.0376094 0.0746507
1 0.654523 0.0158515 0.0218906 0.029476
1 0.560469 0.384563 0.058125 0.0489083
1 0.874016 0.936179 0.0564687 0.112052
1 0.428781 0.121354 0.0532813 0.0803493
1 0.611172 0.110884 0.0522813 0.0728166
1 0.612227 0.812369 0.0774531 0.0708515
1 0.144102 0.356779 0.0299531 0.0451747
1 0.513984 0.0937445 0.0444063 0.0615502
1 0.939086 0.5519 0.0879844 0.107467
1 0.399125 0.13143 0.0181562 0.0387555
1 0.876563 0.410895 0.0850937 0.109738
1 0.619195 0.0600109 0.0340156 0.0524236
1 0.990047 0.807882 0.0199063 0.0312227
1 0.493313 0.952325 0.107375 0.0953493
1 0.460125 0.0324454 0.0434063 0.0558515
1 0.621391 0.291594 0.064625 0.0875546
1 0.704352 0.502314 0.0399531 0.0423581
1 0.61425 0.172795 0.0396562 0.0578166
1 0.396273 0.167216 0.0456406 0.0418996
1 0.959875 0.9744 0.08025 0.0512009
1 0.394477 0.798297 0.0435781 0.0375109
1 0.556422 0.712271 0.02975 0.0424891
1 0.849664 0.684585 0.0974219 0.147904
1 0.650445 0.356452 0.0245469 0.0402838
1 0.557195 0.790371 0.0835156 0.120961
1 0.772617 0.564007 0.0598594 0.0697598
1 0.131906 0.208734 0.021875 0.0789956
1 0.119922 0.302642 0.0239375 0.0615721
1 0.142617 0.332729 0.0278281 0.0358515
1 0.557242 0.208537 0.0567344 0.0567686
1 0.531273 0.0725 0.0375781 0.0407205
1 0.571016 0.15809 0.0492187 0.0501965
1 0.486664 0.0226201 0.0154844 0.0130131
1 0.340789 0.20643 0.0112344 0.00906114
1 0.557227 0.273526 0.0631406 0.0820742
1 0.637266 0.24476 0.0225312 0.0226201
1 0.9415 0.448876 0.084875 0.112162
1 0.497555 0.00982533 0.0103281 0.0173362
1 0.494148 0.047893 0.0419219 0.0458297
1 0.423305 0.272216 0.0451094 0.0601092
1 0.413438 0.352686 0.0179375 0.0177729
1 0.424133 0.66441 0.0471094 0.0729694
1 0.600977 0.0173799 0.0427031 0.0347598
1 0.232328 0.368395 0.0364375 0.0608952
1 0.516648 0.170546 0.0486406 0.0766376
1 0.92268 0.39333 0.0204844 0.0208079
1 0.658461 0.334607 0.0367969 0.0424454
1 0.853922 0.516583 0.101094 0.110371
1 0.563242 0.0279913 0.0408906 0.0555022
1 0.554922 0.34548 0.047625 0.0548035
1 0.943445 0.72619 0.0998281 0.136441
1 0.768078 0.681583 0.0781563 0.112991
1 0.971961 0.652784 0.0392344 0.0390175
1 0.955094 0.619607 0.03025 0.0379039
1 0.650008 0.96512 0.0670781 0.0697598
