4 0.238125 0.340764 0.233562 0.146297
4 0.237203 0.2725 0.235344 0.121862
4 0.613523 0.198985 0.109859 0.18387
4 0.486219 0.419017 0.218094 0.0930962
4 0.611266 0.299644 0.168969 0.116695
4 0.460602 0.171778 0.216859 0.0791632
4 0.553211 0.238347 0.0468594 0.148075
4 0.492516 0.291747 0.105187 0.190481
4 0.404328 0.300973 0.11625 0.238264
4 0.317914 0.360356 0.0989844 0.1341
4 0.404 0.158724 0.0755938 0.0262762
4 0.353445 0.258525 0.0663281 0.114498
4 0.584945 0.190785 0.0442969 0.0624895
4 0.267555 0.178494 0.0730469 0.081046
