1 0.0433359 0.384917 0.0687031 0.186729
1 0.224211 0.467246 0.227266 0.285424
1 0.800195 0.734731 0.379984 0.503002
1 0.344992 0.277516 0.122609 0.141242
1 0.0935859 0.260766 0.0384844 0.0456315
1 0.544602 0.0483023 0.0788281 0.07147
1 0.208477 0.848634 0.174641 0.0772671
1 0.49507 0.611584 0.309547 0.423251
1 0.735328 0.0457143 0.0588125 0.0677433
1 0.0539609 0.205807 0.0902656 0.151822
1 0.663922 0.11205 0.140313 0.0992547
1 0.955984 0.0580745 0.069625 0.0935818
1 0.112211 0.721159 0.204609 0.315528
1 0.547562 0.152743 0.12475 0.174431
1 0.102641 0.143364 0.091125 0.0936025
1 0.386531 0.772184 0.054125 0.0683437
1 0.404586 0.170973 0.122641 0.148364
1 0.290672 0.718644 0.157969 0.271573
1 0.107805 0.211532 0.0215156 0.0522981
1 0.926711 0.19617 0.129828 0.218427
1 0.749898 0.279596 0.376703 0.405694
1 0.218664 0.210259 0.211859 0.205901
1 0.965563 0.424213 0.052625 0.204369
1 0.335219 0.431977 0.137719 0.250538
1 0.323203 0.150518 0.079375 0.118758
1 0.277852 0.051118 0.0851406 0.0808696
1 0.177469 0.0478364 0.0669063 0.0675569
1 0.969812 0.313323 0.0391875 0.0415528
1 0.0291094 0.112712 0.0410937 0.0460455
1 0.388406 0.890166 0.318187 0.195735
1 0.822344 0.0434058 0.129 0.0649896
1 0.106648 0.269834 0.0329219 0.0333747
1 0.490602 0.305518 0.131703 0.178199
1 0.47468 0.15295 0.0210781 0.027971
1 0.921797 0.0715424 0.0185625 0.0323188
1 0.110594 0.0684783 0.0592188 0.0660248
1 0.637227 0.965362 0.263016 0.0508075
1 0.556117 0.325052 0.0402344 0.156066
1 0.222227 0.0359006 0.0560781 0.0518012
1 0.209383 0.102319 0.0840781 0.0528364
1 0.0945 0.44765 0.128125 0.203582
1 0.0560078 0.569886 0.0949844 0.116667
1 0.325695 0.0562836 0.0239844 0.0510352
1 0.0321719 0.490942 0.0471562 0.0519876
1 0.420258 0.292101 0.0939844 0.118696
1 0.389313 0.0573913 0.120969 0.0923395
1 0.592211 0.0369462 0.0426094 0.0514493
