1 0.714977 0.110479 0.0630156 0.0959167
1 0.767234 0.189573 0.0391875 0.0654375
1 0.740648 0.0236771 0.0677031 0.0473542
1 0.766414 0.0711875 0.0477656 0.0518333
1 0.718156 0.194365 0.065375 0.0841042
1 0.792781 0.0209583 0.0502812 0.0419167
0 0.560094 0.784406 0.085 0.0389792
0 0.50232 0.312115 0.0937969 0.129979
0 0.915656 0.69274 0.104813 0.129479
0 0.0522891 0.267396 0.0591406 0.0752083
0 0.0649453 0.124542 0.0785781 0.0987083
0 0.314383 0.529625 0.0905781 0.13
0 0.382391 0.795583 0.0810312 0.0395833
0 0.330484 0.736594 0.0865313 0.129479
0 0.0351484 0.0402187 0.0702969 0.0804375
0 0.448594 0.211073 0.0929062 0.130396
0 0.759633 0.61124 0.100359 0.128354
0 0.268906 0.640771 0.0996875 0.125375
0 0.685617 0.250635 0.0855781 0.109479
0 0.786883 0.361156 0.0332656 0.0569375
0 0.37075 0.625635 0.0913438 0.137437
0 0.79957 0.714729 0.0981406 0.136375
0 0.566492 0.0758021 0.0478281 0.0623958
0 0.653641 0.625844 0.0959062 0.130646
0 0.145063 0.754146 0.0964375 0.124917
0 0.350086 0.418698 0.0948594 0.124396
0 0.853102 0.609125 0.0975781 0.123833
0 0.549039 0.163375 0.0868281 0.120958
0 0.102945 0.647698 0.0979531 0.123021
0 0.352672 0.158583 0.0875 0.0833333
0 0.176023 0.604521 0.100047 0.127375
0 0.184945 0.677719 0.0595469 0.0659375
0 0.599906 0.250667 0.0869062 0.113625
0 0.472 0.78974 0.0811562 0.0379375
0 0.464695 0.621667 0.0992344 0.1295
0 0.706883 0.718219 0.0933906 0.131937
0 0.357367 0.228208 0.0949531 0.125
0 0.727664 0.343583 0.0909844 0.107167
0 0.509258 0.5145 0.0957031 0.128458
0 0.0349453 0.326323 0.0528281 0.0555625
0 0.19518 0.786281 0.0244219 0.0238542
0 0.556156 0.407104 0.0948125 0.12025
0 0.749836 0.773125 0.0852031 0.0369167
0 0.408977 0.518875 0.0915469 0.132042
0 0.510523 0.23275 0.0609531 0.0684583
0 0.254766 0.761813 0.0985 0.133792
0 0.137477 0.514563 0.0770156 0.105083
0 0.309609 0.275531 0.088875 0.116521
0 0.509828 0.728646 0.0969688 0.134458
0 0.653047 0.0991875 0.0644375 0.0764167
0 0.653227 0.412438 0.101078 0.131083
0 0.45575 0.144854 0.0851875 0.0917083
0 0.638281 0.34125 0.0934062 0.0929583
0 0.363867 0.352229 0.0832344 0.09675
0 0.421953 0.0965417 0.0426875 0.0582083
0 0.227367 0.741667 0.0736094 0.10875
0 0.704305 0.517875 0.103266 0.124875
0 0.605539 0.059 0.0426719 0.0666667
0 0.379281 0.0972812 0.042875 0.0731458
0 0.453969 0.414313 0.102031 0.131625
0 0.602242 0.517052 0.0944219 0.133604
0 0.663687 0.0301354 0.0686563 0.0592292
0 0.815258 0.500687 0.102828 0.129458
0 0.850797 0.762177 0.09025 0.0421875
0 0.0185391 0.276281 0.0357656 0.0823125
0 0.508305 0.0730937 0.0376094 0.0595208
0 0.0801797 0.207167 0.0545469 0.0732083
0 0.218789 0.671073 0.0247969 0.0694375
0 0.706719 0.619948 0.034875 0.0734792
0 0.562234 0.281385 0.0439375 0.0692708
0 0.194594 0.811646 0.0651875 0.03025
0 0.595305 0.137354 0.0463906 0.0652917
0 0.813117 0.413698 0.0318594 0.0533542
0 0.558961 0.627594 0.0925156 0.136771
0 0.219937 0.503896 0.101688 0.133167
0 0.549805 0.340312 0.0813594 0.0865833
0 0.472422 0.0890833 0.0514063 0.0640417
0 0.263531 0.114854 0.0785 0.110292
0 0.752883 0.421948 0.0960781 0.123312
0 0.417844 0.739948 0.095375 0.128188
0 0.0292344 0.209198 0.0562813 0.0733958
0 0.27 0.369115 0.0904375 0.115729
0 0.26193 0.0370729 0.0657656 0.0741458
0 0.652969 0.77575 0.0862187 0.0438333
0 0.248609 0.45926 0.0713437 0.0883125
0 0.117 0.812313 0.08775 0.0379167
0 0.604477 0.727542 0.0942031 0.130375
0 0.558547 0.0530729 0.0384688 0.0358958
0 0.520562 0.0820521 0.0438438 0.0610208
0 0.944375 0.755448 0.0925938 0.0449375
0 0.408758 0.324146 0.0958281 0.124417
