23 0.277242 0.766542 0.0247969 0.0305
23 0.389937 0.795104 0.0193437 0.0218333
23 0.863969 0.832688 0.0178125 0.026
23 0.909836 0.808979 0.0207656 0.034875
23 0.345219 0.801042 0.0170313 0.0175
23 0.263969 0.909354 0.0159688 0.02025
23 0.296914 0.826979 0.0191406 0.0294583
23 0.94857 0.793656 0.0229844 0.0306458
23 0.86243 0.802698 0.0244219 0.0341042
23 0.356555 0.810427 0.0221406 0.0307292
23 0.839648 0.806656 0.0158281 0.0267292
23 0.880437 0.85451 0.0251875 0.0316042
23 0.331719 0.793333 0.0161563 0.0210417
23 0.274305 0.85974 0.0184844 0.0271042
23 0.902633 0.775823 0.0387031 0.0333958
23 0.367086 0.852969 0.0195156 0.0286875
23 0.837891 0.779635 0.0190625 0.0300625
23 0.327781 0.746594 0.0198438 0.0161875
23 0.915094 0.904865 0.03225 0.0377708
23 0.339133 0.85951 0.0246719 0.0296458
23 0.350922 0.913375 0.0225938 0.0288333
23 0.318914 0.849115 0.0207656 0.0223125
23 0.332289 0.911083 0.0186406 0.0238333
23 0.869336 0.874417 0.0267344 0.0333333
23 0.866812 0.75474 0.0217188 0.0238542
23 0.358016 0.88051 0.0225 0.0287292
23 0.345633 0.757 0.0128594 0.0182083
23 0.347773 0.74625 0.0227344 0.0277083
23 0.884406 0.913625 0.0305625 0.0214167
23 0.918945 0.855844 0.0164531 0.0222292
23 0.897461 0.885552 0.0257969 0.0401875
23 0.303656 0.795573 0.0242188 0.0257292
23 0.321219 0.761375 0.014875 0.0243333
23 0.829656 0.75926 0.0119688 0.0219792
23 0.932586 0.842302 0.0242344 0.0343542
23 0.338469 0.833896 0.0261562 0.02975
23 0.3235 0.891708 0.03075 0.0365417
23 0.935336 0.868729 0.0179844 0.0256667
23 0.355078 0.778104 0.0224688 0.0344583
23 0.260039 0.885292 0.0205781 0.02975
23 0.849375 0.848 0.0244375 0.0322917
23 0.327602 0.814698 0.0182969 0.0243958
23 0.841828 0.826177 0.0172813 0.0246875
23 0.311047 0.803042 0.0225 0.0265
23 0.868008 0.774052 0.0214531 0.0267708
23 0.29107 0.871198 0.0333281 0.0395625
23 0.928727 0.889844 0.0316406 0.0426042
23 0.273922 0.812698 0.0338437 0.0423125
23 0.29668 0.85274 0.0182656 0.0158958
23 0.389969 0.768302 0.019125 0.0236458
23 0.333711 0.75826 0.0134844 0.0173125
23 0.385172 0.85551 0.0186562 0.0330625
23 0.307211 0.760563 0.0188594 0.0282083
23 0.370039 0.771958 0.0167344 0.0244583
0 0.911328 0.608792 0.0775312 0.110292
0 0.377758 0.612375 0.0762969 0.136792
0 0.326297 0.610437 0.0585625 0.136
0 0.861703 0.576271 0.0261562 0.039625
0 0.85132 0.583052 0.0914844 0.150521
5 0.360008 0.578042 0.0202344 0.0513333
5 0.867914 0.597573 0.0392344 0.0792292
5 0.848656 0.583865 0.086875 0.150396
5 0.378102 0.612104 0.0768594 0.136042
5 0.910398 0.60851 0.0765469 0.110521
5 0.326766 0.609969 0.0588437 0.136188
