4 0.945648 0.586262 0.108703 0.218373
4 0.261188 0.389729 0.338844 0.527099
4 0.918414 0.803243 0.163172 0.393514
4 0.0523125 0.675318 0.104625 0.204363
4 0.408625 0.843903 0.418687 0.304269
4 0.735516 0.268491 0.249406 0.42316
4 0.108375 0.758101 0.098625 0.322712
4 0.586852 0.4973 0.276109 0.498561
4 0.87893 0.400224 0.0516094 0.24875
4 0.847719 0.348137 0.0695313 0.165519
4 0.982758 0.251238 0.0344844 0.0682311
4 0.960516 0.334387 0.0760312 0.201368
4 0.0229609 0.91763 0.0459219 0.164741
4 0.867633 0.531899 0.0717344 0.0646934
4 0.493828 0.51592 0.268344 0.556085
4 0.0192891 0.846462 0.0341406 0.0662736
4 0.8605 0.126816 0.0984688 0.253632
4 0.679344 0.454316 0.262313 0.420425
4 0.678891 0.104717 0.0680313 0.0724057
4 0.952203 0.720236 0.0955938 0.246179
4 0.24175 0.884646 0.168281 0.230708
4 0.943945 0.421875 0.106266 0.312476
4 0.12657 0.866002 0.161266 0.267995
4 0.33532 0.86487 0.306797 0.270259
4 0.165875 0.881851 0.0520625 0.184929
4 0.740641 0.827099 0.177844 0.345802
4 0.843719 0.817476 0.212594 0.365047
4 0.321062 0.465224 0.227625 0.565118
4 0.80718 0.136946 0.128266 0.273892
4 0.199938 0.635908 0.0746875 0.0437028
4 0.624391 0.30342 0.162844 0.457311
4 0.375773 0.379693 0.0530156 0.235142
4 0.0429453 0.521486 0.0854531 0.079717
4 0.0401328 0.892075 0.0197969 0.113585
4 0.629617 0.492394 0.240609 0.496297
4 0.073875 0.907229 0.0935312 0.181014
4 0.436727 0.813502 0.457234 0.327476
4 0.341852 0.434634 0.0900469 0.327665
4 0.949758 0.373974 0.0515156 0.187052
4 0.122352 0.737488 0.0434531 0.109741
4 0.50832 0.155259 0.174078 0.223255
4 0.686438 0.3073 0.201344 0.470259
4 0.707914 0.190566 0.0529531 0.164481
4 0.430953 0.317134 0.127125 0.221108
4 0.884141 0.800908 0.209906 0.39658
4 0.916555 0.0441392 0.0327969 0.0854953
4 0.988219 0.571851 0.0215938 0.0854481
4 0.509102 0.085967 0.156516 0.126698
4 0.952039 0.0206604 0.0429844 0.0372642
4 0.76093 0.203432 0.0721094 0.211533
4 0.819203 0.289127 0.115562 0.154623
4 0.0463203 0.611203 0.0926406 0.147075
4 0.541656 0.136486 0.0806562 0.116226
4 0.857359 0.735047 0.112594 0.346085
4 0.639516 0.812064 0.05475 0.135259
