24 0.258953 0.292347 0.028875 0.0330896
24 0.740641 0.573526 0.0190312 0.0430896
24 0.310898 0.262205 0.0293906 0.0343632
24 0.672602 0.57533 0.0473906 0.0610377
24 0.705367 0.583844 0.0227031 0.0325943
24 0.308977 0.195248 0.0219844 0.0210142
24 0.310031 0.234351 0.0160938 0.0238443
24 0.7585 0.559363 0.0253125 0.0392453
24 0.773656 0.610366 0.0345 0.0404481
24 0.336578 0.216108 0.0190625 0.0327358
24 0.280055 0.221226 0.0270156 0.0389623
24 0.776836 0.558632 0.0139531 0.0157075
24 0.272969 0.25362 0.0214062 0.031533
24 0.29875 0.215024 0.0166563 0.0333491
