1 0.838906 0.38 0.0750625 0.0974731
1 0.881789 0.69289 0.0921406 0.154597
1 0.68357 0.429879 0.0717031 0.136317
1 0.953656 0.647043 0.091125 0.120753
1 0.953547 0.773535 0.0929062 0.153038
1 0.0465938 0.785712 0.0931875 0.105941
1 0.245703 0.582755 0.0749688 0.103468
1 0.343484 0.781935 0.10325 0.181828
1 0.451297 0.806935 0.102438 0.157151
1 0.77518 0.434973 0.0796094 0.114462
1 0.783133 0.533454 0.0879844 0.142984
1 0.833055 0.454194 0.0550469 0.122043
1 0.0218438 0.728253 0.0436875 0.0814516
1 0.483203 0.688172 0.0444063 0.0433871
1 0.97468 0.596519 0.0506406 0.103737
1 0.663531 0.530901 0.0730625 0.130887
1 0.771961 0.740887 0.0832031 0.152419
1 0.48825 0.378495 0.0838125 0.0995699
1 0.414695 0.676411 0.0985781 0.168414
1 0.552297 0.348105 0.0797188 0.122661
1 0.810383 0.620282 0.0940781 0.164489
1 0.0154297 0.555484 0.0308594 0.124731
1 0.464 0.630618 0.0619062 0.107634
1 0.904461 0.606237 0.0346406 0.0452688
1 0.695195 0.656089 0.0885469 0.13922
1 0.0690156 0.731734 0.0817812 0.139005
1 0.484805 0.736788 0.0762656 0.0743817
1 0.83743 0.791142 0.0986094 0.101855
1 0.87843 0.460161 0.0456406 0.0679032
1 0.127078 0.624382 0.0881563 0.134086
1 0.404195 0.397218 0.0848594 0.130672
1 0.531445 0.602567 0.0887969 0.134382
1 0.708883 0.764651 0.106422 0.100699
1 0.414469 0.519315 0.0907188 0.151747
1 0.864734 0.589449 0.0564687 0.0816935
1 0.549117 0.807218 0.0958594 0.151317
1 0.720109 0.502648 0.0505938 0.0362634
1 0.516258 0.872984 0.120547 0.16914
1 0.351445 0.486882 0.0630469 0.0869355
1 0.641922 0.364261 0.0404687 0.0455108
1 0.755781 0.388401 0.0761875 0.112446
1 0.571164 0.458078 0.0793906 0.151478
1 0.253133 0.768589 0.0954844 0.162339
1 0.832422 0.52578 0.0294375 0.0551075
1 0.231594 0.669409 0.0675313 0.107366
1 0.891188 0.791237 0.0486875 0.0685484
1 0.792641 0.689704 0.0888437 0.127581
1 0.716578 0.629704 0.0638125 0.102043
1 0.878508 0.534637 0.0752344 0.105887
1 0.718453 0.57375 0.0850937 0.125081
1 0.930203 0.584422 0.0382813 0.031586
1 0.478789 0.330672 0.0757344 0.106774
1 0.0154609 0.647218 0.0262969 0.0740591
1 0.381484 0.864489 0.149281 0.168441
1 0.768563 0.353844 0.0593125 0.0713978
1 0.283633 0.531478 0.0439219 0.0462903
1 0.177141 0.534207 0.0725937 0.12879
1 0.885094 0.441868 0.0319688 0.0514247
1 0.622055 0.433737 0.0682344 0.140269
1 0.244219 0.902997 0.125312 0.12336
1 0.618641 0.574247 0.0945938 0.13328
1 0.544805 0.681062 0.0852969 0.146263
1 0.0299375 0.625874 0.0244375 0.0409946
