0 0.377023 0.304859 0.0217031 0.0210625
0 0.27425 0.343023 0.0223125 0.0213906
0 0.561602 0.122883 0.00757812 0.0118594
0 0.446586 0.18075 0.0218906 0.0223125
0 0.68525 0.0571406 0.02025 0.0210625
0 0.935289 0.240063 0.0193281 0.0215625
0 0.0264609 0.10225 0.0212656 0.0255625
0 0.577281 0.161914 0.014875 0.0165156
0 0.824563 0.123695 0.0256563 0.0254531
0 0.334125 0.0302422 0.022 0.0228594
0 0.171094 0.14393 0.0242812 0.0217031
0 0.312148 0.226953 0.0267031 0.0237813
0 0.736781 0.391047 0.01075 0.0155312
0 0.177594 0.417547 0.01225 0.018375
0 0.753367 0.389734 0.0172031 0.0174687
0 0.666289 0.0648984 0.0194219 0.0207969
0 0.930328 0.303023 0.0198125 0.0118906
0 0.99132 0.232375 0.0173594 0.0143437
0 0.127977 0.221148 0.0253594 0.0210781
0 0.372188 0.338094 0.0184687 0.0165
0 0.355187 0.338172 0.015125 0.016625
0 0.905555 0.385586 0.0184531 0.0143906
0 0.573453 0.119609 0.0162188 0.0120938
0 0.143164 0.0468047 0.0234844 0.0232344
0 0.473281 0.346164 0.0469375 0.0294219
0 0.256406 0.319867 0.0117813 0.0147344
0 0.312977 0.0222187 0.0233594 0.0244062
