6 0.630875 0.375 0.0489375 0.0783841
6 0.66257 0.302974 0.0392344 0.0681499
6 0.649711 0.493583 0.0497344 0.0471194
6 0.576813 0.349953 0.0443125 0.0785012
6 0.77718 0.533817 0.0631406 0.0703981
6 0.717437 0.602857 0.0512188 0.0593911
6 0.582578 0.44192 0.0554687 0.0647307
6 0.74668 0.494028 0.0430781 0.0711944
6 0.85843 0.535515 0.0494844 0.0611007
6 0.816508 0.563056 0.0302969 0.0601639
6 0.614359 0.261077 0.0218438 0.0269789
6 0.745133 0.573021 0.0238906 0.0555504
6 0.84318 0.571089 0.0320156 0.0486417
6 0.863211 0.368185 0.0324219 0.0585714
6 0.704805 0.211581 0.0534844 0.0365574
6 0.734266 0.185913 0.0470938 0.0588056
6 0.591516 0.391019 0.0371563 0.053466
6 0.706906 0.318759 0.0515938 0.051897
6 0.807242 0.261616 0.0357344 0.049274
6 0.651953 0.222611 0.0489062 0.0469555
6 0.813547 0.41589 0.0330312 0.0864403
6 0.750672 0.311089 0.0394375 0.0724824
6 0.609961 0.574555 0.0483906 0.0581967
6 0.83482 0.448021 0.0447344 0.0532787
6 0.798562 0.491393 0.0539687 0.0724356
6 0.87282 0.41 0.0412969 0.0690867
6 0.573766 0.505094 0.0630938 0.0855035
6 0.847344 0.3274 0.0333437 0.0545667
6 0.623414 0.535738 0.0365156 0.0680562
6 0.59793 0.28733 0.0388281 0.0486183
6 0.704 0.262646 0.0508125 0.0637002
6 0.641336 0.527986 0.0212656 0.046089
6 0.838484 0.501218 0.03675 0.0846838
6 0.726383 0.545984 0.0371094 0.0825527
6 0.783125 0.387471 0.0524687 0.0512881
6 0.74318 0.253443 0.0435781 0.0666042
6 0.775711 0.32445 0.0516094 0.0820609
6 0.673219 0.253173 0.0445313 0.0568384
6 0.840453 0.304192 0.0289063 0.0621546
6 0.691438 0.594918 0.0460313 0.0698361
6 0.638711 0.25596 0.0367656 0.034918
6 0.665875 0.355176 0.0342812 0.0474005
6 0.818508 0.307295 0.0451406 0.0696721
6 0.775914 0.588806 0.0531719 0.0483841
6 0.636758 0.455796 0.0578594 0.0683138
6 0.784273 0.35466 0.0492031 0.0422014
6 0.631648 0.295258 0.0384531 0.0625995
6 0.603508 0.332096 0.0363594 0.0501874
6 0.650445 0.59096 0.0340469 0.0618267
6 0.544125 0.467155 0.0203125 0.0676581
6 0.871312 0.475913 0.0465 0.0766511
6 0.769664 0.202763 0.0419219 0.0659953
6 0.828406 0.380012 0.0450938 0.0779625
6 0.61118 0.493326 0.0353594 0.0713817
6 0.778844 0.253419 0.0372188 0.0643091
6 0.656234 0.440984 0.0423437 0.0703044
6 0.674039 0.544614 0.0572031 0.0687588
6 0.778641 0.43185 0.0516875 0.0659953
6 0.695641 0.518653 0.039625 0.0845667
