22 0.755172 0.847304 0.089232 0.0648693
22 0.931266 0.866275 0.0603105 0.0716993
22 0.590989 0.879216 0.0810294 0.0692157
22 0.364338 0.357819 0.0205065 0.0171732
22 0.608554 0.444894 0.0182843 0.0257026
22 0.439003 0.310188 0.0227451 0.0235458
22 0.390237 0.428333 0.0505065 0.0464052
22 0.53902 0.323072 0.0256536 0.0364052
22 0.493015 0.460637 0.0541013 0.0547059
6 0.360637 0.380172 0.013268 0.0148203
6 0.492549 0.445882 0.0302614 0.0237908
6 0.415441 0.319518 0.0184641 0.019232
6 0.425752 0.327949 0.0171895 0.0210294
6 0.403317 0.437304 0.0243464 0.0253922
6 0.538889 0.318709 0.0242484 0.0246405
6 0.754869 0.847132 0.0894118 0.0621405
6 0.615498 0.337696 0.0235784 0.0266667
6 0.672704 0.393309 0.0211601 0.0234477
6 0.931732 0.864028 0.0610131 0.0730882
6 0.633905 0.333007 0.0281046 0.0251307
6 0.387966 0.370327 0.0156699 0.0214379
6 0.590221 0.878145 0.0808333 0.0723039
6 0.684608 0.383766 0.0188235 0.020768
6 0.382745 0.436797 0.0233333 0.0182026
6 0.438766 0.310768 0.0221732 0.0253268
6 0.485319 0.464191 0.0376961 0.0314216
6 0.6204 0.453538 0.0279902 0.0255719
