8 0.706781 0.21326 0.0100938 0.0176042
8 0.825461 0.295885 0.0167031 0.0284792
8 0.812953 0.298344 0.0179687 0.0154375
8 0.944578 0.537125 0.02925 0.0415
8 0.768508 0.415729 0.0243281 0.0275
8 0.251328 0.616344 0.0349062 0.0616458
8 0.714211 0.255198 0.0329844 0.0161458
8 0.781406 0.272729 0.0304687 0.0189167
8 0.823359 0.26449 0.019125 0.0161458
8 0.862344 0.418656 0.0382188 0.0465625
8 0.945844 0.446917 0.0387813 0.0297083
8 0.819383 0.237719 0.0202344 0.0098125
8 0.761094 0.449177 0.0522813 0.0388542
8 0.798242 0.326219 0.0345156 0.0181875
8 0.170594 0.739802 0.020875 0.0267292
8 0.922688 0.390615 0.0393125 0.0214792
8 0.787297 0.484625 0.06675 0.0161667
8 0.898328 0.42124 0.0337187 0.0198958
8 0.801383 0.30151 0.0159219 0.0129375
8 0.84075 0.37025 0.0409062 0.0126667
8 0.739469 0.266281 0.0379688 0.0109792
8 0.769078 0.221344 0.0154375 0.0247708
8 0.4215 0.839948 0.0240313 0.0438125
8 0.956031 0.386094 0.0320625 0.0258958
8 0.752047 0.217813 0.0143437 0.028875
8 0.305117 0.787927 0.0735156 0.0822292
8 0.700883 0.242313 0.0245156 0.008375
8 0.915281 0.310417 0.0235313 0.0254583
8 0.811383 0.50599 0.0508906 0.0266042
8 0.807438 0.34499 0.0408125 0.0278542
8 0.423086 0.909854 0.0651094 0.0879167
8 0.146641 0.655854 0.0351875 0.031625
8 0.979953 0.355875 0.0248438 0.0295
8 0.164477 0.605552 0.0284844 0.0406458
8 0.88043 0.388354 0.0400469 0.0168333
