1 0.150443 0.585078 0.230222 0.222187
23 0.462801 0.800242 0.0427215 0.0414219
23 0.560372 0.750133 0.0501741 0.0532031
23 0.485158 0.883148 0.0747152 0.0663281
23 0.525119 0.770555 0.0594462 0.0507969
23 0.458853 0.844695 0.0679272 0.0555781
23 0.613378 0.886664 0.0596361 0.0569219
23 0.631036 0.764016 0.0514715 0.0619062
23 0.499723 0.814227 0.0714399 0.0617969
23 0.64697 0.842633 0.0565032 0.0637031
23 0.594509 0.84682 0.0599684 0.0480156
23 0.542492 0.857219 0.0634968 0.05725
23 0.683544 0.781367 0.0661709 0.0575156
23 0.605222 0.75132 0.0432595 0.0500781
23 0.565918 0.804789 0.0524684 0.0556406
23 0.610451 0.809875 0.0478006 0.0587188
23 0.668204 0.888805 0.0534019 0.0476719
4 0.536922 0.536016 0.326503 0.509906
4 0.328726 0.556656 0.463972 0.603406
4 0.576978 0.286383 0.127152 0.0653906
4 0.606748 0.356391 0.17356 0.148469
4 0.277698 0.556023 0.36856 0.431641
