10 0.743836 0.215781 0.00907812 0.0109375
10 0.827344 0.378073 0.019625 0.0258958
10 0.85475 0.426052 0.0273125 0.0222708
10 0.707953 0.228937 0.0285625 0.0255833
10 0.85457 0.35425 0.0188281 0.021625
10 0.799664 0.369927 0.0177031 0.0226458
10 0.816305 0.385187 0.0163281 0.0132917
10 0.858633 0.411604 0.0133906 0.016875
10 0.795562 0.272437 0.0232812 0.01975
10 0.671547 0.242 0.0157188 0.024875
10 0.848656 0.282094 0.0348125 0.0441042
10 0.842961 0.266542 0.0103906 0.0161667
10 0.78768 0.304229 0.0190469 0.02025
10 0.792125 0.352406 0.017125 0.0225625
10 0.839656 0.318469 0.0125 0.0174375
10 0.807609 0.298813 0.0238438 0.0205417
10 0.724742 0.258219 0.0207344 0.0238125
10 0.833031 0.413833 0.0203125 0.0207083
10 0.863172 0.398646 0.019625 0.0315417
10 0.848922 0.361542 0.0138437 0.0261667
10 0.689336 0.234323 0.0214219 0.0159792
4 0.454805 0.434458 0.116016 0.071875
4 0.84825 0.47201 0.0138125 0.0166458
4 0.517406 0.329021 0.0446562 0.0587083
4 0.951914 0.485125 0.0194219 0.0579583
4 0.200805 0.675927 0.152922 0.110688
4 0.819648 0.762531 0.0426719 0.0816875
4 0.796414 0.502219 0.0716719 0.0922708
4 0.894781 0.427438 0.0718125 0.02
4 0.650344 0.707781 0.0527813 0.113229
4 0.547719 0.86699 0.174875 0.225771
4 0.811492 0.616635 0.108641 0.123438
4 0.620062 0.62274 0.0494687 0.0894792
4 0.817 0.485302 0.087125 0.125896
4 0.815266 0.541271 0.0571875 0.105875
4 0.897602 0.54151 0.0360156 0.0595625
4 0.559703 0.398198 0.0234688 0.0610208
4 0.283969 0.931302 0.137719 0.130687
4 0.747133 0.84776 0.0997344 0.168854
4 0.620523 0.495479 0.0710469 0.0748333
4 0.216594 0.510448 0.0635625 0.0777292
4 0.21357 0.929458 0.0896094 0.121042
4 0.835039 0.600385 0.120578 0.104354
4 0.27457 0.956208 0.155766 0.0871667
4 0.543828 0.38675 0.0407187 0.0488333
4 0.425086 0.530625 0.0920781 0.088875
4 0.509992 0.386406 0.0821094 0.106146
4 0.548852 0.495406 0.0773594 0.0601042
4 0.899484 0.457573 0.0672188 0.0281042
4 0.710797 0.651479 0.04475 0.0829167
4 0.553406 0.343083 0.0227187 0.102625
4 0.36918 0.397875 0.117672 0.113417
4 0.406781 0.394781 0.0349687 0.0182708
4 0.690789 0.567656 0.0845469 0.0496875
4 0.715977 0.747177 0.0379531 0.121938
4 0.671203 0.702052 0.0579375 0.139104
4 0.566969 0.56599 0.0975938 0.0621042
4 0.461258 0.491281 0.156016 0.0865625
4 0.450273 0.366156 0.0253906 0.0671875
4 0.801609 0.684292 0.143937 0.143042
4 0.821977 0.44 0.0369219 0.02925
4 0.573102 0.334927 0.0543594 0.0973542
4 0.814602 0.576531 0.0792344 0.0689792
4 0.103523 0.731104 0.148516 0.187083
4 0.565531 0.6245 0.147906 0.17075
4 0.82768 0.617104 0.110078 0.127375
4 0.278273 0.517833 0.0295156 0.0618333
4 0.545141 0.344135 0.0155312 0.0653958
4 0.573914 0.620708 0.0593906 0.0512083
4 0.66643 0.62525 0.0681094 0.0626667
4 0.0740703 0.7365 0.147266 0.21675
4 0.917172 0.472937 0.0504687 0.0462917
4 0.48118 0.624542 0.0837969 0.157
4 0.51293 0.361875 0.0748281 0.0413333
4 0.899258 0.565021 0.0372656 0.0569583
4 0.864953 0.573542 0.0424062 0.041
4 0.904445 0.465156 0.0639219 0.0375625
4 0.594117 0.451156 0.0469219 0.0376875
4 0.128547 0.719188 0.165219 0.161417
4 0.376305 0.448927 0.0322344 0.0436458
4 0.232602 0.712917 0.149922 0.136292
4 0.445266 0.636854 0.089375 0.203333
4 0.919984 0.54975 0.0101875 0.0333333
4 0.737711 0.827125 0.0700469 0.133167
4 0.526773 0.519615 0.0510781 0.0541042
4 0.482477 0.587031 0.0297969 0.0755208
4 0.165508 0.412948 0.0279531 0.0508125
4 0.718008 0.517417 0.0628281 0.109
4 0.566141 0.348615 0.0381875 0.0967292
4 0.509219 0.368594 0.072125 0.0592292
4 0.522547 0.965677 0.0926875 0.0686458
4 0.745609 0.516281 0.0565312 0.120271
4 0.598672 0.460021 0.108281 0.0865417
4 0.541047 0.453969 0.0315312 0.0274375
4 0.209328 0.392219 0.0401875 0.0825625
4 0.840609 0.44224 0.0353438 0.0438542
4 0.923258 0.578448 0.0346094 0.0307708
4 0.313883 0.96551 0.0722344 0.0670208
4 0.587008 0.830125 0.161922 0.176667
4 0.864211 0.481625 0.0187031 0.021375
