23 0.226398 0.251224 0.0256719 0.0370824
23 0.334172 0.203165 0.0260625 0.0412941
23 0.691273 0.170718 0.0167031 0.0241176
23 0.750773 0.199235 0.0310156 0.0328235
23 0.252031 0.268059 0.0233437 0.0361647
23 0.691 0.276318 0.0187187 0.022
23 0.718969 0.146694 0.0264062 0.0305176
23 0.356063 0.213529 0.0193125 0.0248471
23 0.283531 0.163376 0.0233437 0.0304235
23 0.698484 0.163329 0.0146563 0.0195059
23 0.249336 0.202706 0.0171094 0.0190588
23 0.301641 0.203224 0.017375 0.0243765
23 0.678852 0.189365 0.0149531 0.0192
23 0.278313 0.192906 0.0180625 0.0289647
23 0.33457 0.229447 0.0244531 0.0243059
23 0.74682 0.278812 0.0178281 0.0204471
23 0.296266 0.178424 0.0247188 0.0312
23 0.287812 0.231529 0.0209063 0.0235294
23 0.310156 0.222306 0.0235 0.0256471
23 0.724609 0.222329 0.0261562 0.0264941
23 0.253141 0.218565 0.0146563 0.0233412
23 0.242086 0.191494 0.0189219 0.0259059
23 0.306516 0.2762 0.0190937 0.0236
23 0.268266 0.230859 0.016125 0.0232235
23 0.659508 0.150071 0.0148281 0.0202824
23 0.275789 0.180329 0.0149844 0.0177412
23 0.319937 0.197012 0.0105625 0.0161412
23 0.351273 0.174871 0.0205781 0.0264
23 0.677063 0.239141 0.020875 0.0287294
23 0.726367 0.252459 0.0256406 0.0347529
23 0.281367 0.218694 0.0172344 0.0277882
23 0.264945 0.205259 0.0197031 0.0272706
7 0.643625 0.186165 0.0158125 0.0233882
7 0.364336 0.229329 0.0170469 0.0228471
7 0.231937 0.210353 0.018125 0.0293647
7 0.67193 0.217118 0.0201094 0.0187059
7 0.242414 0.192282 0.0185781 0.0261647
7 0.673656 0.163553 0.020375 0.0208941
7 0.277641 0.243812 0.0134062 0.0215059
7 0.677578 0.239259 0.02075 0.0257647
7 0.68143 0.140353 0.0197656 0.0202824
7 0.306664 0.274906 0.0187344 0.0225647
7 0.644633 0.160988 0.0176406 0.0227765
7 0.691328 0.169329 0.0169375 0.0262353
7 0.253211 0.218188 0.0162656 0.0221647
7 0.288031 0.231071 0.0212188 0.0231765
7 0.659711 0.150894 0.0155156 0.0226353
7 0.310492 0.254635 0.0225781 0.0244235
7 0.669266 0.200812 0.0171563 0.0231765
7 0.308797 0.163059 0.0153437 0.0171765
7 0.734578 0.181024 0.0190937 0.0276941
7 0.727219 0.199518 0.0158125 0.0185176
7 0.747148 0.278247 0.0177031 0.0210118
7 0.779539 0.219353 0.0206094 0.0248706
7 0.725906 0.252871 0.0261875 0.0355765
7 0.296102 0.177906 0.0240156 0.0302588
7 0.726656 0.174435 0.0175 0.0256706
7 0.301445 0.204188 0.0182344 0.0279529
7 0.258227 0.181341 0.0173594 0.0272471
7 0.350898 0.174906 0.0205781 0.0269882
7 0.278625 0.191482 0.01825 0.0332235
7 0.688937 0.278706 0.0139687 0.0164235
7 0.24618 0.247553 0.0167656 0.0246118
7 0.283641 0.163741 0.0233125 0.0297882
7 0.33507 0.229929 0.0234844 0.0220235
7 0.65207 0.205612 0.0166719 0.0190353
7 0.746125 0.212659 0.017875 0.0245647
7 0.281719 0.218765 0.0165 0.0261412
7 0.694922 0.195071 0.0199375 0.0264235
