0 0.5324 0.349891 0.0673263 0.0496875
0 0.741232 0.432906 0.0700842 0.062875
0 0.672705 0.531039 0.0652842 0.0441406
0 0.679032 0.489648 0.0758316 0.0502656
0 0.556632 0.389344 0.0521263 0.0455313
0 0.445758 0.107125 0.0230105 0.027
0 0.568747 0.500477 0.0306737 0.0325469
0 0.616811 0.502805 0.0732 0.0557656
0 0.483189 0.800797 0.0801053 0.0501875
0 0.194705 0.431867 0.0212 0.0312969
0 0.354126 0.128156 0.0360842 0.041375
0 0.411705 0.285344 0.0642526 0.0397813
0 0.581242 0.336727 0.0453895 0.0373594
0 0.535716 0.298414 0.0681474 0.0520469
0 0.433442 0.200016 0.0516421 0.032125
0 0.286411 0.505195 0.0562316 0.0452031
0 0.667389 0.453977 0.0362947 0.0337656
0 0.532916 0.484305 0.0452842 0.0341094
0 0.360874 0.0884219 0.038 0.0331562
0 0.401221 0.858344 0.0404632 0.0416562
0 0.224537 0.493234 0.0563158 0.0326875
0 0.465884 0.347172 0.0563158 0.0435313
0 0.616589 0.549391 0.0694737 0.0455313
0 0.397495 0.142266 0.0621053 0.0443438
0 0.276084 0.440477 0.0470737 0.0287344
0 0.419453 0.432836 0.0293053 0.0222656
0 0.458274 0.510977 0.0410947 0.0331406
0 0.440968 0.798984 0.0637053 0.0529375
