4 0.492836 0.6674 0.0137969 0.0823419
4 0.511125 0.64493 0.020375 0.0492037
4 0.854719 0.123876 0.0409375 0.142927
4 0.614938 0.697459 0.02325 0.0792272
4 0.645742 0.72103 0.0386406 0.0605152
4 0.544922 0.64808 0.0249688 0.0448712
4 0.503664 0.652646 0.0211094 0.0835129
4 0.584937 0.722951 0.109375 0.130023
4 0.280273 0.74034 0.0329219 0.152201
4 0.374336 0.764379 0.0747344 0.148759
4 0.769617 0.287096 0.0436719 0.0916628
4 0.477031 0.68507 0.03325 0.12466
4 0.611602 0.122237 0.0466406 0.176979
4 0.46875 0.649215 0.0405 0.0701874
4 0.699109 0.333911 0.109312 0.184309
4 0.505273 0.151159 0.0410469 0.0981967
4 0.393633 0.645234 0.0202969 0.0416628
4 0.30418 0.68596 0.0235469 0.051733
4 0.228594 0.67418 0.0274375 0.112295
4 0.491219 0.747916 0.103625 0.149087
4 0.214781 0.696838 0.0564375 0.144356
4 0.544969 0.736721 0.09475 0.136674
4 0.754352 0.33445 0.132297 0.183091
4 0.170281 0.778724 0.0184687 0.0446136
4 0.201687 0.751347 0.0661562 0.101522
4 0.565648 0.677178 0.0482344 0.0564169
4 0.432688 0.761241 0.08225 0.169415
4 0.652984 0.288876 0.0144687 0.0764871
4 0.658813 0.751171 0.0139375 0.0280562
4 0.458242 0.762822 0.0767969 0.153326
4 0.477891 0.114274 0.0965 0.143302
4 0.238586 0.685667 0.0287031 0.102529
4 0.594203 0.694859 0.014375 0.0692506
4 0.503328 0.732295 0.030625 0.0837002
4 0.390867 0.738466 0.0216719 0.0905621
4 0.258859 0.736557 0.034625 0.149274
4 0.892531 0.297108 0.138094 0.257026
4 0.933688 0.151358 0.0374375 0.132881
4 0.602695 0.714719 0.0813906 0.118712
4 0.346258 0.117752 0.0374219 0.123607
4 0.658188 0.106335 0.0542188 0.143349
4 0.550781 0.13185 0.0265 0.0681967
4 0.33907 0.0629742 0.0300781 0.057377
4 0.318852 0.646557 0.0282344 0.0661358
4 0.7505 0.149778 0.0442813 0.145972
4 0.774312 0.127564 0.0912188 0.18918
4 0.254758 0.656323 0.0163281 0.0584075
4 0.510836 0.760316 0.114703 0.147237
4 0.34407 0.748044 0.0751094 0.157166
4 0.632898 0.724778 0.0734531 0.134052
4 0.414617 0.0879508 0.116109 0.111218
4 0.880391 0.0709133 0.0928438 0.0742857
4 0.56382 0.16808 0.0522344 0.100141
4 0.647844 0.333033 0.02575 0.183724
4 0.392437 0.764707 0.0559687 0.14281
4 0.582789 0.128396 0.0423594 0.180585
4 0.339586 0.666487 0.0599219 0.0613583
4 0.957961 0.0972365 0.0489844 0.126136
4 0.211898 0.721522 0.0676094 0.0961124
4 0.790703 0.110913 0.0674687 0.160562
4 0.37175 0.240785 0.0963125 0.132389
4 0.475852 0.337998 0.0607344 0.176651
4 0.823859 0.33377 0.073 0.18459
4 0.409031 0.333864 0.135813 0.184871
4 0.449383 0.74466 0.0309844 0.106698
4 0.302547 0.745386 0.0349062 0.169133
4 0.5225 0.64445 0.0219375 0.0733021
4 0.415281 0.380012 0.0393437 0.0938407
4 0.411508 0.18226 0.0610781 0.0248009
