4 0.135602 0.493296 0.0638594 0.0787901
4 0.0904297 0.579 0.0656406 0.0901975
4 0.0468047 0.547321 0.0703594 0.0825432
4 0.0171484 0.379321 0.0342969 0.046
5 0.387102 0.504296 0.0353281 0.0366914
5 0.376414 0.518346 0.0301406 0.0202469
5 0.535289 0.537432 0.0331094 0.0273086
5 0.778344 0.499654 0.04 0.0228642
5 0.387672 0.523457 0.0280938 0.0225679
5 0.464852 0.525864 0.0429531 0.0468395
5 0.353844 0.496259 0.0325 0.0264444
5 0.339469 0.521494 0.0311875 0.0265432
5 0.585641 0.490963 0.030375 0.0508148
5 0.435906 0.519358 0.019 0.0192099
5 0.602078 0.515938 0.0350312 0.0435309
5 0.715148 0.486728 0.0410156 0.0507407
5 0.683516 0.493617 0.0445625 0.0318272
5 0.486055 0.510062 0.0321094 0.0301481
5 0.632898 0.480519 0.0295781 0.021037
5 0.506437 0.529926 0.0385937 0.0374815
5 0.736523 0.50479 0.0454531 0.0305185
5 0.513469 0.539358 0.0269375 0.0151111
5 0.602812 0.497765 0.0334375 0.0261481
5 0.419273 0.525642 0.0427031 0.0230864
5 0.354578 0.515321 0.02425 0.0224444
5 0.654516 0.483901 0.0306875 0.0256296
5 0.635148 0.507309 0.0420469 0.0505185
5 0.608547 0.48658 0.0311875 0.0159753
5 0.318281 0.524012 0.00775 0.0115802
5 0.327594 0.519235 0.0115312 0.0169383
4 0.453258 0.67021 0.110078 0.149407
4 0.7175 0.730198 0.0930625 0.26558
4 0.626344 0.725333 0.105531 0.232691
4 0.643352 0.743037 0.0837344 0.235111
4 0.551898 0.720728 0.128703 0.118099
4 0.457094 0.649272 0.0937813 0.124815
4 0.667875 0.741543 0.0923438 0.254395
4 0.317992 0.649654 0.156734 0.158815
4 0.527562 0.702025 0.146437 0.0807901
4 0.480109 0.609025 0.0404375 0.102049
4 0.445367 0.627815 0.0548594 0.128469
4 0.58707 0.737938 0.114422 0.15084
4 0.502453 0.69884 0.12725 0.161086
4 0.578766 0.654593 0.029875 0.0728889
4 0.364398 0.665284 0.122609 0.185284
