8 0.563462 0.764758 0.0995607 0.0702031
8 0.589801 0.841094 0.0373849 0.0572187
8 0.333776 0.634922 0.0531172 0.056375
8 0.315178 0.725656 0.0534937 0.0378437
8 0.392709 0.971414 0.0827406 0.0453906
8 0.283849 0.737578 0.0500418 0.041
8 0.238745 0.673203 0.0837657 0.0561562
8 0.489686 0.684625 0.0422176 0.0628125
8 0.597657 0.981313 0.0464854 0.037375
8 0.571485 0.944414 0.104979 0.0608594
8 0.249958 0.641484 0.0579079 0.0372188
8 0.287458 0.607242 0.0460042 0.0422969
8 0.285785 0.700305 0.0477197 0.0358906
8 0.328766 0.784227 0.0415481 0.0633281
8 0.283316 0.653031 0.0595607 0.058
8 0.546015 0.983078 0.0841213 0.0338437
8 0.420429 0.625797 0.0425732 0.0264062
8 0.40022 0.60318 0.040523 0.0307656
8 0.36523 0.722687 0.04841 0.0412813
8 0.262364 0.708937 0.0282845 0.0295625
8 0.531213 0.835766 0.0988703 0.172563
8 0.319069 0.688203 0.0549163 0.0440938
8 0.586046 0.890102 0.0523013 0.0504219
8 0.290094 0.726039 0.0155021 0.0175156
8 0.647082 0.94 0.0765481 0.0471875
8 0.265251 0.619742 0.0559414 0.0410156
8 0.531046 0.700773 0.0480753 0.0707656
