23 0.0579167 0.387062 0.100042 0.072375
23 0.37851 0.560852 0.123771 0.0897969
23 0.427667 0.355219 0.106875 0.0787812
23 0.404865 0.636852 0.0907292 0.0655781
23 0.170906 0.354281 0.0760208 0.0701875
23 0.529563 0.235609 0.0785833 0.0416875
23 0.58624 0.817102 0.0967708 0.0777031
23 0.529969 0.263156 0.0857708 0.0513438
23 0.522385 0.357375 0.105271 0.075375
23 0.352385 0.476305 0.147021 0.0941406
23 0.529042 0.603359 0.126375 0.0947812
23 0.814927 0.315297 0.121146 0.0895
23 0.268969 0.309344 0.116271 0.0752188
23 0.468927 0.299508 0.0961458 0.0744531
23 0.0971354 0.362438 0.0967292 0.0704063
23 0.416646 0.801531 0.0764167 0.075
23 0.0328542 0.451664 0.0657083 0.0669219
23 0.586281 0.193469 0.0978958 0.08025
23 0.257406 0.455641 0.104354 0.0744375
23 0.206729 0.292687 0.0806667 0.07
23 0.718708 0.303391 0.0919167 0.0775312
23 0.483938 0.539281 0.107 0.0707812
23 0.155802 0.769898 0.128271 0.0931719
23 0.735062 0.371289 0.106875 0.0699844
23 0.48025 0.464664 0.111458 0.0958906
23 0.378031 0.405953 0.105896 0.0697187
23 0.373667 0.30993 0.106667 0.0669219
23 0.393729 0.714109 0.118292 0.0912813
23 0.191062 0.512305 0.110375 0.0805469
23 0.521594 0.793812 0.0908542 0.0765938
23 0.318531 0.349453 0.0998958 0.0662188
23 0.425115 0.447742 0.0363542 0.0347031
23 0.562969 0.30568 0.114521 0.0906719
4 0.120646 0.44082 0.184625 0.132828
4 0.281667 0.611078 0.199667 0.235906
4 0.630833 0.287438 0.133083 0.158875
4 0.147885 0.238148 0.177187 0.198516
4 0.332187 0.247664 0.311458 0.106859
4 0.316312 0.382477 0.268292 0.111359
4 0.0987292 0.565641 0.196542 0.147187
4 0.0935729 0.657523 0.184812 0.170141
4 0.592667 0.689211 0.336083 0.207203
4 0.563177 0.410555 0.219646 0.167672
4 0.703156 0.53957 0.244229 0.223641
