0 0.233805 0.962942 0.0882656 0.0741164
0 0.702508 0.0512058 0.0501406 0.0557588
0 0.256164 0.281372 0.0956094 0.113306
0 0.54025 0.382204 0.0539375 0.0857796
0 0.456766 0.539231 0.071625 0.0989605
0 0.376547 0.597287 0.0750938 0.093659
0 0.19325 0.582817 0.077125 0.111289
0 0.442977 0.204626 0.0750156 0.0983576
0 0.0583594 0.514854 0.025875 0.0682536
0 0.146906 0.443087 0.079625 0.100644
0 0.445586 0.363742 0.0316719 0.0617879
0 0.0757812 0.440811 0.0645312 0.0925988
0 0.0881719 0.140114 0.0785312 0.106965
0 0.533852 0.367173 0.0448906 0.0809563
0 0.552469 0.556902 0.0562187 0.078711
0 0.774211 0.211372 0.0549844 0.0824948
0 0.278242 0.0828482 0.0907969 0.115551
0 0.776547 0.4829 0.0606563 0.0870894
0 0.700063 0.107422 0.0460313 0.0839501
0 0.57057 0.955478 0.0704844 0.0880873
0 0.72082 0.455 0.0544844 0.0638462
0 0.717469 0.288981 0.0379375 0.0476923
0 0.175383 0.988264 0.0659844 0.0234719
0 0.483766 0.396081 0.0690313 0.112994
0 0.42557 0.968462 0.0676719 0.0622453
0 0.59657 0.919428 0.0927969 0.0746154
0 0.487273 0.76236 0.0708594 0.0635967
0 0.396156 0.166455 0.0619687 0.100395
0 0.536164 0.205728 0.0607031 0.0814761
0 0.03225 0.881216 0.0577187 0.0709563
0 0.554953 0.293326 0.0731563 0.0923077
0 0.174898 0.803597 0.0808594 0.144615
0 0.506781 0.975249 0.0594688 0.049501
