8 0.45493 0.711819 0.0870156 0.112559
8 0.319148 0.542371 0.0831719 0.109296
8 0.200641 0.669354 0.112906 0.14007
8 0.501344 0.606514 0.108219 0.222606
8 0.444664 0.605317 0.0407031 0.10331
8 0.724453 0.346385 0.141469 0.123521
8 0.291945 0.615352 0.107484 0.166667
8 0.277328 0.862254 0.128062 0.0661972
8 0.552492 0.704049 0.0610781 0.109038
22 0.792094 0.555446 0.0655937 0.0748357
22 0.596438 0.467958 0.103688 0.207418
22 0.829633 0.459178 0.110203 0.186385
5 0.64675 0.287676 0.112406 0.191643
5 0.649328 0.39331 0.0484375 0.109812
5 0.84643 0.405223 0.110328 0.153732
5 0.565695 0.304707 0.0936719 0.192042
5 0.803672 0.289601 0.087875 0.100986
7 0.724625 0.351115 0.145187 0.128897
7 0.711562 0.469038 0.136563 0.144789
7 0.698461 0.598967 0.144203 0.155258
