4 0.721141 0.572438 0.0334688 0.0535833
4 0.626969 0.700333 0.0369688 0.0492917
4 0.61982 0.687187 0.0480469 0.0435417
4 0.551312 0.682615 0.0556562 0.0511042
4 0.739477 0.815125 0.0344219 0.09025
4 0.74268 0.548948 0.0147969 0.0287708
4 0.657625 0.528198 0.0475 0.0744792
4 0.730242 0.819573 0.0238594 0.0871875
4 0.751672 0.761375 0.0488125 0.03175
4 0.567844 0.751771 0.0671875 0.032375
4 0.580094 0.780729 0.060875 0.03875
4 0.780961 0.692052 0.0294219 0.0774375
4 0.775914 0.637875 0.0587031 0.039625
4 0.704664 0.518083 0.0190469 0.07
4 0.600672 0.79449 0.0540312 0.0658958
4 0.562227 0.692771 0.0466406 0.0642083
4 0.639133 0.781656 0.0378906 0.0846042
4 0.741141 0.722687 0.047125 0.0612917
4 0.638953 0.808406 0.0347187 0.0951875
4 0.654602 0.80974 0.0409531 0.0912708
4 0.674078 0.8 0.0411562 0.094375
4 0.585242 0.760188 0.0367969 0.030875
4 0.712352 0.822177 0.0294531 0.0932708
4 0.63768 0.70926 0.0355156 0.0724792
4 0.785625 0.682854 0.044375 0.03825
4 0.628336 0.639135 0.0438594 0.0309375
4 0.77368 0.621094 0.0544219 0.0356458
4 0.727297 0.822865 0.0247188 0.0928542
4 0.589219 0.793969 0.0425 0.0289792
4 0.5455 0.626312 0.061875 0.038125
4 0.731305 0.537896 0.0137969 0.0277917
4 0.564312 0.731083 0.0636562 0.0320417
4 0.753422 0.738156 0.0595 0.0424792
4 0.763688 0.608719 0.0395625 0.0342292
4 0.545422 0.666135 0.0629062 0.0285625
4 0.562391 0.603458 0.0434688 0.0582083
4 0.709625 0.545094 0.0177813 0.0248125
4 0.621039 0.661792 0.0417344 0.0338333
4 0.552438 0.608208 0.0515312 0.06
4 0.754969 0.594125 0.036125 0.0632917
