23 0.321172 0.747037 0.061625 0.0780094
23 0.350141 0.709848 0.0480625 0.062178
23 0.633437 0.698888 0.0801562 0.0821311
23 0.281078 0.673489 0.0614062 0.0838407
23 0.283172 0.568981 0.0410937 0.0728571
23 0.551352 0.749602 0.0412656 0.0457611
23 0.410148 0.758934 0.0524531 0.0731382
23 0.710047 0.633618 0.085375 0.116745
23 0.227602 0.16692 0.0537969 0.0677518
23 0.327516 0.543724 0.02675 0.0240749
23 0.0495547 0.251546 0.0639844 0.0586417
23 0.732055 0.0143911 0.0345781 0.0287822
23 0.332461 0.607166 0.0358281 0.075363
