0 0.786086 0.416135 0.0769531 0.0786458
0 0.754836 0.366354 0.0461719 0.07275
0 0.417375 0.637656 0.068875 0.0794792
0 0.60207 0.499 0.0325781 0.0761667
0 0.880812 0.450042 0.0475 0.0950417
0 0.769313 0.458146 0.038 0.0305
0 0.834922 0.450458 0.067125 0.0629167
0 0.573414 0.520875 0.0594531 0.057875
0 0.63743 0.588083 0.0562031 0.0953333
0 0.795625 0.303771 0.0792812 0.0697917
0 0.631375 0.686375 0.08075 0.100417
0 0.469273 0.521188 0.0632031 0.0625417
0 0.804258 0.362667 0.0425469 0.0537083
0 0.538234 0.564802 0.0757188 0.0561458
0 0.89325 0.416719 0.0450625 0.0426875
0 0.531742 0.523958 0.0320156 0.0369167
0 0.335461 0.552042 0.0496094 0.0787083
0 0.740555 0.460094 0.0242031 0.0516042
0 0.378437 0.514625 0.0481562 0.0656667
0 0.411844 0.501875 0.0479375 0.0519167
0 0.257219 0.563323 0.0415312 0.0603542
0 0.622133 0.652219 0.0765156 0.0619792
0 0.852594 0.336958 0.042125 0.0611667
0 0.837492 0.292875 0.0507344 0.0513333
0 0.595625 0.586521 0.04525 0.0999167
0 0.830805 0.361896 0.0243594 0.0447917
0 0.344891 0.499865 0.0250312 0.0470208
0 0.508047 0.526312 0.03425 0.0510833
0 0.835469 0.3915 0.0316563 0.0422083
4 0.247102 0.374625 0.139984 0.0859583
4 0.731453 0.584021 0.167906 0.231417
4 0.556586 0.311625 0.153047 0.135292
24 0.223563 0.478969 0.174344 0.173563
24 0.50882 0.240813 0.185578 0.154375
24 0.854555 0.644823 0.203828 0.229479
24 0.847227 0.506635 0.0677656 0.0809792
