4 0.0629297 0.86426 0.125859 0.0443682
4 0.909031 0.774702 0.126219 0.0889711
4 0.0551406 0.840821 0.110281 0.0325451
4 0.869281 0.674188 0.0435938 0.013935
4 0.892305 0.803899 0.122672 0.0996029
4 0.522836 0.650776 0.0350469 0.0433574
4 0.914 0.741417 0.128094 0.0751083
4 0.769727 0.817157 0.0959219 0.0626173
4 0.823836 0.807518 0.0453594 0.118863
4 0.744648 0.856119 0.135391 0.0924549
4 0.733656 0.795939 0.104937 0.102527
4 0.513648 0.645063 0.0460781 0.0401986
4 0.133461 0.573403 0.0406094 0.0426534
4 0.798805 0.430307 0.0172969 0.02213
4 0.103648 0.828845 0.0412656 0.0255235
4 0.0593125 0.816877 0.118625 0.0576534
4 0.344516 0.510623 0.0355625 0.0222563
4 0.535195 0.650659 0.0213281 0.041787
4 0.753117 0.843836 0.0949531 0.0413177
4 0.987617 0.481444 0.0118281 0.018917
