22 0.390063 0.682323 0.0895312 0.118271
22 0.290773 0.703896 0.0657656 0.0805
22 0.217156 0.634417 0.0931875 0.101542
22 0.164023 0.550635 0.0944219 0.120771
22 0.345375 0.619594 0.0548125 0.0589792
8 0.668437 0.161583 0.0815312 0.094875
8 0.532219 0.30525 0.0780625 0.12925
8 0.58518 0.395229 0.0903281 0.119875
8 0.443148 0.173479 0.0765156 0.0613333
8 0.848797 0.298958 0.077875 0.09575
23 0.346891 0.61976 0.0543438 0.0571875
23 0.291656 0.703708 0.0675 0.0805833
23 0.288773 0.637552 0.0696406 0.0755208
23 0.214813 0.57774 0.0524375 0.0291875
