0 0.541884 0.806008 0.165502 0.108359
0 0.410057 0.839641 0.134772 0.108906
0 0.631587 0.85482 0.158653 0.113234
0 0.511393 0.909906 0.156256 0.115594
0 0.524578 0.767406 0.139475 0.0683125
0 0.686941 0.763391 0.138082 0.098875
1 0.552614 0.469492 0.0956849 0.0880156
1 0.270856 0.681977 0.101073 0.0590469
1 0.412215 0.767844 0.105936 0.0615
1 0.306039 0.798711 0.116005 0.0815781
1 0.397226 0.556508 0.0480594 0.0457031
1 0.141358 0.724242 0.1071 0.0728594
1 0.388767 0.4965 0.110868 0.083625
1 0.42863 0.615383 0.132374 0.0910156
1 0.491153 0.542672 0.137374 0.0930625
1 0.239692 0.744812 0.0992466 0.0672188
1 0.319578 0.62475 0.088379 0.0577187
1 0.367911 0.667477 0.0966895 0.0648906
1 0.23895 0.623375 0.0963014 0.064625
1 0.341039 0.730281 0.101484 0.0640625
1 0.180628 0.795383 0.117146 0.0780469
1 0.613265 0.530305 0.126575 0.0928594
1 0.433482 0.699516 0.0782877 0.0429062
1 0.577329 0.590156 0.142329 0.0789688
1 0.46613 0.455859 0.14153 0.0998437
1 0.186176 0.683898 0.0786986 0.0649844
4 0.107888 0.580211 0.131484 0.115797
4 0.0382078 0.633234 0.0764155 0.0466875
4 0.0677055 0.676766 0.133265 0.06025
4 0.181176 0.584047 0.061347 0.0607812
