1 0.46674 0.205181 0.08328 0.125468
1 0.46294 0.444728 0.08412 0.104441
1 0.52612 0.208127 0.06512 0.114622
1 0.39711 0.272568 0.0855 0.129366
1 0.33795 0.279879 0.06554 0.131662
1 0.87751 0.713021 0.08454 0.119456
1 0.80155 0.646012 0.0875 0.123444
1 0.52715 0.367069 0.0651 0.0963142
1 0.86751 0.654124 0.04758 0.0387009
1 0.79163 0.74852 0.09814 0.114381
1 0.73732 0.671344 0.06628 0.0977946
1 0.54618 0.278353 0.08636 0.135801
1 0.38943 0.186133 0.07722 0.0774622
1 0.44216 0.115196 0.08076 0.116858
1 0.40305 0.366284 0.07938 0.107311
1 0.48651 0.14781 0.02238 0.0289728
1 0.47064 0.33568 0.08512 0.139637
