4 0.410539 0.161642 0.0416667 0.0668137
4 0.908815 0.124355 0.0272059 0.0258007
4 0.0201144 0.190515 0.0402288 0.052402
4 0.650294 0.25 0.0319281 0.0829085
4 0.936397 0.142426 0.0190359 0.0240686
4 0.92656 0.178685 0.030866 0.0402778
4 0.608056 0.233979 0.0215359 0.059232
4 0.693382 0.0966095 0.0277124 0.0316176
4 0.644902 0.080915 0.0333333 0.0382026
4 0.577222 0.253595 0.0282026 0.0430719
4 0.648595 0.187459 0.0295752 0.0605065
4 0.8271 0.175899 0.0231536 0.0302288
4 0.513897 0.131201 0.030768 0.0505065
4 0.630752 0.248578 0.0266667 0.0633333
4 0.779126 0.113023 0.0303758 0.0153268
4 0.528897 0.128832 0.0252451 0.0380882
4 0.762753 0.146087 0.0152451 0.0260294
4 0.647083 0.0437908 0.0530882 0.0366667
4 0.661511 0.142443 0.0302451 0.0476961
4 0.611642 0.163864 0.0296242 0.0474346
4 0.841928 0.192639 0.0202614 0.0246242
4 0.676675 0.127639 0.0452451 0.0404739
4 0.532051 0.301152 0.0243954 0.0376961
4 0.611062 0.124837 0.025719 0.0414706
4 0.594208 0.0869281 0.0225654 0.0415359
4 0.555425 0.118456 0.0304248 0.0409967
4 0.532802 0.268072 0.0269118 0.05
4 0.550425 0.220923 0.0288889 0.0457026
4 0.576136 0.0574183 0.0272059 0.0326471
4 0.552222 0.264902 0.0266667 0.0612745
4 0.624853 0.180131 0.0233333 0.0817974
4 0.402034 0.0195915 0.0214542 0.00986928
4 0.855294 0.109191 0.0277778 0.0310948
4 0.908292 0.210074 0.029134 0.0301144
4 0.780637 0.160629 0.0169608 0.0375
4 0.728979 0.147696 0.0189706 0.0364052
4 0.586471 0.284011 0.0249346 0.0729248
4 0.664788 0.0348203 0.0460784 0.0303922
4 0.555539 0.154101 0.0272549 0.0463072
4 0.390449 0.0141095 0.0243627 0.0270752
4 0.527296 0.231716 0.0306699 0.0573529
4 0.810997 0.13335 0.0181046 0.0396405
4 0.531846 0.157247 0.0315686 0.0454085
4 0.754453 0.336781 0.010049 0.0226471
4 0.565106 0.0870507 0.0305065 0.0351144
4 0.698317 0.103072 0.0215359 0.0302614
4 0.767435 0.335752 0.0168627 0.0248039
4 0.934093 0.239559 0.0376961 0.0422549
4 0.0173611 0.228905 0.0347222 0.0781699
4 0.881136 0.144232 0.0246242 0.0228105
4 0.5029 0.105915 0.0321732 0.0337908
4 0.746928 0.349028 0.0169281 0.0425654
4 0.283693 0.00706699 0.0213399 0.014134
4 0.621773 0.089232 0.0243627 0.0415359
4 0.677165 0.0637173 0.0243627 0.0212908
4 0.863227 0.196863 0.0213562 0.0376144
4 0.975392 0.142222 0.0360784 0.0315686
4 0.956593 0.173431 0.0258007 0.0246732
4 0.638595 0.136814 0.0251307 0.0417974
4 0.835384 0.219828 0.0187092 0.0384477
4 0.855564 0.224077 0.025049 0.0427288
4 0.533922 0.0888889 0.035098 0.0362745
4 0.558072 0.290972 0.0343464 0.0609314
4 0.583145 0.15741 0.0256699 0.0367157
4 0.618562 0.284877 0.0266667 0.0589706
4 0.506315 0.164453 0.024134 0.024134
4 0.930335 0.288546 0.0436765 0.0396732
4 0.309755 0.0226797 0.0318301 0.0220261
4 0.404526 0.0666667 0.0350654 0.0861438
4 0.763824 0.0982026 0.0364052 0.0184641
4 0.706315 0.285237 0.0232843 0.0510948
4 0.605417 0.0568464 0.0291013 0.0413399
4 0.553832 0.0566993 0.0379575 0.0297386
4 0.755882 0.080531 0.0338562 0.021781
4 0.818015 0.0815114 0.0317484 0.0362582
4 0.675891 0.178023 0.033219 0.0440523
4 0.745188 0.102663 0.0302124 0.0402941
4 0.722173 0.116283 0.0293137 0.030768
4 0.361511 0.0128758 0.0405065 0.0251307
4 0.980915 0.17509 0.0165359 0.0268791
4 0.582819 0.123407 0.0240686 0.0494608
4 0.592623 0.185727 0.0248203 0.0392974
4 0.761029 0.172565 0.0266667 0.0497386
4 0.524044 0.194232 0.0198203 0.0302614
4 0.631168 0.0563235 0.0314542 0.0416667
4 0.420482 0.0563971 0.0319771 0.0673366
4 0.666005 0.0687173 0.0256373 0.0205065
4 0.940703 0.0707761 0.0448693 0.0276961
4 0.875784 0.212582 0.0168954 0.0239216
4 0.697165 0.0756373 0.0425654 0.0148693
4 0.577475 0.211855 0.0244608 0.0402778
4 0.894485 0.186969 0.0510294 0.030768
