24 0.10518 0.606542 0.0690469 0.074625
24 0.167945 0.605437 0.0487031 0.063625
24 0.18393 0.561927 0.0515469 0.0341042
24 0.14457 0.679167 0.0905781 0.084625
24 0.21825 0.593427 0.0530312 0.0912708
24 0.0702813 0.6765 0.0738125 0.094
24 0.123508 0.734937 0.0802344 0.0607917
24 0.19332 0.672094 0.0469531 0.0764792
24 0.134609 0.63125 0.0701563 0.0484167
24 0.216953 0.656667 0.0215312 0.0384583
8 0.682172 0.753188 0.0888125 0.0972917
8 0.59907 0.782802 0.0888281 0.118063
8 0.579063 0.680208 0.0907188 0.101083
8 0.544867 0.738042 0.0924531 0.1025
8 0.635094 0.69974 0.047875 0.0846042
8 0.521383 0.840865 0.112766 0.120479
4 0.358242 0.402792 0.209516 0.0968333
4 0.486812 0.43325 0.0111875 0.0260833
4 0.455195 0.406021 0.0342344 0.0782083
4 0.371047 0.369271 0.217438 0.0807083
0 0.478031 0.55176 0.082 0.0708958
0 0.263961 0.489833 0.0928281 0.115917
0 0.393117 0.585437 0.0895781 0.083625
0 0.324336 0.657469 0.0982969 0.128979
0 0.483086 0.49551 0.0210781 0.0484792
0 0.415867 0.529667 0.0678906 0.094625
0 0.296523 0.60475 0.0928906 0.12025
0 0.226047 0.54175 0.0515 0.047875
0 0.295336 0.538 0.0342344 0.0263333
0 0.43625 0.479031 0.086125 0.114146
0 0.349297 0.510417 0.09475 0.121
