4 0.894848 0.617414 0.0299301 0.0369531
4 0.262611 0.704203 0.0294172 0.0320625
4 0.819674 0.647641 0.0537529 0.0499062
4 0.0782168 0.861961 0.155594 0.0617656
4 0.119149 0.794719 0.0504662 0.0174375
4 0.861014 0.652945 0.0374592 0.0397656
4 0.259347 0.803828 0.049697 0.0213125
4 0.214242 0.783297 0.0615385 0.0233437
4 0.243834 0.700305 0.0251981 0.0288281
4 0.942063 0.641906 0.0493007 0.0608125
4 0.254592 0.784227 0.0486247 0.0158594
4 0.796177 0.812008 0.0878788 0.0166094
4 0.0685548 0.870859 0.0693706 0.058625
4 0.972261 0.648453 0.0225641 0.0425937
4 0.118881 0.721117 0.0517483 0.0277031
4 0.785979 0.647914 0.0206294 0.0446406
4 0.711434 0.660562 0.0305128 0.0585625
4 0.209639 0.820172 0.0555012 0.0230312
4 0.0526573 0.887437 0.104988 0.03525
4 0.808846 0.606117 0.0405361 0.0297656
4 0.916364 0.642234 0.0262937 0.0603437
4 0.910909 0.612148 0.0477855 0.0228281
4 0.78634 0.778648 0.158042 0.0729531
4 0.362354 0.857852 0.0270862 0.0305469
4 0.824138 0.644437 0.0620746 0.0485312
4 0.104685 0.866672 0.0359441 0.0585
4 0.0414452 0.709086 0.0694172 0.0579219
4 0.750758 0.65818 0.0451049 0.0536406
4 0.984604 0.644781 0.0265501 0.0483125
4 0.0898951 0.798547 0.0813753 0.014875
4 0.87789 0.615289 0.0276224 0.0400156
4 0.035035 0.690516 0.0255944 0.055375
4 0.930688 0.643711 0.0276224 0.0562656
4 0.801492 0.646633 0.0385548 0.0519844
4 0.734744 0.603602 0.0252448 0.0436094
4 0.92796 0.598805 0.0416084 0.0254531
4 0.325839 0.811266 0.054662 0.0377188
4 0.876981 0.654234 0.0202098 0.0389062
4 0.691632 0.617133 0.0271329 0.0280781
4 0.697681 0.646703 0.0320979 0.0335937
4 0.288765 0.86143 0.115058 0.0225781
4 0.967448 0.600055 0.0336364 0.0200156
4 0.0353263 0.787789 0.0466434 0.0292656
4 0.249336 0.823383 0.0797902 0.0264844
4 0.224301 0.696562 0.0227739 0.0149687
4 0.317203 0.793703 0.0379021 0.0284063
4 0.742179 0.660234 0.0326107 0.0517188
4 0.288578 0.804727 0.0324942 0.0528594
4 0.967809 0.601867 0.0182284 0.0132344
4 0.690629 0.624328 0.0290909 0.03375
4 0.964033 0.614477 0.0120746 0.0111094
4 0.780338 0.79832 0.132051 0.0182031
4 0.900991 0.635039 0.0233333 0.0392656
4 0.760699 0.627461 0.0305828 0.0482344
4 0.784779 0.606273 0.0171096 0.0222344
4 0.757984 0.617375 0.0106061 0.0170937
4 0.337191 0.840773 0.0590443 0.0644531
4 0.0768065 0.713117 0.0455012 0.0446406
4 0.0148135 0.69482 0.029627 0.0818594
4 0.711096 0.609242 0.0397203 0.0377969
4 0.793741 0.605734 0.0451049 0.029
4 0.85521 0.601938 0.0374592 0.0361875
4 0.752331 0.804742 0.0196737 0.0134844
4 0.676935 0.629109 0.0160606 0.03
4 0.344079 0.8155 0.0298834 0.0184687
4 0.693508 0.670094 0.0224942 0.0344062
4 0.964767 0.631922 0.0166667 0.0206875
4 0.941096 0.611891 0.0156643 0.0259062
4 0.947226 0.617445 0.0124009 0.0166406
4 0.722238 0.661852 0.036317 0.0538906
4 0.0197669 0.899055 0.0395338 0.0214531
4 0.695093 0.606961 0.0198834 0.0341406
4 0.101247 0.71707 0.0284149 0.0278594
4 0.990233 0.627797 0.0195338 0.0330937
4 0.907448 0.591281 0.0145221 0.00871875
