0 0.286177 0.507039 0.0160625 0.0109531
0 0.478208 0.470094 0.020625 0.0134062
0 0.268344 0.665367 0.0150208 0.0100156
0 0.282323 0.515883 0.0175208 0.0101719
0 0.30001 0.512023 0.0171875 0.00876563
0 0.347406 0.494914 0.0196042 0.0126719
0 0.31424 0.506648 0.0121042 0.0117344
0 0.455354 0.465109 0.0285833 0.0181562
0 0.376104 0.47975 0.015125 0.010375
0 0.277365 0.503336 0.0169792 0.00989063
0 0.494146 0.449977 0.0109167 0.0122656
0 0.300771 0.503141 0.01725 0.0115
0 0.31276 0.514234 0.0110625 0.00696875
0 0.360021 0.48107 0.01775 0.0109531
0 0.300938 0.492883 0.0122083 0.00835937
0 0.267396 0.509172 0.0146667 0.007125
0 0.295771 0.489359 0.00520833 0.00375
0 0.327323 0.49625 0.0183542 0.0111875
0 0.260552 0.518305 0.0148542 0.0129531
0 0.322167 0.513422 0.00904167 0.0063125
0 0.296188 0.657305 0.00645833 0.00298438
0 0.365792 0.495594 0.0172917 0.0137187
0 0.47301 0.452289 0.0206042 0.00917187
0 0.288625 0.527711 0.00941667 0.00570312
0 0.277438 0.527992 0.0117917 0.00376563
0 0.533667 0.450391 0.0169167 0.008875
0 0.519771 0.450141 0.017875 0.0111562
0 0.270844 0.648305 0.0171042 0.0128281
0 0.389875 0.477141 0.0152917 0.0118438
