4 0.304313 0.495208 0.0688125 0.0822917
4 0.198867 0.639396 0.0794531 0.0895833
4 0.407664 0.342073 0.0460469 0.103813
4 0.477773 0.702229 0.0454531 0.0619583
4 0.565602 0.61276 0.0490469 0.0451875
4 0.543859 0.258937 0.0596875 0.104958
4 0.365305 0.606698 0.0894219 0.131271
4 0.544109 0.379094 0.0627812 0.0791875
4 0.53307 0.519042 0.0493594 0.0802917
4 0.272797 0.680563 0.0591875 0.0762917
4 0.2085 0.525948 0.0737812 0.0823958
4 0.532336 0.806354 0.0880781 0.08975
4 0.300289 0.614792 0.0371094 0.0495
4 0.504367 0.74475 0.0658594 0.0678333
4 0.460391 0.864458 0.0800625 0.097625
4 0.352219 0.876396 0.082375 0.0945
4 0.47582 0.261906 0.0617969 0.0421458
4 0.6775 0.580583 0.115844 0.104792
4 0.411133 0.560052 0.0673906 0.0985208
4 0.258984 0.628667 0.054125 0.0529583
4 0.57025 0.74024 0.0989688 0.128688
4 0.601578 0.242229 0.0650625 0.069125
4 0.661234 0.670938 0.0786563 0.084375
4 0.250313 0.423271 0.0667813 0.0709583
4 0.720719 0.650531 0.0515938 0.0618958
4 0.233547 0.734271 0.0819688 0.0614167
4 0.619578 0.581937 0.0231875 0.0512917
4 0.719852 0.344281 0.0378906 0.0792292
4 0.454992 0.482854 0.0502031 0.0435833
4 0.340977 0.76401 0.0391094 0.0211042
4 0.411828 0.721969 0.06125 0.0735208
4 0.2725 0.818646 0.0861563 0.065375
4 0.343156 0.433281 0.0513125 0.0836042
4 0.242102 0.562052 0.0784531 0.0918125
4 0.641266 0.402885 0.052375 0.0923542
4 0.506938 0.854135 0.0505938 0.0506042
4 0.659977 0.34551 0.0344844 0.0396875
4 0.306469 0.545604 0.0565312 0.055625
4 0.362898 0.478313 0.0653281 0.0929167
4 0.538047 0.660219 0.0891875 0.107854
4 0.306648 0.646708 0.0517656 0.078375
4 0.590805 0.314708 0.0941719 0.12325
4 0.711773 0.410635 0.0560781 0.0614792
