8 0.534078 0.525113 0.08425 0.0801568
8 0.483305 0.46257 0.0963281 0.101794
8 0.53593 0.434739 0.0832031 0.09
8 0.541344 0.311481 0.0889687 0.109164
8 0.509641 0.35419 0.0724063 0.0859059
8 0.450547 0.532814 0.0846563 0.0641289
8 0.46068 0.410453 0.0641094 0.0583972
1 0.676945 0.890113 0.113109 0.166638
1 0.821148 0.71257 0.0644219 0.110296
1 0.859195 0.82649 0.0684219 0.177056
1 0.640664 0.929704 0.0504844 0.0807317
1 0.655234 0.762108 0.0687187 0.117631
1 0.721047 0.669922 0.149719 0.0732578
1 0.788953 0.818763 0.153094 0.119617
1 0.776086 0.915427 0.117703 0.111794
1 0.71675 0.730889 0.150344 0.110523
1 0.853977 0.691159 0.0728281 0.0929443
1 0.642164 0.679983 0.0307969 0.0461672
1 0.710687 0.803563 0.0560625 0.0720035
7 0.605555 0.0839199 0.0183906 0.0187108
7 0.406742 0.156559 0.0237656 0.0286237
7 0.422547 0.126864 0.0250312 0.0312195
7 0.371922 0.0586585 0.0198438 0.025122
7 0.428937 0.102526 0.0181562 0.0224042
7 0.627555 0.0435279 0.0242969 0.027439
7 0.623094 0.0639111 0.0167813 0.0182056
7 0.428719 0.198798 0.0163125 0.0169338
7 0.438539 0.00698606 0.0125156 0.0139721
7 0.407375 0.0978484 0.0285 0.0338502
7 0.411609 0.0226829 0.0163125 0.0187108
7 0.383219 0.143458 0.02 0.0238502
7 0.42218 0.18878 0.0142344 0.0181882
7 0.410047 0.191481 0.0177813 0.0208362
7 0.389523 0.0419948 0.0147031 0.0148606
7 0.399281 0.0212631 0.0121875 0.0143728
7 0.403492 0.206916 0.0128281 0.00965157
7 0.625383 0.0781446 0.0156406 0.0153833
7 0.391055 0.0888415 0.0255156 0.0315505
7 0.373836 0.0856882 0.0259844 0.0295645
7 0.376445 0.118153 0.0301094 0.0314286
7 0.42625 0.0107143 0.0165625 0.0205226
7 0.406922 0.00849303 0.013875 0.0146167
7 0.638492 0.0727613 0.0165469 0.0194948
7 0.39443 0.00844077 0.0125156 0.0128746
7 0.394227 0.188676 0.0197656 0.0232753
7 0.388797 0.0616551 0.0267812 0.0292334
7 0.385437 0.0286585 0.0103438 0.0164111
7 0.612359 0.0539721 0.0188437 0.0187108
7 0.392023 0.170636 0.0188906 0.0207491
7 0.404984 0.0522474 0.0233125 0.0265505
7 0.610211 0.0696864 0.0170156 0.0189895
7 0.404398 0.178301 0.0148281 0.0165331
7 0.445133 0.111751 0.0145156 0.0240941
