0 0.123109 0.461625 0.242062 0.383625
0 0.268805 0.396542 0.105578 0.168875
0 0.376281 0.457958 0.258344 0.327583
22 0.375953 0.926635 0.0595 0.0974375
22 0.391289 0.815281 0.0894844 0.126688
22 0.0760469 0.91625 0.0983437 0.0787917
22 0.0825547 0.821063 0.0889844 0.106292
22 0.0574844 0.970469 0.0877187 0.0590625
22 0.322008 0.946208 0.0992969 0.107583
22 0.209297 0.914125 0.0725937 0.091375
22 0.195555 0.734927 0.0711406 0.0739375
22 0.0335391 0.876792 0.0670781 0.106083
22 0.262508 0.849813 0.0697656 0.0939167
22 0.284109 0.752635 0.0822187 0.0845208
22 0.261461 0.780292 0.0694219 0.0640833
22 0.411 0.914896 0.0735625 0.128875
22 0.271188 0.928813 0.0715 0.0939167
22 0.466055 0.860615 0.0593594 0.0665625
22 0.324492 0.844802 0.0827344 0.0979375
22 0.11368 0.749938 0.0834219 0.100667
22 0.199883 0.772417 0.0737656 0.0530833
22 0.480406 0.818906 0.0377813 0.0691458
22 0.46957 0.947844 0.0784219 0.104313
22 0.443914 0.785073 0.0699219 0.0982292
22 0.147078 0.948969 0.103188 0.100229
22 0.23068 0.979563 0.0845469 0.040875
22 0.18293 0.835594 0.0505156 0.0526875
22 0.348633 0.772458 0.0654219 0.0853333
23 0.867398 0.684365 0.0844531 0.0948542
23 0.868477 0.867656 0.116547 0.121896
23 0.78418 0.709323 0.0858281 0.108271
23 0.782484 0.861052 0.0833125 0.100021
23 0.943602 0.94874 0.112797 0.102521
23 0.677258 0.957865 0.0615156 0.0835208
23 0.844164 0.80124 0.0816406 0.0876458
23 0.96275 0.73124 0.0745 0.113646
23 0.83475 0.744906 0.0735625 0.0523542
23 0.937664 0.849885 0.0507656 0.0914375
23 0.916586 0.70275 0.0484531 0.0681667
23 0.763125 0.789792 0.0819062 0.0869167
23 0.681188 0.910594 0.053625 0.0426042
23 0.965055 0.807875 0.0592344 0.0732083
23 0.880133 0.94775 0.0358906 0.0305
23 0.988859 0.67176 0.0222812 0.0289375
23 0.793727 0.952958 0.0530156 0.0940833
23 0.694383 0.87499 0.0406406 0.0359792
23 0.911 0.791094 0.03575 0.0513542
