4 0.617031 0.27526 0.0820625 0.153896
4 0.553297 0.238271 0.11825 0.194417
4 0.217359 0.582177 0.105438 0.163271
4 0.61532 0.375969 0.0954844 0.107312
4 0.413828 0.233073 0.171344 0.157437
4 0.486883 0.350052 0.128391 0.181812
4 0.524703 0.444073 0.101562 0.141021
4 0.513906 0.146792 0.127719 0.0569167
4 0.442227 0.433104 0.0884219 0.12425
4 0.493008 0.234781 0.0403906 0.0881875
4 0.455656 0.122313 0.179219 0.125125
4 0.407102 0.316427 0.151734 0.182729
8 0.719906 0.825437 0.100969 0.134375
8 0.625188 0.807479 0.0970938 0.130542
8 0.802609 0.713698 0.1025 0.135229
