4 0.805891 0.037178 0.0396562 0.074356
4 0.629492 0.193431 0.0111094 0.0109836
4 0.587125 0.0869204 0.0211875 0.0364169
4 0.966852 0.0657143 0.0414844 0.131429
4 0.809539 0.0865222 0.0201719 0.0376815
4 0.559484 0.0794028 0.0094375 0.0184778
4 0.867727 0.0405269 0.0186406 0.0810539
4 0.33843 0.1913 0.00639062 0.0142155
4 0.505398 0.141206 0.00889063 0.00793911
4 0.858977 0.0526932 0.0153906 0.0920375
4 0.713164 0.129204 0.0171719 0.00955504
4 0.930563 0.25096 0.0116875 0.0153162
4 0.949461 0.0546253 0.0472656 0.109251
4 0.465344 0.130562 0.0112812 0.0379391
4 0.934695 0.119532 0.0234219 0.0389696
4 0.610758 0.112787 0.0129531 0.0568618
4 0.783828 0.101019 0.0172813 0.0494379
4 0.570672 0.105351 0.0109375 0.018993
4 0.828719 0.101265 0.028375 0.092459
4 0.300633 0.200972 0.00889063 0.0238173
4 0.586375 0.2 0.00965625 0.0177518
4 0.144297 0.24192 0.00615625 0.00538642
4 0.688617 0.22192 0.00992188 0.0166745
4 0.949375 0.177611 0.0234688 0.0183607
4 0.845898 0.0341452 0.0218906 0.0492272
4 0.794273 0.110012 0.0189844 0.0257377
4 0.592484 0.104684 0.0156875 0.0402342
4 0.334688 0.180386 0.0065 0.0192272
4 0.642039 0.222049 0.00770312 0.0117799
4 0.974656 0.171066 0.015875 0.0214754
4 0.688773 0.160644 0.00945312 0.00990632
4 0.892617 0.0764754 0.0151719 0.0487822
4 0.132039 0.237763 0.00270312 0.00929742
4 0.554453 0.0961593 0.0142187 0.0323185
4 0.418063 0.117564 0.0155625 0.031007
4 0.76375 0.0547307 0.044125 0.0831382
4 0.646141 0.198724 0.00871875 0.0128103
4 0.644609 0.138138 0.0079375 0.0151991
4 0.44707 0.120902 0.0111094 0.0370258
4 0.33243 0.229614 0.0227344 0.0187119
4 0.148789 0.232049 0.00410938 0.00564403
4 0.551445 0.321534 0.00495313 0.00461358
4 0.549859 0.231674 0.01325 0.0138876
4 0.447047 0.15274 0.00478125 0.015644
4 0.954258 0.24397 0.0122969 0.0115457
4 0.946391 0.223642 0.008375 0.0138407
4 0.934273 0.00819672 0.0120469 0.0163934
4 0.686648 0.191593 0.00751562 0.0102576
4 0.699117 0.164532 0.00795313 0.0155269
4 0.903188 0.0451522 0.0201563 0.0879157
4 0.542719 0.235129 0.0105938 0.0107728
4 0.873266 0.0852108 0.0165313 0.0413349
4 0.439469 0.104543 0.0191562 0.0253864
4 0.66243 0.146932 0.0143594 0.00974239
4 0.645281 0.173302 0.00840625 0.0180796
4 0.357344 0.199356 0.00915625 0.00915691
4 0.422156 0.122752 0.0153437 0.028829
4 0.965508 0.209052 0.0156719 0.0147307
4 0.538125 0.159133 0.0140937 0.0113817
4 0.210367 0.223946 0.00501563 0.00391101
4 0.316008 0.200679 0.00351563 0.00388759
4 0.799281 0.0717916 0.0225312 0.0591803
4 0.682055 0.127049 0.0144844 0.00838407
4 0.635078 0.155422 0.0064375 0.0240047
4 0.571867 0.0901288 0.0187969 0.0284543
4 0.734258 0.122061 0.00889063 0.0102576
4 0.392773 0.183934 0.0141094 0.00992974
4 0.528594 0.211382 0.0125625 0.0105855
4 0.741445 0.15952 0.00598438 0.0137471
4 0.727055 0.0719672 0.00810938 0.0285714
4 0.928445 0.235515 0.0217031 0.0171663
4 0.513281 0.171241 0.00678125 0.0132084
4 0.311625 0.212096 0.00975 0.00615925
4 0.766727 0.0733489 0.0324219 0.0874005
4 0.303828 0.202108 0.0053125 0.00819672
4 0.443406 0.138841 0.00975 0.0325761
4 0.54682 0.248466 0.0100781 0.00615925
4 0.941648 0.173841 0.0234219 0.0215457
4 0.850023 0.101557 0.0200469 0.0859719
4 0.55768 0.227822 0.00648438 0.0207494
4 0.695031 0.128466 0.0065 0.0169321
4 0.460062 0.130902 0.00828125 0.0423185
4 0.617977 0.161768 0.00617188 0.00873536
4 0.659336 0.138091 0.0155156 0.0174473
4 0.376273 0.261803 0.00529688 0.00974239
4 0.508805 0.162307 0.00723437 0.0267213
4 0.724359 0.0578103 0.0184687 0.0305152
4 0.880461 0.0244848 0.0164219 0.0489696
4 0.745648 0.172084 0.0107344 0.00875878
4 0.434914 0.144918 0.00885937 0.029274
4 0.82957 0.148103 0.0179844 0.0374707
4 0.531211 0.164988 0.0148594 0.00936768
4 0.917336 0.033548 0.0282656 0.0661593
4 0.55993 0.106288 0.0106094 0.042459
4 0.816711 0.0459953 0.0308594 0.0919906
4 0.133844 0.21356 0.0041875 0.00594848
4 0.204102 0.203501 0.00348438 0.00461358
4 0.143492 0.210129 0.00751562 0.00587822
4 0.154172 0.258454 0.00428125 0.00819672
4 0.544344 0.279895 0.00528125 0.00845433
4 0.836867 0.106276 0.0295781 0.10281
4 0.700461 0.150386 0.00735937 0.0120609
4 0.556312 0.204356 0.011625 0.0194848
4 0.334734 0.198162 0.00978125 0.0113583
4 0.425648 0.141276 0.00845313 0.0132319
4 0.934242 0.214895 0.0219844 0.0246838
4 0.51432 0.203208 0.00595313 0.00885246
4 0.554477 0.26 0.0143594 0.0107728
4 0.613898 0.184391 0.0141094 0.0105621
4 0.948789 0.254742 0.0136719 0.0218033
4 0.652531 0.168653 0.00615625 0.0112646
4 0.36993 0.175199 0.00285937 0.00580796
4 0.529727 0.179614 0.00914062 0.0232553
4 0.378789 0.250258 0.00357813 0.00613583
4 0.929094 0.196897 0.0127812 0.013466
4 0.602492 0.0992272 0.0129844 0.0361593
4 0.386234 0.19418 0.009 0.00901639
4 0.122828 0.242857 0.00459375 0.0137705
4 0.387203 0.228571 0.0088125 0.00740047
4 0.658789 0.199227 0.0138594 0.00819672
4 0.792781 0.0401991 0.024625 0.079274
4 0.512891 0.141159 0.00684375 0.0110304
4 0.910195 0.0897073 0.0158594 0.0325761
4 0.662258 0.11644 0.0141094 0.0115691
4 0.521477 0.21904 0.00676562 0.00894614
4 0.980531 0.107143 0.0389375 0.0805621
4 0.865148 0.101721 0.0130156 0.0251288
4 0.561742 0.12671 0.0114844 0.026815
4 0.81332 0.119485 0.0155469 0.0676815
4 0.931828 0.169403 0.0150625 0.0247073
4 0.145984 0.259836 0.002625 0.00407494
4 0.663102 0.225691 0.00617188 0.00693208
4 0.650391 0.0912412 0.0069375 0.00922717
4 0.217758 0.208735 0.00476562 0.00688525
4 0.314391 0.190831 0.00415625 0.00625293
4 0.324109 0.25493 0.00475 0.0057377
4 0.500922 0.24219 0.00615625 0.0105152
4 0.696148 0.176347 0.00595313 0.0109133
4 0.284187 0.236967 0.00409375 0.00667447
4 0.385422 0.249028 0.00675 0.00512881
4 0.88332 0.0487119 0.0191406 0.0712881
4 0.95768 0.167822 0.0266719 0.015644
4 0.9645 0.143536 0.0288125 0.0177986
4 0.918516 0.22281 0.0139375 0.0177986
4 0.751508 0.128759 0.0157344 0.0146136
4 0.653047 0.227998 0.00953125 0.0115457
4 0.918156 0.191159 0.0120313 0.0177752
4 0.369305 0.198255 0.0103594 0.0103747
4 0.553063 0.220902 0.0177813 0.0105152
4 0.524687 0.160386 0.0105938 0.00948478
4 0.646531 0.0998946 0.012125 0.0256909
4 0.499445 0.232752 0.00598438 0.00985948
4 0.711016 0.115773 0.0138437 0.0171663
4 0.9555 0.155375 0.0199375 0.0141686
4 0.598281 0.126148 0.00940625 0.0246136
4 0.638766 0.177014 0.00821875 0.0144965
4 0.550852 0.298197 0.00779687 0.00702576
4 0.464531 0.114813 0.00934375 0.0121546
4 0.284547 0.246089 0.00375 0.00590164
4 0.524016 0.190047 0.011625 0.00871194
