1 0.553695 0.129321 0.113734 0.219672
1 0.405453 0.73966 0.226531 0.261382
1 0.695984 0.111112 0.18875 0.222225
1 0.802586 0.321569 0.187109 0.252787
1 0.304328 0.0804918 0.126156 0.0965808
1 0.154805 0.318302 0.143391 0.284567
1 0.0744062 0.703665 0.148812 0.373934
1 0.00551562 0.397576 0.0110312 0.0647073
1 0.506891 0.920539 0.246344 0.158923
1 0.288461 0.251897 0.234328 0.253817
1 0.144984 0.832939 0.147063 0.248033
1 0.958906 0.28281 0.0821875 0.229742
1 0.290289 0.846862 0.257484 0.306276
1 0.125023 0.96219 0.153422 0.0756206
1 0.822344 0.199496 0.126469 0.141288
1 0.43525 0.164859 0.204937 0.31178
1 0.953078 0.512283 0.0920312 0.32719
1 0.861359 0.911593 0.196781 0.176815
1 0.459969 0.370047 0.0665 0.10192
1 0.906828 0.557155 0.0685313 0.199274
1 0.542078 0.568536 0.222844 0.35192
1 0.899938 0.380492 0.08675 0.187728
1 0.61132 0.772845 0.178016 0.176511
1 0.227555 0.552272 0.239391 0.363653
1 0.909063 0.773326 0.181875 0.273958
1 0.0601797 0.478653 0.120359 0.203021
1 0.140109 0.137787 0.183938 0.245597
1 0.576523 0.027377 0.0771406 0.0547541
1 0.0460859 0.312904 0.0921719 0.175878
1 0.826672 0.0633841 0.120844 0.126768
1 0.924945 0.12918 0.150109 0.258361
1 0.976844 0.919227 0.0463125 0.161546
1 0.0245859 0.908513 0.0491719 0.182974
1 0.594055 0.342201 0.215141 0.295176
1 0.444937 0.0231733 0.134469 0.0463466
1 0.66732 0.496276 0.0582344 0.11897
1 0.304367 0.0387822 0.117766 0.0740984
1 0.675133 0.854731 0.236516 0.290539
1 0.120742 0.0203396 0.119484 0.0385246
1 0.764969 0.575925 0.249688 0.356534
1 0.388813 0.462646 0.170094 0.285059
1 0.222789 0.053103 0.0736406 0.106206
1 0.686664 0.28856 0.0517969 0.12808
1 0.0362656 0.115258 0.0725313 0.230515
