4 0.576023 0.298764 0.130266 0.163164
4 0.574484 0.248129 0.169844 0.11358
4 0.514273 0.199169 0.232484 0.180416
4 0.637789 0.318337 0.0515781 0.0715012
4 0.495391 0.281155 0.180219 0.164342
8 0.669734 0.401594 0.105062 0.116305
6 0.406492 0.899446 0.0824219 0.110254
6 0.469039 0.74903 0.115797 0.203788
6 0.239805 0.668695 0.0789219 0.0980831
6 0.550695 0.89694 0.0773281 0.133326
6 0.363445 0.635589 0.0629844 0.08194
6 0.26268 0.700762 0.106109 0.193857
6 0.5205 0.548025 0.0599688 0.093418
6 0.317703 0.654007 0.0380313 0.0770208
6 0.620211 0.622575 0.0636719 0.0989607
6 0.344062 0.570115 0.0637812 0.0965358
6 0.410492 0.544896 0.0697969 0.105727
6 0.473094 0.678245 0.0735625 0.103002
6 0.330687 0.815346 0.0659375 0.073649
6 0.32768 0.902714 0.0766094 0.138083
6 0.380766 0.792587 0.0670625 0.116767
6 0.611102 0.836467 0.0581094 0.0994919
6 0.208312 0.756928 0.0726875 0.12
6 0.595711 0.666247 0.0602344 0.0718938
6 0.410281 0.705485 0.0680313 0.111109
6 0.524352 0.786339 0.0707656 0.111016
6 0.269891 0.856409 0.0792812 0.108199
6 0.285414 0.604746 0.0627969 0.100254
6 0.439047 0.615577 0.0660312 0.0913857
6 0.653266 0.71567 0.0662188 0.0924942
6 0.342523 0.718788 0.0705781 0.0999307
6 0.576203 0.707956 0.0935 0.117575
6 0.487828 0.741363 0.0328125 0.041709
6 0.565477 0.550208 0.0416719 0.0761663
6 0.463672 0.54 0.0539687 0.0912702
6 0.519797 0.703268 0.0305625 0.0613164
6 0.526703 0.918025 0.181938 0.141039
6 0.608906 0.758626 0.0585 0.0847806
6 0.48893 0.580774 0.0312344 0.0630716
6 0.562828 0.782494 0.053125 0.100277
6 0.530352 0.598072 0.0830156 0.161501
0 0.457937 0.0877945 0.106094 0.150277
0 0.381164 0.198845 0.0961094 0.142309
