0 0.939703 0.369448 0.0296875 0.0358958
0 0.98618 0.371771 0.0276406 0.0382917
0 0.925344 0.351573 0.0284375 0.0270208
0 0.909305 0.448229 0.0166094 0.0221667
0 0.894266 0.415563 0.0172187 0.0152083
0 0.92243 0.461667 0.0183906 0.017125
0 0.961227 0.346073 0.0324844 0.0424375
0 0.867484 0.349427 0.02075 0.0116042
0 0.893531 0.44299 0.0158438 0.0214792
0 0.926281 0.445094 0.018 0.0229375
0 0.971086 0.381188 0.0382031 0.0327917
0 0.923094 0.384531 0.0292187 0.0161458
0 0.914438 0.429542 0.02025 0.0279583
0 0.941773 0.347385 0.0107344 0.0137708
0 0.891219 0.34951 0.03125 0.0283125
0 0.945367 0.390688 0.0178281 0.0104583
0 0.886609 0.422635 0.0110312 0.0209375
0 0.923523 0.329625 0.0337969 0.0386667
24 0.268945 0.636219 0.0192031 0.0223125
24 0.226281 0.626312 0.0276875 0.0305833
24 0.236141 0.590427 0.01775 0.0184792
24 0.182008 0.549292 0.0193594 0.0268333
24 0.175352 0.640396 0.0345156 0.0464167
24 0.212375 0.613229 0.0136875 0.0329167
24 0.294984 0.595802 0.019625 0.0189792
24 0.121961 0.579885 0.0265469 0.0210208
24 0.182469 0.607 0.0207188 0.0284583
24 0.0830859 0.584385 0.0287031 0.0134375
24 0.0734453 0.615187 0.0302656 0.028375
24 0.0548516 0.607667 0.0252344 0.0344167
24 0.0895 0.645729 0.0280938 0.03525
24 0.195695 0.629062 0.0285156 0.0333333
24 0.140594 0.568302 0.0117813 0.0225625
24 0.163797 0.608208 0.021625 0.0278333
24 0.121953 0.627583 0.0201875 0.0263333
24 0.254789 0.615292 0.0210781 0.0179167
24 0.250445 0.638021 0.0218906 0.0229167
24 0.0663828 0.670792 0.0216094 0.022875
24 0.0689141 0.643781 0.0311719 0.0404375
24 0.110398 0.573698 0.0149844 0.0253542
24 0.202648 0.527083 0.0220156 0.037625
24 0.265555 0.580719 0.0193594 0.0272292
24 0.0923906 0.599052 0.0331875 0.0278958
24 0.0905312 0.610062 0.0272812 0.0184583
24 0.197664 0.55275 0.0171406 0.0239583
24 0.115367 0.604458 0.0183594 0.031875
24 0.149523 0.651656 0.0196406 0.0294792
24 0.144812 0.625875 0.043375 0.0426667
24 0.24275 0.603667 0.03325 0.028375
24 0.124695 0.567792 0.0203906 0.0160833
24 0.214141 0.598812 0.0240938 0.025375
24 0.315203 0.60925 0.0135 0.0144583
24 0.288484 0.626594 0.0233125 0.0283125
24 0.312859 0.618115 0.0144687 0.0164375
24 0.252922 0.571052 0.0251563 0.0431875
24 0.235102 0.530958 0.0186719 0.0198333
24 0.0411953 0.624677 0.0149531 0.0187292
24 0.220266 0.551115 0.0150312 0.0141875
24 0.327891 0.607594 0.0175937 0.0171458
24 0.0407109 0.641885 0.0264531 0.0200625
24 0.274938 0.584021 0.0171563 0.0192917
24 0.180828 0.579229 0.0320625 0.0401667
24 0.135719 0.596938 0.024625 0.0244167
24 0.132102 0.645687 0.0164844 0.023125
24 0.15582 0.57851 0.0235469 0.0385625
24 0.229055 0.537812 0.0196094 0.0186667
24 0.216156 0.53701 0.010625 0.0190208
