7 0.165047 0.493169 0.0228437 0.040939
7 0.0142187 0.581925 0.0269375 0.0428169
7 0.122234 0.536538 0.0205625 0.0402113
7 0.118828 0.585164 0.0188125 0.029061
7 0.0948594 0.599448 0.02025 0.02777
7 0.200102 0.52561 0.0279844 0.0376995
7 0.136586 0.494437 0.0277969 0.0376995
7 0.173906 0.5448 0.0267188 0.0368779
7 0.176266 0.594002 0.0129688 0.0234038
7 0.0906563 0.463333 0.0199375 0.0159155
7 0.149758 0.558932 0.0228594 0.0271127
7 0.184563 0.502958 0.023875 0.0366667
7 0.139211 0.593181 0.0282031 0.0424178
7 0.182828 0.559542 0.0267812 0.0410563
7 0.227547 0.552641 0.0138125 0.0218075
7 0.0653281 0.4852 0.0265312 0.0270657
7 0.209 0.561444 0.0269375 0.0380516
7 0.0954141 0.538192 0.0266094 0.0243192
7 0.0623359 0.513756 0.0395469 0.0510329
7 0.0985938 0.482383 0.0296875 0.0384742
7 0.159867 0.578322 0.0209844 0.0323709
7 0.21607 0.510129 0.0139844 0.0202582
7 0.0919219 0.503862 0.0244062 0.0417606
7 0.0592812 0.573697 0.02725 0.0270657
8 0.132828 0.702676 0.0279063 0.0526761
8 0.156281 0.734941 0.0446875 0.0361737
8 0.179109 0.697594 0.0240313 0.0403052
8 0.154344 0.696232 0.0249375 0.0400235
8 0.129367 0.760892 0.0186406 0.0315493
8 0.113258 0.753556 0.0255781 0.0379108
