4 0.475031 0.400787 0.08875 0.163756
4 0.679805 0.761586 0.155828 0.229365
4 0.59332 0.77882 0.159172 0.145406
4 0.462664 0.30198 0.0742656 0.140254
4 0.58932 0.284607 0.157828 0.131751
4 0.599953 0.424137 0.0934375 0.282335
4 0.599016 0.863439 0.0767188 0.0886041
4 0.50525 0.56415 0.11225 0.127792
4 0.656867 0.426637 0.0833281 0.287944
4 0.454977 0.573921 0.0790781 0.244949
4 0.474398 0.492792 0.0767656 0.0772081
4 0.590742 0.586992 0.109391 0.130787
4 0.567812 0.61066 0.071125 0.0714721
4 0.532922 0.26184 0.0774375 0.124188
4 0.541477 0.431459 0.0868594 0.19434
4 0.447805 0.368376 0.0531094 0.0908629
4 0.516422 0.599086 0.0440313 0.0835025
4 0.543375 0.688515 0.072 0.145051
4 0.614555 0.663477 0.0500781 0.07
4 0.571758 0.89953 0.112016 0.174949
