5 0.127578 0.774379 0.0654687 0.058548
5 0.254852 0.658841 0.0510469 0.0579625
5 0.141344 0.656511 0.0547188 0.081171
5 0.272516 0.633595 0.0519687 0.0830211
5 0.237234 0.617927 0.0546562 0.0779625
5 0.209148 0.664297 0.0522969 0.0611944
0 0.746031 0.603782 0.101188 0.129344
0 0.662844 0.601405 0.0840625 0.126089
0 0.534094 0.850187 0.044625 0.0735831
4 0.218266 0.545773 0.0639687 0.180726
4 0.126367 0.610656 0.0487344 0.0985012
4 0.176617 0.537635 0.0764219 0.162014
4 0.443758 0.902108 0.0452344 0.115222
4 0.471258 0.88137 0.0591406 0.0851288
4 0.100734 0.628044 0.0310625 0.100867
4 0.190437 0.546534 0.0666563 0.164778
4 0.481063 0.830995 0.0481875 0.0701874
