4 0.781641 0.641745 0.0770625 0.0722642
4 0.8265 0.727983 0.0573125 0.0658726
4 0.301523 0.631757 0.0577656 0.0921462
4 0.416594 0.768078 0.0390625 0.0331368
4 0.771102 0.699222 0.0741719 0.0750943
4 0.59925 0.70612 0.0561562 0.0776179
4 0.709844 0.439564 0.0504062 0.0679009
4 0.65582 0.706061 0.0646406 0.077783
4 0.524336 0.769316 0.0644531 0.0246226
4 0.268102 0.70145 0.0429531 0.0717217
4 0.171102 0.75895 0.0632344 0.0732311
4 0.720211 0.498479 0.0663906 0.0725708
4 0.190828 0.701462 0.0378125 0.0918868
4 0.709398 0.653774 0.0220469 0.0231132
4 0.225953 0.70862 0.0520312 0.0870519
4 0.634164 0.676533 0.0475469 0.0550943
4 0.221258 0.763797 0.0623281 0.0590094
4 0.243969 0.752783 0.0830313 0.0513679
4 0.510273 0.767653 0.0456094 0.0263915
4 0.224187 0.642866 0.0358438 0.0677123
4 0.21457 0.594233 0.0621719 0.0470519
4 0.272352 0.58941 0.0630469 0.0965094
4 0.698312 0.538915 0.046375 0.0466038
4 0.280641 0.77217 0.0912188 0.0420283
4 0.673992 0.483797 0.0271719 0.0746226
4 0.353719 0.769151 0.0678125 0.0409906
4 0.351945 0.457476 0.0415156 0.0408019
4 0.258313 0.664575 0.042125 0.0484434
4 0.680609 0.741262 0.0770312 0.0613443
4 0.757984 0.536097 0.06475 0.0448821
4 0.240437 0.565849 0.0390313 0.0476887
4 0.406125 0.76671 0.034125 0.0399764
4 0.528 0.7325 0.086625 0.0495755
4 0.342227 0.488962 0.0388281 0.0400943
4 0.776625 0.500106 0.0479687 0.0571934
