8 0.926463 0.541043 0.0359319 0.0348663
8 0.850371 0.537928 0.0345291 0.0440374
8 0.852335 0.60984 0.0328056 0.0362032
8 0.875371 0.513142 0.0317836 0.0481551
8 0.922816 0.598142 0.0361323 0.0425936
8 0.895812 0.583783 0.0303808 0.0374599
8 0.885892 0.483957 0.0342285 0.0466845
8 0.820892 0.548382 0.0261523 0.034893
8 0.911503 0.499372 0.0360321 0.0385294
8 0.894539 0.540441 0.0360922 0.0429679
8 0.674118 0.768075 0.148918 0.180695
8 0.854248 0.478757 0.0329459 0.0354813
8 0.943657 0.497995 0.0295992 0.0402674
8 0.892625 0.454332 0.0407615 0.0335829
8 0.859429 0.58619 0.0265932 0.0168717
8 0.855772 0.444639 0.0319439 0.0433422
8 0.923236 0.472152 0.0357715 0.0307754
8 0.818317 0.511898 0.00961924 0.0161497
8 0.904108 0.622126 0.025491 0.017139
8 0.822004 0.451417 0.0308216 0.0421925
8 0.835651 0.576952 0.0252906 0.0340642
