4 0.934734 0.413595 0.0104688 0.0407728
4 0.930508 0.416686 0.0102656 0.0402576
4 0.207805 0.440785 0.0169219 0.0338407
4 0.285281 0.41185 0.0107188 0.038548
4 0.914195 0.411768 0.0116719 0.043911
4 0.797961 0.436663 0.0106094 0.034356
4 0.969883 0.413021 0.00873437 0.0405152
4 0.969953 0.51144 0.0160938 0.0482201
4 0.747609 0.407377 0.007875 0.0371897
4 0.348828 0.514801 0.0102813 0.0461827
4 0.242133 0.439204 0.0115469 0.0249649
4 0.899484 0.412705 0.0100938 0.0412881
4 0.606672 0.432319 0.00753125 0.0274473
4 0.571055 0.415738 0.00848437 0.0402342
4 0.197469 0.503162 0.00684375 0.0441218
4 0.425766 0.502845 0.0065 0.0418033
4 0.484398 0.412998 0.00632812 0.0425761
4 0.240523 0.502002 0.00892187 0.0316393
4 0.225266 0.50822 0.007 0.0525059
4 0.912477 0.455714 0.00889063 0.0100234
4 0.344367 0.425445 0.00451563 0.0183372
4 0.930852 0.505597 0.0126719 0.0487119
4 0.703422 0.408595 0.0065 0.0440281
4 0.239984 0.409883 0.0070625 0.0397658
4 0.625047 0.49555 0.0108438 0.0361124
4 0.454492 0.40644 0.00801563 0.035082
4 0.319898 0.425269 0.00617188 0.0163934
4 0.956813 0.506148 0.012375 0.0414286
4 0.563344 0.498923 0.0065 0.0361124
4 0.303117 0.504133 0.00992188 0.0392272
4 0.80357 0.407272 0.0130781 0.0407728
4 0.258461 0.509859 0.00876563 0.0454333
4 0.80032 0.504239 0.00710937 0.0451522
4 0.64182 0.507073 0.0101719 0.0434192
4 0.976055 0.413396 0.0125156 0.041452
4 0.511086 0.410703 0.0116406 0.0420609
4 0.367266 0.502283 0.006125 0.0342155
4 0.233023 0.50534 0.0135156 0.0473536
4 0.918812 0.504742 0.0114062 0.0428806
4 0.533531 0.410141 0.0104375 0.0389696
4 0.720172 0.501218 0.0118438 0.0410304
4 0.550578 0.499344 0.0101875 0.0415925
4 0.358609 0.500831 0.0100938 0.0361827
4 0.321453 0.5013 0.00975 0.0376815
4 0.789375 0.406347 0.0117813 0.0398595
4 0.522258 0.50226 0.00923437 0.0430679
4 0.379148 0.505609 0.00876563 0.0489696
4 0.708836 0.406347 0.00839063 0.0405152
4 0.270375 0.448548 0.00740625 0.0354567
4 0.249688 0.501089 0.0102188 0.0322951
4 0.262336 0.51274 0.00585938 0.0532553
4 0.897398 0.445878 0.00985938 0.0139578
4 0.673328 0.506101 0.00784375 0.0405386
4 0.286992 0.500328 0.00889063 0.0363934
4 0.296016 0.499906 0.0085625 0.0410304
4 0.622703 0.434415 0.00884375 0.0337002
4 0.233477 0.40719 0.0126719 0.0377049
4 0.442688 0.498431 0.0070625 0.0415457
4 0.587852 0.496827 0.0159219 0.0348712
4 0.663844 0.406721 0.00821875 0.0377049
4 0.61818 0.49411 0.00876563 0.0407728
4 0.267875 0.410843 0.0112187 0.0329274
4 0.335164 0.518372 0.0106094 0.0497658
4 0.190281 0.408607 0.0102813 0.0440984
4 0.219016 0.50315 0.00765625 0.0473302
4 0.223805 0.403981 0.0124844 0.0415457
4 0.951258 0.505808 0.00976562 0.0391569
4 0.594766 0.498302 0.0102813 0.0366979
4 0.602227 0.435269 0.0112969 0.0333489
4 0.601109 0.500386 0.0111875 0.0448478
4 0.766266 0.409415 0.0124063 0.0388759
4 0.719625 0.407763 0.0118125 0.0412881
4 0.541641 0.408009 0.0071875 0.0330679
4 0.411805 0.501218 0.00739063 0.0399063
4 0.358555 0.443208 0.0165781 0.0222014
4 0.562289 0.412283 0.0145156 0.038993
4 0.187938 0.406885 0.0112187 0.0395316
4 0.3835 0.506054 0.00753125 0.0482201
4 0.307227 0.4363 0.0112969 0.0466979
4 0.551484 0.495422 0.00759375 0.0319204
4 0.430602 0.435269 0.00854687 0.044637
4 0.758461 0.504391 0.00723437 0.0396956
4 0.863266 0.44007 0.0147187 0.040281
4 0.787266 0.499614 0.00821875 0.0390398
4 0.537883 0.496967 0.00973437 0.0374005
4 0.396906 0.50356 0.0071875 0.0386885
4 0.572852 0.499848 0.0107031 0.0416628
4 0.781211 0.40534 0.00795313 0.0357845
4 0.280273 0.408595 0.0107656 0.0383138
4 0.694031 0.417506 0.007875 0.0443794
4 0.521805 0.406546 0.00548437 0.0338407
4 0.863047 0.504789 0.0105938 0.0380562
4 0.320656 0.429251 0.0167813 0.0264169
4 0.658523 0.503466 0.0109531 0.0428103
4 0.986477 0.509672 0.00989063 0.0465574
4 0.381102 0.409239 0.0192969 0.0390398
4 0.980398 0.508888 0.0102656 0.0466745
4 0.636984 0.507705 0.00784375 0.0436066
4 0.65007 0.409297 0.0147031 0.0387354
4 0.893555 0.501956 0.00701563 0.0338407
4 0.690008 0.413724 0.00907812 0.0430913
4 0.598242 0.4387 0.0112969 0.0133255
4 0.992195 0.510609 0.00979688 0.0480562
4 0.859117 0.437319 0.0150469 0.0348712
4 0.655477 0.505433 0.00785938 0.0430913
4 0.529484 0.502576 0.0130312 0.0408431
4 0.737242 0.412963 0.00889063 0.0492506
4 0.473836 0.411534 0.00795313 0.0374473
4 0.955234 0.457459 0.0104375 0.00845433
4 0.881406 0.416686 0.0114687 0.0438642
4 0.889359 0.420152 0.00821875 0.0466745
4 0.975094 0.512986 0.0150625 0.0461593
4 0.720727 0.520796 0.00598438 0.00435597
4 0.672594 0.408056 0.00803125 0.0366745
4 0.754859 0.437974 0.0133437 0.0197424
4 0.994727 0.414333 0.0102344 0.03363
4 0.580344 0.495878 0.0107813 0.0346136
4 0.88982 0.495258 0.0114844 0.0267213
4 0.763023 0.500679 0.00942187 0.0375176
4 0.407539 0.446112 0.0101406 0.03274
4 0.744258 0.505164 0.00564062 0.0397424
4 0.413742 0.429754 0.00907812 0.0412881
4 0.399422 0.409145 0.00840625 0.0372131
4 0.859625 0.507026 0.0061875 0.0370492
4 0.524281 0.409122 0.0121563 0.0461593
4 0.904672 0.500152 0.0114687 0.0384778
4 0.366125 0.427436 0.00578125 0.0150117
4 0.229742 0.509766 0.00510938 0.0525995
4 0.678477 0.504403 0.00832813 0.0406089
4 0.869945 0.429883 0.0158594 0.0407494
4 0.754219 0.500492 0.00615625 0.0392974
4 0.592336 0.415703 0.00954687 0.0384309
4 0.362539 0.501698 0.00848437 0.034356
4 0.949164 0.403852 0.00632812 0.0202576
4 0.614109 0.493724 0.007875 0.0346136
4 0.2025 0.501511 0.0085625 0.0423185
4 0.611898 0.494637 0.00942187 0.0382201
4 0.652961 0.408478 0.00889063 0.0377049
4 0.990023 0.419625 0.0181406 0.0420609
4 0.643617 0.408747 0.0130469 0.0394145
4 0.466742 0.409496 0.00992188 0.0348712
4 0.406805 0.501733 0.00726563 0.0385012
4 0.264141 0.411159 0.0140313 0.0364169
4 0.415414 0.430656 0.00839063 0.0425761
4 0.941805 0.503747 0.0131719 0.0410304
4 0.55318 0.420398 0.00757812 0.0422482
4 0.925039 0.415468 0.0116406 0.0402108
4 0.372672 0.414637 0.0071875 0.0474473
4 0.809586 0.502248 0.00920312 0.0420609
4 0.272484 0.504567 0.0090625 0.0441218
4 0.225273 0.441534 0.00582812 0.041007
4 0.364289 0.443232 0.0135156 0.0210304
4 0.78625 0.49808 0.00975 0.0412646
4 0.202375 0.407002 0.011 0.0446838
0 0.786391 0.675984 0.0117813 0.0141218
0 0.770047 0.680445 0.0119688 0.0133489
0 0.723961 0.670527 0.00979688 0.00953162
0 0.79757 0.682553 0.0121406 0.0174239
0 0.762039 0.661042 0.00901562 0.0124824
0 0.757141 0.664204 0.0116875 0.0114988
0 0.845633 0.697131 0.0142656 0.00747073
0 0.749016 0.69678 0.011125 0.00873536
0 0.742195 0.683653 0.0109531 0.0166745
0 0.704422 0.696616 0.0138125 0.014637
0 0.735453 0.669262 0.0125938 0.0161358
0 0.736187 0.693267 0.0123125 0.0159016
0 0.712906 0.685105 0.011125 0.0142857
0 0.791273 0.695831 0.0123906 0.0102576
0 0.741313 0.660984 0.00615625 0.00580796
0 0.807992 0.676721 0.0141094 0.02
0 0.777086 0.663009 0.00810938 0.0161358
0 0.749883 0.660059 0.00626562 0.00540984
0 0.723055 0.688583 0.0136719 0.0153864
0 0.722531 0.697857 0.0129688 0.0114988
0 0.825875 0.683536 0.0160938 0.0205152
0 0.757406 0.676792 0.0125938 0.0153162
0 0.695437 0.67993 0.0107813 0.0102576
0 0.781945 0.686956 0.0111406 0.0203279
0 0.703969 0.671148 0.0118125 0.0146136
0 0.685852 0.682646 0.0111094 0.0176581
0 0.759594 0.689988 0.0133437 0.0179625
0 0.724422 0.67726 0.0126875 0.0135831
0 0.833078 0.695445 0.0119688 0.0105152
0 0.691719 0.694297 0.013 0.0148712
0 0.818125 0.690199 0.0145937 0.0196956
4 0.428477 0.717693 0.0135156 0.0153864
4 0.384656 0.740714 0.0039375 0.00822014
4 0.434188 0.750445 0.0122813 0.00810304
4 0.265305 0.766429 0.0180781 0.0112178
4 0.252523 0.738829 0.00839063 0.0118033
4 0.189563 0.728208 0.0215625 0.0148712
4 0.391578 0.73123 0.014375 0.0117799
4 0.269875 0.746487 0.00821875 0.00899297
4 0.232914 0.72548 0.0146406 0.0104918
4 0.30657 0.741101 0.0104219 0.0103981
4 0.323648 0.739438 0.0119844 0.00871194
4 0.251922 0.718326 0.0179063 0.0108431
4 0.396664 0.744684 0.00773437 0.0135831
4 0.29607 0.729965 0.00829687 0.0103279
4 0.21075 0.717646 0.0186562 0.0110304
4 0.28068 0.742529 0.0153594 0.0167681
4 0.3755 0.726991 0.013 0.00845433
4 0.361227 0.749075 0.00907812 0.00793911
4 0.257172 0.749309 0.00959375 0.014637
4 0.268797 0.719133 0.0176875 0.0125995
4 0.236461 0.767436 0.00514063 0.0071897
4 0.404078 0.728665 0.00684375 0.0112881
4 0.428367 0.739192 0.00748437 0.0142155
4 0.207633 0.741429 0.00923437 0.0102576
4 0.344227 0.737986 0.00564062 0.00922717
4 0.416234 0.741358 0.00625 0.0102576
4 0.192234 0.747775 0.0116562 0.0162529
4 0.273063 0.724543 0.0102188 0.0139578
4 0.309297 0.724871 0.0147187 0.0318033
4 0.359156 0.736838 0.01225 0.0128337
4 0.20532 0.764789 0.00873437 0.00751756
4 0.247891 0.731112 0.0256563 0.0105152
4 0.334734 0.748091 0.0146563 0.0116393
4 0.368812 0.719824 0.011375 0.0145433
4 0.172391 0.739801 0.0125938 0.0285012
4 0.389805 0.681265 0.00923437 0.00871194
4 0.320453 0.728618 0.0190937 0.0173302
4 0.242062 0.766393 0.009125 0.00978923
4 0.445563 0.73103 0.0061875 0.00702576
