8 0.928617 0.711543 0.0478594 0.0534009
8 0.854203 0.733581 0.0334375 0.0485135
8 0.974859 0.752207 0.0395313 0.0449099
8 0.810992 0.705236 0.0429219 0.0440766
8 0.845531 0.698041 0.0108438 0.0183333
8 0.915797 0.794527 0.0437813 0.0549099
8 0.87357 0.79455 0.0468594 0.0531982
8 0.836953 0.79036 0.0389688 0.0432432
8 0.761078 0.703209 0.0404687 0.0410586
8 0.823148 0.746239 0.0348281 0.0359459
8 0.803516 0.678604 0.0202813 0.0197748
8 0.942219 0.756104 0.0409687 0.0448649
8 0.805969 0.728232 0.0433125 0.0541667
8 0.754898 0.658209 0.00960937 0.0112838
8 0.878672 0.768074 0.0400625 0.0361486
8 0.895492 0.736633 0.0420156 0.050518
8 0.73475 0.658007 0.0359688 0.0569144
8 0.834469 0.722635 0.0136875 0.0227027
8 0.820391 0.694358 0.0379375 0.0348874
8 0.805047 0.770304 0.0170937 0.0153829
8 0.738438 0.696396 0.0210625 0.0306757
8 0.892672 0.711791 0.0268125 0.0138964
8 0.924563 0.768131 0.0361563 0.0395045
8 0.768445 0.732241 0.0279531 0.0253829
8 0.784094 0.701036 0.017125 0.0241441
8 0.788742 0.748502 0.0364531 0.0311937
8 0.865578 0.698209 0.0329375 0.040518
8 0.758555 0.67589 0.0220781 0.0261486
8 0.828211 0.763119 0.0427344 0.0353829
8 0.828227 0.668716 0.0299219 0.041036
8 0.792164 0.662309 0.0302656 0.0389865
8 0.889414 0.687365 0.0341719 0.0545495
8 0.843469 0.686486 0.0143125 0.0246847
8 0.970688 0.728671 0.0462187 0.0391441
8 0.772445 0.676227 0.0188594 0.0270045
8 0.857812 0.715439 0.0405937 0.0279505
8 0.785508 0.687432 0.0268281 0.0236036
4 0.676523 0.923243 0.123922 0.112477
4 0.286484 0.735755 0.05 0.0972297
4 0.458781 0.635507 0.0159688 0.0351577
4 0.429953 0.754032 0.046625 0.0310811
4 0.521547 0.67795 0.0161563 0.0327477
4 0.378 0.759977 0.0521563 0.0462162
4 0.785969 0.813041 0.0777188 0.109955
4 0.503133 0.707196 0.0229219 0.0839414
4 0.402648 0.604099 0.0115156 0.0224324
4 0.690492 0.898333 0.126391 0.0938739
4 0.705617 0.819133 0.0585156 0.112905
4 0.776117 0.829065 0.0703906 0.116734
4 0.484195 0.943896 0.0317031 0.0297297
4 0.442273 0.89473 0.0534531 0.0816216
4 0.378281 0.603829 0.0100313 0.0398198
4 0.355445 0.646791 0.0450469 0.0669144
4 0.304164 0.721577 0.0285469 0.106171
4 0.479672 0.703435 0.0289375 0.0826802
4 0.413492 0.839617 0.0605469 0.0284685
4 0.497227 0.808975 0.0261719 0.042545
4 0.389148 0.611104 0.0216719 0.039955
4 0.320258 0.672691 0.0146094 0.0284459
4 0.552414 0.774223 0.0528281 0.102905
4 0.393461 0.650698 0.0304531 0.0766667
4 0.516859 0.80705 0.0195938 0.0540991
4 0.796563 0.782556 0.0879062 0.0699775
4 0.519008 0.860867 0.0234531 0.0309234
4 0.519844 0.712568 0.0178125 0.0748649
4 0.590578 0.688615 0.0740625 0.0618694
4 0.687492 0.67491 0.0697344 0.072027
4 0.36307 0.73286 0.0524844 0.0951802
4 0.740852 0.836486 0.0411406 0.122973
4 0.471797 0.890405 0.036375 0.0831532
4 0.663984 0.933097 0.112906 0.125068
4 0.498156 0.652568 0.018875 0.0230631
4 0.429078 0.64107 0.0194062 0.0471847
4 0.674914 0.737748 0.0229531 0.0445045
4 0.424125 0.613086 0.0177813 0.0259459
4 0.582367 0.816745 0.0493281 0.0179054
4 0.679539 0.791948 0.0651094 0.0918694
4 0.554867 0.908941 0.0724844 0.136577
4 0.606531 0.711543 0.061625 0.0876802
4 0.709898 0.732556 0.0207031 0.033536
4 0.329969 0.710507 0.0220312 0.108941
4 0.449305 0.717568 0.0336406 0.0755405
4 0.687406 0.914595 0.132469 0.102973
4 0.477516 0.792703 0.0329688 0.0881081
4 0.64368 0.745484 0.0637031 0.098536
4 0.408367 0.629662 0.0200781 0.0584685
4 0.480617 0.639572 0.0164531 0.0256757
4 0.570047 0.927185 0.0542813 0.141622
4 0.658898 0.751734 0.0375469 0.0854505
4 0.414633 0.686171 0.0235469 0.058964
4 0.483336 0.661993 0.0181719 0.0369144
4 0.344484 0.663896 0.0543125 0.0574324
4 0.442156 0.734966 0.0474062 0.052455
4 0.685734 0.739426 0.0115312 0.0360586
4 0.368875 0.642444 0.035625 0.0853829
4 0.359633 0.721216 0.0520781 0.100586
4 0.599391 0.931284 0.0514687 0.137432
4 0.44493 0.866036 0.0800156 0.0752703
4 0.690898 0.868953 0.120203 0.0743919
4 0.585914 0.770935 0.0296719 0.0373649
4 0.620406 0.816926 0.0560937 0.0338514
4 0.716117 0.813108 0.0205781 0.0815315
4 0.68132 0.679471 0.0509844 0.0499324
4 0.425063 0.662782 0.0249062 0.0753829
4 0.0615078 0.567917 0.0417969 0.0138964
4 0.696445 0.739358 0.0147656 0.0335811
4 0.491023 0.890439 0.0218594 0.0907432
4 0.347008 0.714291 0.0332969 0.111554
4 0.635234 0.933187 0.082875 0.133626
4 0.463445 0.706081 0.0261719 0.0833333
4 0.510445 0.882185 0.0245781 0.0925676
4 0.509461 0.927568 0.0286719 0.048964
4 0.600547 0.702185 0.0647812 0.074955
4 0.749758 0.728851 0.0828906 0.0607658
4 0.586703 0.789099 0.07275 0.0414865
4 0.667594 0.678975 0.0319063 0.0349775
4 0.641 0.769764 0.013 0.0493018
4 0.520141 0.762275 0.0186562 0.0316216
4 0.458281 0.914932 0.0265312 0.06
4 0.391813 0.718559 0.0140625 0.0307658
4 0.550086 0.843063 0.0691719 0.0174324
4 0.471094 0.648716 0.0135312 0.0277027
4 0.760648 0.836408 0.0591406 0.124572
4 0.657547 0.684595 0.0220938 0.0362613
4 0.60393 0.758209 0.0192344 0.0389865
4 0.0577031 0.55223 0.0170937 0.0222973
4 0.446289 0.691926 0.0195781 0.0330856
4 0.531195 0.716599 0.0197344 0.0549099
4 0.150328 0.5483 0.0720313 0.0227252
