9 0.68207 0.0935363 0.0374219 0.0509602
9 0.548555 0.130492 0.0547031 0.0943326
9 0.147961 0.710609 0.0821719 0.0905855
9 0.484961 0.396534 0.0912969 0.143747
9 0.0653906 0.49829 0.101937 0.11452
9 0.495445 0.0668384 0.0507656 0.0555504
9 0.751922 0.16808 0.0392188 0.105386
9 0.407313 0.293361 0.0414687 0.0869555
9 0.488406 0.288899 0.07 0.108618
9 0.500367 0.165948 0.0716094 0.0905386
9 0.476695 0.555902 0.0482031 0.0385948
9 0.549508 0.453489 0.0447969 0.0412178
9 0.549656 0.377272 0.0981875 0.132904
9 0.667016 0.141358 0.0933125 0.0968618
9 0.585289 0.0875176 0.0521094 0.0698361
9 0.343313 0.363326 0.0828125 0.100796
9 0.421258 0.48945 0.105016 0.131593
9 0.431961 0.360164 0.0656094 0.0976112
9 0.0425312 0.57308 0.0603125 0.0516393
9 0.609984 0.365913 0.08 0.0945433
9 0.483453 0.706569 0.0629062 0.090281
9 0.698414 0.40459 0.128891 0.076815
9 0.112828 0.554087 0.0854375 0.0963232
9 0.592391 0.145187 0.0402187 0.0710304
9 0.630766 0.051733 0.0970625 0.103466
9 0.4495 0.239403 0.0775937 0.116792
9 0.488211 0.504578 0.0506719 0.077822
9 0.566953 0.282518 0.0532813 0.0774473
9 0.268727 0.659859 0.0222969 0.0464637
9 0.72343 0.211604 0.0829844 0.0886885
9 0.524438 0.255258 0.0693125 0.103958
9 0.399867 0.411089 0.0471094 0.0518267
9 0.53557 0.0804098 0.0563906 0.0783841
9 0.403602 0.37726 0.0538281 0.0891335
9 0.639406 0.310574 0.0358438 0.0430211
9 0.447375 0.094719 0.0682813 0.0758548
4 0.773375 0.261979 0.0461562 0.0518267
4 0.821945 0.313782 0.0741094 0.106674
4 0.812422 0.359567 0.057625 0.065363
4 0.717063 0.277342 0.0736563 0.0712646
4 0.736797 0.353431 0.0809375 0.101944
4 0.796125 0.441979 0.083 0.155995
4 0.844141 0.481089 0.0568438 0.0857377
4 0.765984 0.288068 0.0355313 0.054356
4 0.905836 0.469356 0.0516719 0.0621311
4 0.782008 0.34356 0.0284844 0.0674941
4 0.752305 0.307927 0.0312031 0.0346838
4 0.845422 0.431136 0.030875 0.0359485
