1 0.718729 0.845102 0.337833 0.262734
1 0.594531 0.154422 0.301271 0.26025
1 0.132188 0.850352 0.264375 0.262422
1 0.437042 0.372211 0.291208 0.235141
1 0.948677 0.32725 0.102646 0.217937
1 0.8665 0.162328 0.265542 0.257938
1 0.839552 0.625742 0.320896 0.243922
1 0.334292 0.480359 0.239 0.147844
1 0.749677 0.364047 0.328271 0.244688
1 0.578531 0.456625 0.242313 0.164813
1 0.375771 0.1235 0.167458 0.157
1 0.269469 0.181258 0.309563 0.256703
1 0.0621667 0.223656 0.124333 0.147125
1 0.148448 0.38493 0.290521 0.251234
1 0.114104 0.0488594 0.201 0.0977187
1 0.53275 0.637086 0.299667 0.226953
1 0.397219 0.844648 0.299188 0.253422
1 0.815385 0.0735781 0.219854 0.144031
1 0.975104 0.482563 0.0497917 0.101844
1 0.570562 0.903734 0.102125 0.080875
1 0.900906 0.90682 0.107854 0.0721719
1 0.188656 0.0134531 0.146562 0.0269062
1 0.135073 0.23925 0.0380208 0.0425625
1 0.896115 0.0246328 0.207771 0.0492656
1 0.0701562 0.53775 0.140312 0.0635312
1 0.0736667 0.661484 0.147333 0.197563
1 0.382781 0.0288281 0.206563 0.0568125
1 0.269698 0.0396172 0.123188 0.0427656
1 0.848667 0.464273 0.259083 0.136109
1 0.107865 0.139469 0.167979 0.178187
1 0.0917917 0.49793 0.17875 0.0708906
1 0.506458 0.0336172 0.188167 0.0672344
1 0.192677 0.547125 0.121271 0.0328125
1 0.257396 0.65318 0.270875 0.214641
1 0.933979 0.813047 0.132042 0.258313
1 0.696521 0.0363828 0.192333 0.0727656
