4 0.171281 0.673806 0.0343437 0.059555
4 0.368883 0.981803 0.0172656 0.0297424
4 0.0153437 0.970094 0.028875 0.0593911
4 0.278914 0.80055 0.0247656 0.0388525
4 0.0544219 0.689766 0.0244688 0.0619672
4 0.0199766 0.845422 0.0309844 0.0535597
4 0.0586875 0.611382 0.0235313 0.0366745
4 0.298875 0.812869 0.0193125 0.0246136
4 0.20325 0.624672 0.031625 0.0364169
4 0.0511797 0.80897 0.0452969 0.0528337
4 0.175547 0.61137 0.0286563 0.0319204
4 0.0828906 0.970129 0.048375 0.0587119
4 0.0266562 0.62 0.0323125 0.0466511
4 0.108937 0.88356 0.045875 0.0502108
4 0.0237422 0.81692 0.0363281 0.0333255
4 0.112297 0.914098 0.0287187 0.0297424
4 0.188789 0.845773 0.0328281 0.0776815
4 0.0867266 0.609215 0.0341094 0.0442857
4 0.142023 0.641393 0.0381406 0.0564637
4 0.0296719 0.712763 0.0370313 0.0482904
4 0.0190156 0.668642 0.0359063 0.044356
4 0.264187 0.909122 0.0396875 0.0611007
4 0.107633 0.641066 0.0369219 0.0583372
4 0.113758 0.602916 0.0362344 0.0338407
4 0.0136719 0.792096 0.0273438 0.0430679
4 0.147305 0.607658 0.0299844 0.0240281
4 0.32007 0.975761 0.0328281 0.0459016
4 0.125797 0.680281 0.0316875 0.0425293
4 0.343914 0.977681 0.0227344 0.02
4 0.366367 0.921148 0.0178281 0.0213583
4 0.301914 0.753173 0.0172656 0.034356
4 0.12332 0.771019 0.0512969 0.0446136
4 0.269648 0.630199 0.0181094 0.0228806
4 0.352352 0.943126 0.0128281 0.0417564
4 0.0906562 0.688326 0.0427812 0.0578689
4 0.298961 0.893595 0.0176094 0.0322951
4 0.0143984 0.920831 0.0287969 0.0403513
4 0.129766 0.961382 0.041875 0.0542389
4 0.238719 0.7626 0.0454062 0.0367213
4 0.159477 0.702951 0.0234219 0.0276815
4 0.0471875 0.638595 0.0332812 0.0354567
4 0.284258 0.700433 0.0283281 0.0433958
4 0.07875 0.823747 0.038125 0.0540984
4 0.048 0.948501 0.03625 0.0402342
4 0.225602 0.801358 0.0635156 0.0598126
4 0.0395703 0.984871 0.0350469 0.0302576
4 0.187172 0.926159 0.054875 0.0676815
4 0.048875 0.767564 0.0333437 0.0325527
4 0.246992 0.966335 0.0558906 0.0651288
4 0.202969 0.674778 0.0317812 0.0548478
4 0.0765937 0.637506 0.0242812 0.0409602
4 0.166914 0.777225 0.0321406 0.0428337
4 0.288273 0.974075 0.0293906 0.0518501
4 0.194047 0.716792 0.0369375 0.0530679
4 0.222383 0.865246 0.0394844 0.0951288
4 0.185547 0.978091 0.0448125 0.0427869
4 0.329984 0.94719 0.0222188 0.02
4 0.266719 0.86555 0.0392188 0.0775176
4 0.190602 0.768302 0.0237656 0.0654567
4 0.112227 0.810316 0.0341406 0.0512646
4 0.3175 0.826546 0.0180625 0.0415222
4 0.233844 0.680773 0.0425625 0.0481967
4 0.257117 0.640129 0.0249531 0.0355269
4 0.30968 0.911511 0.0187344 0.0370258
4 0.277508 0.761159 0.0264844 0.0489696
