0 0.918609 0.426126 0.162781 0.334955
0 0.241883 0.0926126 0.0818281 0.185
0 0.0483516 0.254009 0.0919844 0.188514
0 0.0572734 0.403941 0.0954219 0.156532
0 0.483141 0.464561 0.0855 0.22259
0 0.949547 0.302815 0.100906 0.163919
0 0.105766 0.249797 0.0540625 0.104685
0 0.19532 0.39089 0.112672 0.149932
0 0.0564766 0.0714302 0.112953 0.104932
0 0.458641 0.329989 0.0824688 0.115248
0 0.191406 0.220957 0.131656 0.213896
0 0.914141 0.733322 0.171719 0.20277
0 0.111844 0.376059 0.0851875 0.201396
0 0.238961 0.255304 0.0911094 0.175203
0 0.177742 0.0601014 0.0524844 0.058536
0 0.873188 0.57223 0.176719 0.209459
0 0.315414 0.0213514 0.0897344 0.0427027
0 0.0890078 0.17357 0.0822031 0.0901126
0 0.684734 0.822297 0.225875 0.307973
0 0.323578 0.268356 0.0669063 0.157297
0 0.556914 0.567387 0.128578 0.203784
0 0.80168 0.781419 0.0660469 0.242883
0 0.132 0.0939865 0.102094 0.0593694
0 0.835773 0.263941 0.0844844 0.0632432
0 0.489063 0.605191 0.196188 0.166779
0 0.568203 0.744392 0.173 0.184054
0 0.777555 0.530856 0.221141 0.213919
0 0.695156 0.28795 0.0595313 0.088964
0 0.292969 0.221396 0.05875 0.121532
0 0.639273 0.342432 0.216547 0.315721
0 0.347766 0.123029 0.081375 0.109707
0 0.532172 0.344369 0.0785937 0.0803604
0 0.765875 0.249234 0.0612188 0.257252
0 0.785328 0.0753266 0.07675 0.150653
0 0.822758 0.188941 0.0642031 0.121667
0 0.722406 0.76384 0.095625 0.172815
0 0.634969 0.543851 0.117313 0.278468
0 0.433195 0.423243 0.0674219 0.130135
0 0.208094 0.0634009 0.0554375 0.106712
0 0.178078 0.0288401 0.0988125 0.0561486
0 0.895219 0.168919 0.11075 0.143649
0 0.338586 0.0930293 0.0856406 0.12295
0 0.564984 0.415315 0.0839375 0.181216
0 0.681398 0.598086 0.0648594 0.123468
0 0.0282266 0.147838 0.0564531 0.117387
0 0.830055 0.349403 0.184172 0.151464
0 0.548156 0.165518 0.0891875 0.123649
0 0.0409609 0.0260248 0.0819219 0.0520495
0 0.575836 0.046036 0.0809844 0.0920721
0 0.649969 0.755304 0.149313 0.243851
0 0.614508 0.170056 0.168203 0.123896
