4 0.417867 0.747613 0.0893281 0.17233
4 0.137602 0.568495 0.0827969 0.120701
4 0.271562 0.78819 0.101781 0.141674
4 0.621164 0.822998 0.0927031 0.169887
4 0.215352 0.551844 0.0998594 0.147081
4 0.533938 0.776606 0.1035 0.146018
4 0.459438 0.852296 0.127 0.207715
4 0.353258 0.891855 0.0871406 0.131765
4 0.567539 0.877115 0.0919844 0.160113
4 0.263234 0.601278 0.0516875 0.12871
4 0.423914 0.644084 0.0513594 0.095905
4 0.346531 0.821199 0.122438 0.15552
4 0.184117 0.625498 0.105859 0.13086
4 0.237641 0.711561 0.09925 0.146063
4 0.176 0.514106 0.0789375 0.106674
