8 0.618508 0.550335 0.0828594 0.0938494
8 0.558031 0.653619 0.0774375 0.0861088
8 0.505156 0.518075 0.07375 0.0748954
8 0.154781 0.631391 0.242656 0.309017
8 0.569484 0.501004 0.0757188 0.0974059
8 0.481242 0.674885 0.0845469 0.113201
8 0.568187 0.586036 0.0362188 0.071318
8 0.508523 0.579749 0.0992344 0.108494
8 0.615094 0.61295 0.063 0.0848536
8 0.564391 0.555031 0.0255 0.0160879
8 0.565656 0.725 0.085625 0.112929
8 0.447578 0.587594 0.0860625 0.10954
8 0.663727 0.653923 0.0666719 0.098682
8 0.327078 0.760251 0.219719 0.279749
8 0.526977 0.771935 0.0750469 0.0793096
8 0.500266 0.730565 0.0572812 0.0946444
8 0.626234 0.700042 0.0660937 0.0915481
5 0.471602 0.402364 0.184422 0.223849
5 0.310719 0.472992 0.215844 0.289247
6 0.555727 0.256328 0.0551719 0.0681381
6 0.591289 0.279634 0.0608281 0.0855858
6 0.590453 0.190669 0.139844 0.0843933
6 0.746227 0.299038 0.0339844 0.0408787
6 0.690117 0.143985 0.0919531 0.0782218
6 0.725672 0.218933 0.0498125 0.0733473
6 0.644156 0.26454 0.0625313 0.148159
6 0.690031 0.218243 0.154313 0.103096
6 0.648984 0.242092 0.141562 0.105146
6 0.519516 0.222709 0.0339375 0.0454603
6 0.66618 0.21273 0.0607344 0.0423222
6 0.611922 0.338787 0.0405625 0.0302092
6 0.718445 0.311517 0.115516 0.0484728
6 0.719711 0.307197 0.0351094 0.0403347
6 0.618055 0.143536 0.0651406 0.116192
6 0.600086 0.220554 0.0333281 0.0482218
