0 0.67218 0.0635333 0.09548 0.127067
0 0.67347 0.441493 0.07122 0.0912
0 0.35088 0.494453 0.07876 0.110987
0 0.61899 0.505733 0.02626 0.0618667
0 0.73568 0.181373 0.02916 0.0711733
0 0.28984 0.0151067 0.02872 0.0302133
0 0.29463 0.18624 0.02882 0.0916267
0 0.43558 0.199827 0.02568 0.0776267
0 0.6086 0.166667 0.01824 0.0709867
0 0.37359 0.0577467 0.10206 0.115493
0 0.74024 0.662147 0.0644 0.0657333
0 0.42296 0.371093 0.0346 0.07392
0 0.7288 0.346413 0.01484 0.0630667
0 0.67302 0.265653 0.08732 0.104853
0 0.61453 0.365 0.02234 0.0654667
0 0.36419 0.750973 0.08782 0.07768
0 0.64883 0.645493 0.02238 0.02864
0 0.68353 0.559147 0.07438 0.02176
0 0.30037 0.41912 0.00962 0.0580267
0 0.33216 0.645653 0.0586 0.0471467
0 0.41496 0.562933 0.04752 0.0693333
0 0.35909 0.282853 0.09058 0.105653
0 0.60148 0.0250667 0.02148 0.0501333
