4 0.203625 0.525844 0.0612188 0.0486831
4 0.306586 0.661831 0.0454844 0.0768724
4 0.423391 0.63 0.0475625 0.0525926
4 0.347797 0.691101 0.0561562 0.0366461
4 0.472906 0.32357 0.0524375 0.0641358
4 0.264406 0.54715 0.0346562 0.033107
4 0.469219 0.216451 0.0524687 0.0293621
4 0.531914 0.28607 0.0418281 0.0297531
4 0.576383 0.213961 0.0502344 0.0547119
4 0.577734 0.18213 0.0427187 0.0351235
4 0.252852 0.561698 0.0163281 0.0180864
4 0.606117 0.279846 0.0216406 0.027963
4 0.187805 0.63463 0.0511719 0.0738683
4 0.164594 0.578549 0.0370937 0.0603498
4 0.250039 0.611574 0.0396406 0.0273457
4 0.385852 0.63072 0.0510781 0.0746502
4 0.424258 0.699414 0.0525156 0.0617078
