0 0.454977 0.551993 0.0161094 0.0135613
0 0.308023 0.586828 0.0194219 0.0270991
0 0.151945 0.660755 0.0300469 0.0323585
0 0.388977 0.586191 0.0224844 0.0231368
0 0.595367 0.567146 0.0264844 0.0349057
0 0.597977 0.54645 0.0254531 0.0151179
0 0.554078 0.56171 0.019125 0.0261085
0 0.319156 0.652134 0.0327188 0.0405425
0 0.188859 0.687689 0.0375 0.0284906
0 0.281133 0.575071 0.0221094 0.0267925
0 0.132117 0.692748 0.0377969 0.0499292
0 0.175516 0.632547 0.0309687 0.0373585
0 0.291258 0.633491 0.0349219 0.0426887
0 0.0643984 0.700318 0.0369844 0.0492217
0 0.516047 0.591757 0.0248438 0.0296934
0 0.36843 0.577771 0.0104219 0.0310613
0 0.0248203 0.712241 0.0417344 0.0548113
0 0.329531 0.600672 0.0305 0.043184
0 0.597266 0.595142 0.0254063 0.0270283
0 0.0983359 0.677252 0.0397344 0.0554009
0 0.394398 0.574316 0.0212031 0.0261321
0 0.449969 0.57342 0.023 0.0270283
0 0.620047 0.550401 0.0253125 0.0244811
0 0.422039 0.600932 0.0262344 0.0348821
0 0.670469 0.575436 0.027 0.0320047
0 0.445898 0.609233 0.0307031 0.0456368
0 0.392453 0.640542 0.0304687 0.0279245
0 0.506023 0.562771 0.0247969 0.0289858
0 0.470227 0.59329 0.0207969 0.0246934
0 0.189688 0.659198 0.0329062 0.0435377
0 0.645375 0.564328 0.0270625 0.0358255
0 0.374898 0.618137 0.0293594 0.0368868
0 0.0755547 0.617913 0.0349219 0.0439387
0 0.476242 0.571922 0.0286094 0.0466274
0 0.198695 0.60421 0.0299531 0.0389387
0 0.302719 0.603467 0.0231562 0.0212264
0 0.498773 0.586757 0.0202031 0.0333255
0 0.330008 0.57658 0.0277344 0.0266981
0 0.249742 0.599906 0.0312031 0.0408019
0 0.568617 0.590259 0.0262969 0.0342453
0 0.227375 0.614835 0.029875 0.0403302
0 0.0238047 0.628821 0.0305781 0.0395755
0 0.359242 0.611486 0.0189219 0.0275472
0 0.593852 0.528231 0.0204844 0.0193868
0 0.536391 0.6 0.031 0.0392453
0 0.0533984 0.666639 0.0392344 0.0546934
0 0.542578 0.543915 0.0235938 0.0220755
0 0.302406 0.802795 0.00846875 0.0311557
0 0.408633 0.567571 0.0174219 0.0243396
0 0.571195 0.526179 0.0157656 0.012783
0 0.508383 0.608172 0.0269844 0.0262028
0 0.563852 0.545307 0.0233906 0.0176415
0 0.29043 0.662229 0.0352656 0.0298349
0 0.164187 0.612771 0.0266562 0.0317689
0 0.29393 0.585554 0.0268906 0.0393632
0 0.232125 0.589835 0.0211562 0.0159434
0 0.444742 0.547653 0.0180156 0.0259198
0 0.277781 0.606226 0.0214062 0.0316981
0 0.0171484 0.679575 0.0342969 0.0346698
0 0.176586 0.653691 0.0231719 0.0336557
0 0.653734 0.543585 0.020375 0.0207547
0 0.21925 0.669623 0.0359375 0.0514151
0 0.106477 0.638644 0.0326406 0.036533
0 0.424437 0.623868 0.0284687 0.0211792
0 0.220492 0.592524 0.0152969 0.0217925
0 0.522789 0.541191 0.0166719 0.0255425
0 0.622961 0.572583 0.0235469 0.0342689
0 0.68493 0.548644 0.0227031 0.0216274
0 0.612797 0.585684 0.0188125 0.036934
0 0.231703 0.634929 0.0304063 0.0401415
0 0.254375 0.647877 0.0200625 0.0170283
0 0.19432 0.618844 0.0223281 0.0200472
0 0.617828 0.530083 0.018375 0.0171934
0 0.153695 0.636002 0.0194219 0.0266274
0 0.0863125 0.710483 0.0385313 0.0266745
0 0.0767266 0.64158 0.0277969 0.0209434
0 0.703437 0.565118 0.0179687 0.0267925
0 0.364812 0.638007 0.0287187 0.0379953
0 0.411156 0.585142 0.01225 0.00641509
0 0.432977 0.566462 0.0212031 0.0257075
0 0.260875 0.623007 0.0325 0.040684
0 0.548406 0.58 0.0241875 0.0348585
0 0.0503828 0.640778 0.0307344 0.0326887
0 0.0123203 0.656167 0.0246406 0.0291274
0 0.141461 0.638939 0.0262344 0.0274057
0 0.0508438 0.608396 0.0283125 0.0346226
0 0.631766 0.587394 0.0158438 0.00955189
0 0.513117 0.552925 0.0201094 0.0223585
0 0.371422 0.564399 0.0150937 0.0143632
0 0.467312 0.621934 0.0271875 0.0256604
0 0.3455 0.640531 0.0174375 0.0290802
