4 0.0994896 0.578615 0.194437 0.159271
4 0.391437 0.333417 0.217125 0.168208
4 0.375083 0.400396 0.249708 0.199792
4 0.43949 0.432875 0.120271 0.133833
4 0.288521 0.338958 0.0759167 0.177042
4 0.21974 0.54376 0.0618958 0.0877292
10 0.842656 0.238979 0.0891875 0.02175
10 0.77899 0.193156 0.0589375 0.113896
10 0.960052 0.0792292 0.0798958 0.158458
10 0.79075 0.0600104 0.080875 0.120021
10 0.948573 0.00652083 0.0399792 0.0130417
10 0.879052 0.05375 0.101854 0.0822083
10 0.947354 0.21449 0.101292 0.0705208
10 0.897 0.0213646 0.094375 0.0427292
7 0.473698 0.580479 0.0527708 0.1135
7 0.43976 0.53524 0.0972708 0.0697292
7 0.398333 0.55449 0.0775417 0.0630208
7 0.317094 0.59325 0.0653958 0.105583
7 0.271906 0.647813 0.0441042 0.0417917
7 0.421281 0.717698 0.0778542 0.0643958
7 0.288646 0.708719 0.0775 0.0826458
7 0.455896 0.641604 0.0350417 0.0674583
7 0.400021 0.626594 0.102042 0.111312
7 0.472385 0.739135 0.0433958 0.0213958
7 0.336885 0.657729 0.0477708 0.034125
7 0.32176 0.538 0.0123125 0.0128333
7 0.355031 0.740635 0.0668125 0.0181875
7 0.421417 0.670615 0.0584583 0.0492292
7 0.350552 0.707313 0.0686875 0.0697917
7 0.28351 0.547187 0.0678125 0.0955417
7 0.365094 0.51851 0.0549792 0.0393125
7 0.477417 0.703365 0.0450417 0.0974375
7 0.491354 0.512344 0.017375 0.0235208
7 0.273729 0.606698 0.0230833 0.0261458
7 0.324656 0.517927 0.0572708 0.0343542
0 0.0154896 0.215104 0.0309792 0.0684167
0 0.123917 0.19099 0.108958 0.118646
0 0.0455833 0.156656 0.0856667 0.133479
0 0.889656 0.449146 0.218313 0.0981667
0 0.0577604 0.232021 0.0705208 0.0365833
0 0.283833 0.804958 0.067 0.109792
0 0.0980208 0.109646 0.09 0.104292
0 0.375552 0.939594 0.107646 0.119479
0 0.336052 0.84126 0.0623125 0.0441042
0 0.778469 0.447698 0.0566042 0.104604
0 0.621406 0.580396 0.242521 0.16275
0 0.309042 0.981979 0.0679583 0.0360417
0 0.293823 0.908115 0.0865208 0.130771
0 0.264802 0.966083 0.0302708 0.067
0 0.873427 0.3575 0.253146 0.213625
0 0.0343021 0.0528437 0.0686042 0.105687
1 0.704708 0.129021 0.0909167 0.169208
1 0.215292 0.343802 0.071375 0.186313
1 0.980042 0.788281 0.0399167 0.0773125
1 0.965552 0.960427 0.0677708 0.0786042
1 0.0902708 0.364958 0.176292 0.231958
1 0.95474 0.882938 0.0881042 0.173292
1 0.782208 0.77776 0.0635417 0.0547708
1 0.171094 0.411333 0.156854 0.1765
1 0.845885 0.88025 0.190521 0.236917
1 0.543854 0.0282708 0.08825 0.0564167
1 0.116573 0.480635 0.222479 0.0388125
1 0.714417 0.209469 0.071375 0.0818542
1 0.901188 0.781875 0.133583 0.0620417
1 0.73075 0.0419271 0.03975 0.0838542
1 0.651833 0.0339167 0.135042 0.0670417
4 0.35576 0.0278021 0.0979792 0.0556042
4 0.606479 0.777427 0.09625 0.0553542
4 0.55224 0.785687 0.102104 0.07
4 0.115031 0.873177 0.221312 0.245021
4 0.592531 0.892448 0.185104 0.215104
4 0.635552 0.904823 0.107188 0.184271
4 0.389312 0.155865 0.1145 0.187479
4 0.734156 0.903458 0.0316875 0.19
4 0.227948 0.76724 0.0451458 0.0353125
4 0.268208 0.0677292 0.0354583 0.0549167
4 0.143021 0.875375 0.21325 0.24925
4 0.0602188 0.921885 0.120438 0.156229
4 0.42301 0.157094 0.123063 0.185896
4 0.374115 0.128354 0.249771 0.245708
4 0.705406 0.758802 0.0727708 0.0177708
4 0.301812 0.0348958 0.103292 0.0697917
4 0.49125 0.0279375 0.0169167 0.0464167
4 0.01075 0.986792 0.0215 0.0264167
4 0.51676 0.817792 0.0331875 0.05325
4 0.671365 0.906312 0.124604 0.187375
4 0.485302 0.153375 0.0305208 0.194708
4 0.454448 0.00879167 0.0606458 0.0175833
