8 0.717898 0.534353 0.0413906 0.0380357
8 0.686555 0.55875 0.0423906 0.0527232
8 0.672055 0.463973 0.0390469 0.0366518
8 0.715344 0.474531 0.0331875 0.0474107
8 0.612773 0.505569 0.0391406 0.0566741
8 0.644391 0.481529 0.0345937 0.0391295
8 0.655477 0.53404 0.0321406 0.0501339
8 0.696961 0.515893 0.0320469 0.0394643
8 0.655672 0.510368 0.0478125 0.0500223
8 0.732133 0.494799 0.0409219 0.0448661
8 0.760875 0.578549 0.03975 0.0515625
8 0.670961 0.432299 0.0315469 0.0297321
8 0.639867 0.452567 0.0192031 0.02
8 0.681367 0.488996 0.0365469 0.0367857
8 0.722094 0.564721 0.0482187 0.0767634
8 0.753844 0.534286 0.0541562 0.0697768
8 0.644328 0.438125 0.0238438 0.0347321
