4 0.269094 0.639004 0.225687 0.410354
4 0.642563 0.220409 0.227125 0.0972788
4 0.355453 0.0418805 0.113906 0.0827434
4 0.435891 0.0641372 0.131781 0.128274
4 0.628836 0.627179 0.283516 0.369358
4 0.524609 0.695277 0.177875 0.460819
4 0.413367 0.694779 0.110672 0.464292
4 0.826992 0.426482 0.198516 0.29823
4 0.822852 0.583485 0.103922 0.199978
4 0.754148 0.589712 0.0749219 0.150265
4 0.659367 0.355022 0.287016 0.218938
4 0.325766 0.68458 0.163281 0.477257
4 0.637 0.574923 0.27475 0.322588
4 0.60257 0.135487 0.182141 0.107478
4 0.19325 0.492445 0.306125 0.310066
4 0.304633 0.17792 0.188391 0.117965
4 0.0765625 0.442046 0.0196563 0.0548451
4 0.663797 0.128883 0.119063 0.108606
4 0.202039 0.53583 0.323297 0.25865
4 0.388313 0.134303 0.181906 0.0851991
4 0.338406 0.0927765 0.0630938 0.0359071
4 0.219297 0.355144 0.270594 0.297102
4 0.805063 0.377334 0.250031 0.245774
4 0.569773 0.668529 0.210922 0.422677
4 0.778531 0.471792 0.092375 0.103097
4 0.62743 0.438374 0.217703 0.202456
4 0.351164 0.257622 0.112922 0.0846239
4 0.0812187 0.34146 0.118125 0.167389
4 0.55693 0.265996 0.0646094 0.044115
1 0.646633 0.0191261 0.0709844 0.0371903
1 0.700242 0.0697456 0.133922 0.139491
1 0.581148 0.0546571 0.130297 0.107942
1 0.518008 0.0249779 0.0488594 0.0499558
1 0.492922 0.0554314 0.0475938 0.0956416
1 0.84643 0.0650442 0.126078 0.125
