4 0.317586 0.516531 0.0942031 0.137187
4 0.161609 0.897687 0.111 0.10425
4 0.749016 0.342385 0.116469 0.164729
4 0.645891 0.10499 0.134906 0.151396
4 0.543594 0.477104 0.129562 0.0840417
4 0.474844 0.967073 0.117562 0.0658542
4 0.775344 0.559167 0.110969 0.167458
4 0.0961953 0.299438 0.131828 0.172583
4 0.211742 0.297177 0.150703 0.201813
4 0.457758 0.370219 0.0895156 0.132271
4 0.849398 0.0572187 0.110297 0.114437
4 0.362781 0.212073 0.1555 0.173396
4 0.404641 0.482521 0.116469 0.144917
4 0.562852 0.36101 0.130359 0.134396
4 0.377633 0.361677 0.134734 0.179646
4 0.867375 0.150708 0.115688 0.134042
4 0.492148 0.458615 0.126203 0.104479
4 0.833367 0.354875 0.109078 0.233042
4 0.460195 0.797823 0.0415781 0.0753958
4 0.36132 0.953229 0.119328 0.092125
4 0.266625 0.207437 0.060375 0.0828333
4 0.0357734 0.408896 0.0715469 0.175625
4 0.268937 0.421729 0.120094 0.184958
4 0.598156 0.834448 0.0698438 0.116396
4 0.220102 0.526448 0.125984 0.211229
4 0.301008 0.026625 0.125422 0.05325
4 0.945547 0.0949062 0.105156 0.180354
4 0.180133 0.961271 0.135203 0.07525
4 0.727625 0.244542 0.0759062 0.102333
4 0.085 0.858937 0.158187 0.184208
4 0.197305 0.08025 0.124703 0.1605
4 0.650656 0.440583 0.108937 0.159708
4 0.534992 0.144719 0.171266 0.279562
4 0.651516 0.19974 0.0695625 0.0645625
4 0.643875 0.318396 0.122344 0.165
4 0.462188 0.191948 0.159469 0.186229
4 0.667953 0.516052 0.1105 0.0948958
4 0.423391 0.0553646 0.09725 0.110729
4 0.239523 0.822979 0.0912344 0.16875
4 0.156711 0.783271 0.122609 0.141583
4 0.303445 0.886323 0.0891094 0.113813
4 0.0448125 0.290073 0.087125 0.205354
4 0.18668 0.15701 0.0850156 0.134146
4 0.537914 0.31774 0.0932344 0.102562
4 0.0583828 0.511083 0.114734 0.163125
