0 0.514797 0.627951 0.023875 0.0471429
0 0.151836 0.153958 0.0342969 0.0489461
0 0.341422 0.101452 0.0437813 0.0635129
0 0.662164 0.808396 0.0673281 0.0870492
0 0.275969 0.199415 0.0458438 0.0443091
0 0.466203 0.142822 0.0408437 0.0490164
0 0.472367 0.221183 0.0317969 0.0340749
0 0.18343 0.20322 0.0218906 0.00990632
0 0.31468 0.139696 0.0362031 0.0552693
0 0.214141 0.132963 0.0286875 0.0453162
0 0.568211 0.722248 0.0682969 0.102436
0 0.490359 0.102459 0.0453438 0.0623419
0 0.228969 0.1487 0.0258125 0.033466
0 0.456852 0.186745 0.0413594 0.0707728
0 0.536383 0.13445 0.0351094 0.0477283
0 0.530602 0.171475 0.0408906 0.0343794
0 0.745727 0.264567 0.0340469 0.0452459
0 0.353719 0.159895 0.046125 0.0719672
0 0.372336 0.120855 0.0279531 0.0496721
0 0.711695 0.759274 0.0537656 0.0577986
0 0.209203 0.0899297 0.0264062 0.0451054
0 0.493227 0.232026 0.0442031 0.0285012
0 0.398219 0.0802342 0.0417187 0.0613583
0 0.252914 0.170562 0.0507656 0.0703513
0 0.454078 0.112763 0.031375 0.0461358
0 0.229594 0.105644 0.0410937 0.0570023
0 0.800133 0.287963 0.0415156 0.036815
0 0.806109 0.368536 0.0338125 0.0594145
0 0.520797 0.600187 0.01425 0.00758782
0 0.187578 0.139133 0.0321875 0.0472131
0 0.509242 0.205293 0.0415156 0.0591569
0 0.436586 0.154789 0.0250781 0.0362763
0 0.204742 0.184731 0.0288594 0.0439813
0 0.174797 0.164133 0.03425 0.0357143
0 0.174969 0.186956 0.0346875 0.0343794
0 0.794953 0.678583 0.0681563 0.103162
0 0.703633 0.336557 0.0191094 0.0134426
0 0.362383 0.178419 0.0379531 0.0700468
0 0.596578 0.667237 0.0573125 0.0577049
0 0.308102 0.184473 0.0259531 0.0554098
0 0.408555 0.197084 0.0408906 0.0557611
0 0.396094 0.13808 0.0375937 0.0610304
0 0.392461 0.217073 0.0435156 0.0355504
0 0.345273 0.214356 0.0240781 0.0285714
0 0.153922 0.189368 0.0145313 0.0248712
0 0.688805 0.302354 0.0289219 0.0662998
0 0.540695 0.11144 0.0311719 0.0243794
0 0.511141 0.150293 0.026 0.0568384
0 0.507922 0.126897 0.0374063 0.0655504
0 0.429102 0.189766 0.0232656 0.0468384
0 0.247094 0.092541 0.0273438 0.0382436
0 0.537219 0.624848 0.0285 0.0414988
0 0.325086 0.202424 0.0417969 0.0497658
0 0.487141 0.190902 0.0319063 0.05
0 0.711227 0.272939 0.0121719 0.0166511
0 0.313625 0.218326 0.0305312 0.0161827
0 0.281953 0.163642 0.0366563 0.06274
0 0.327719 0.170913 0.0128438 0.0237471
0 0.433953 0.225059 0.042125 0.0288056
0 0.325625 0.0890632 0.0179687 0.0387354
0 0.485172 0.15582 0.0173437 0.0278923
0 0.29857 0.122518 0.0361406 0.0430679
