0 0.612109 0.374487 0.102813 0.0987112
0 0.740891 0.39074 0.105813 0.12821
0 0.614812 0.45315 0.104813 0.162864
0 0.685164 0.374332 0.0744219 0.12537
0 0.570273 0.596897 0.105422 0.142912
0 0.475789 0.506516 0.110422 0.0970406
0 0.679625 0.565632 0.102219 0.180191
0 0.552406 0.494511 0.0464375 0.0900239
0 0.565453 0.430728 0.0135625 0.0406921
0 0.651508 0.642649 0.105766 0.168401
0 0.67868 0.460859 0.0356406 0.0471122
0 0.399023 0.498305 0.0456406 0.11074
4 0.742656 0.279093 0.0639062 0.0991885
4 0.728297 0.327733 0.0388437 0.0256802
4 0.664906 0.292375 0.0829375 0.0936277
4 0.609359 0.307303 0.0361563 0.0420048
