4 0.565414 0.705222 0.0573594 0.0959251
4 0.751609 0.726569 0.0664375 0.0712178
4 0.118156 0.686792 0.0557187 0.108478
4 0.58332 0.895199 0.129172 0.132412
4 0.733398 0.85048 0.105953 0.121241
4 0.117125 0.780422 0.0699687 0.152037
4 0.794055 0.770059 0.0544844 0.0812881
4 0.198125 0.75466 0.0618437 0.102623
4 0.652047 0.726792 0.0689063 0.0961124
4 0.0770859 0.732963 0.0495469 0.152904
4 0.0423828 0.772541 0.0779531 0.113841
4 0.8535 0.73808 0.0541875 0.0484778
4 0.893445 0.980948 0.0909844 0.038103
4 0.352852 0.789169 0.0610156 0.123302
4 0.247031 0.962951 0.108187 0.0734895
4 0.306758 0.833735 0.0847031 0.100773
4 0.424953 0.708349 0.0290938 0.0757143
4 0.612984 0.760047 0.0513438 0.0974239
4 0.910125 0.761768 0.0419375 0.0418033
4 0.617789 0.852799 0.0970469 0.141616
4 0.918891 0.850574 0.0907188 0.0899063
4 0.379758 0.702377 0.0612969 0.119602
4 0.273453 0.773653 0.0665937 0.135925
4 0.988805 0.929426 0.0223906 0.0899532
4 0.181945 0.874625 0.0537031 0.0735129
4 0.433922 0.788407 0.0723437 0.144824
4 0.53193 0.83589 0.124516 0.156745
4 0.224578 0.714461 0.0588125 0.116183
4 0.41575 0.841862 0.0988125 0.119227
4 0.837492 0.761932 0.0380156 0.0261124
4 0.241766 0.896358 0.100125 0.0860187
4 0.829609 0.819344 0.101594 0.094192
4 0.522484 0.749508 0.0422187 0.0390164
4 0.798547 0.736674 0.0425937 0.0433255
4 0.940766 0.78685 0.0403437 0.0428337
4 0.572164 0.94411 0.0956094 0.106393
4 0.570812 0.756792 0.049875 0.0626698
4 0.706602 0.918946 0.116984 0.152834
4 0.775672 0.981956 0.0973125 0.036089
4 0.469125 0.710972 0.0735 0.159274
4 0.307242 0.717881 0.0677344 0.104192
4 0.936602 0.92466 0.103766 0.147354
4 0.47268 0.903197 0.0893594 0.0623185
4 0.132875 0.880164 0.10425 0.0988759
4 0.182438 0.804496 0.0797188 0.122763
4 0.826086 0.917506 0.119734 0.1626
4 0.3405 0.709145 0.0208125 0.0417096
4 0.0490781 0.87993 0.0981563 0.121358
4 0.658141 0.975199 0.0898125 0.0496019
4 0.659359 0.79781 0.0406875 0.0623185
4 0.340164 0.923232 0.146328 0.151335
4 0.730281 0.784052 0.105969 0.103372
4 0.162422 0.726124 0.0478438 0.124941
4 0.537445 0.969016 0.144641 0.0619672
4 0.889484 0.778607 0.0920625 0.0622248
4 0.125203 0.952857 0.110937 0.0897424
10 0.586555 0.596487 0.0493906 0.0383607
10 0.748922 0.581054 0.0556875 0.0381265
10 0.525508 0.540948 0.0513594 0.0510304
10 0.520961 0.503349 0.0535156 0.0483841
10 0.544633 0.594145 0.0462969 0.024356
10 0.535734 0.573489 0.0454062 0.0398595
10 0.794969 0.585667 0.0415 0.0230913
10 0.702289 0.590515 0.0485469 0.0169087
10 0.569414 0.562717 0.0317656 0.0449649
4 0.529828 0.41007 0.0393125 0.0592506
4 0.242047 0.54781 0.0225 0.053185
4 0.325336 0.581803 0.0407969 0.0720843
4 0.71543 0.381417 0.0288906 0.0812881
4 0.363977 0.438326 0.0367656 0.09
4 0.290195 0.445012 0.0372344 0.0682904
4 0.603422 0.393794 0.0529063 0.0850585
4 0.359414 0.554333 0.0359531 0.0697892
4 0.494391 0.378302 0.0484687 0.119602
4 0.239336 0.42466 0.0450156 0.115222
4 0.202391 0.539204 0.0387813 0.0635597
4 0.653703 0.364508 0.0213438 0.0307494
4 0.527937 0.351663 0.0365938 0.084356
4 0.100969 0.467365 0.076625 0.073466
4 0.424828 0.446838 0.0431563 0.173677
4 0.156289 0.548068 0.0534844 0.0651288
4 0.210578 0.438899 0.0123125 0.0412646
4 0.422344 0.538689 0.0289687 0.0692272
4 0.223703 0.50856 0.0315312 0.0424122
4 0.50832 0.364157 0.0382969 0.0979625
4 0.173156 0.473068 0.0434688 0.0874473
4 0.312383 0.452436 0.0287031 0.084356
4 0.433805 0.610129 0.0248594 0.065363
4 0.382961 0.445386 0.0265781 0.116159
4 0.277602 0.508759 0.0484531 0.0800468
4 0.637813 0.373466 0.0145625 0.03274
4 0.7305 0.379485 0.055375 0.0923185
4 0.468617 0.551674 0.0423906 0.10897
4 0.542906 0.412096 0.0282187 0.0634895
4 0.56693 0.411721 0.0232656 0.0655972
4 0.480969 0.429637 0.0112187 0.0153396
4 0.263352 0.43089 0.0470781 0.136019
4 0.539281 0.339016 0.047625 0.0677283
4 0.200508 0.480902 0.0288906 0.0818033
4 0.344438 0.442529 0.0378125 0.115597
4 0.194398 0.590714 0.0197656 0.0584309
4 0.146609 0.545129 0.058125 0.0769087
4 0.167031 0.534614 0.058625 0.0779391
4 0.112344 0.47548 0.0690313 0.0726932
4 0.369727 0.539895 0.0441094 0.0499532
4 0.395375 0.533712 0.0364063 0.0710304
4 0.617422 0.402436 0.0271875 0.0540984
4 0.138289 0.468126 0.0630781 0.0859016
4 0.413102 0.439344 0.0236719 0.11007
4 0.690281 0.385644 0.0310937 0.0813583
4 0.455977 0.54315 0.0322969 0.0840047
4 0.708375 0.387869 0.031625 0.0766745
4 0.258711 0.385129 0.00854687 0.0323185
4 0.228758 0.426019 0.0400156 0.12548
4 0.320531 0.532014 0.0285625 0.0460422
4 0.314234 0.506651 0.0493125 0.0488056
4 0.457281 0.453817 0.0437813 0.0841686
4 0.314805 0.589836 0.0311094 0.0915691
4 0.426477 0.576077 0.0326719 0.0467213
4 0.188211 0.584895 0.0193906 0.0477752
4 0.34907 0.519766 0.0338906 0.055644
4 0.343203 0.542014 0.017125 0.075363
