25 0.524039 0.490234 0.0208281 0.0263232
25 0.395625 0.711733 0.0160938 0.0199063
25 0.545766 0.718044 0.0206563 0.0480796
25 0.461797 0.856124 0.0345312 0.0786183
25 0.501875 0.465644 0.044875 0.0208431
25 0.541016 0.476276 0.0254688 0.0125527
25 0.302812 0.534567 0.0225938 0.0513349
25 0.381414 0.828829 0.0312031 0.0485714
25 0.573844 0.755234 0.0149687 0.0108899
25 0.470242 0.87308 0.0275156 0.0784778
25 0.66275 0.749379 0.0189687 0.0166042
25 0.4305 0.729227 0.0304375 0.0302576
25 0.634773 0.69692 0.0249531 0.0266745
25 0.440516 0.784145 0.0208125 0.0234192
25 0.579742 0.504543 0.0760781 0.0453864
25 0.642852 0.558583 0.0261406 0.0412881
25 0.383984 0.481124 0.0174687 0.0527869
25 0.63668 0.536604 0.0401719 0.0192974
25 0.366109 0.554778 0.0230312 0.0162529
25 0.495047 0.791944 0.097875 0.0562529
25 0.404602 0.525562 0.00889063 0.0233489
25 0.520844 0.42603 0.0300938 0.0525761
25 0.623633 0.767482 0.0336719 0.0225527
25 0.400695 0.866522 0.0332969 0.109204
25 0.525836 0.874227 0.0379531 0.0489696
25 0.676398 0.758724 0.0644531 0.0759016
25 0.30332 0.730129 0.0711094 0.09
25 0.350805 0.609098 0.0266719 0.0330913
25 0.637242 0.628255 0.0150469 0.0225527
25 0.530813 0.537436 0.0181562 0.0324356
25 0.399469 0.452998 0.0123125 0.0130679
25 0.346484 0.683583 0.0128125 0.0184543
25 0.374375 0.686569 0.011125 0.0260187
25 0.475859 0.526522 0.0315312 0.0489227
25 0.342453 0.802822 0.0426562 0.0559953
25 0.309828 0.635035 0.0275625 0.0367213
25 0.567695 0.5563 0.0181094 0.0220609
25 0.445688 0.491874 0.0279063 0.048103
