4 0.533135 0.808977 0.189396 0.0769219
4 0.461021 0.668898 0.0765833 0.112047
4 0.370302 0.684242 0.119896 0.100734
4 0.516813 0.880586 0.181875 0.132328
4 0.540146 0.855102 0.178042 0.0942031
4 0.555417 0.40432 0.0329167 0.0113594
4 0.49575 0.397172 0.0329167 0.0172187
4 0.487 0.686672 0.0333333 0.087625
4 0.553333 0.440336 0.0284583 0.0164219
4 0.519312 0.678898 0.0652917 0.100266
4 0.521208 0.405492 0.0295417 0.0211719
4 0.543854 0.692148 0.1235 0.0959531
4 0.40149 0.672484 0.0982708 0.124812
7 0.403906 0.903117 0.0552708 0.0295781
7 0.309729 0.72593 0.0470833 0.0254531
7 0.297146 0.759875 0.0375 0.0332812
7 0.356219 0.805 0.0441042 0.0417812
7 0.331552 0.901812 0.0409375 0.0265
7 0.38976 0.771922 0.0178542 0.033875
7 0.312771 0.792539 0.0364167 0.0353906
7 0.365708 0.881773 0.035375 0.0448594
7 0.28801 0.880125 0.0560625 0.0371875
7 0.295063 0.843695 0.0584583 0.0328281
7 0.331865 0.862836 0.0454792 0.0348281
7 0.289104 0.716055 0.05 0.0240781
7 0.343083 0.874797 0.0365833 0.0325625
7 0.410292 0.842039 0.059375 0.0325469
7 0.310333 0.816906 0.0248333 0.027375
7 0.246219 0.818656 0.0361458 0.0357188
7 0.387323 0.729336 0.0355208 0.0334531
7 0.393729 0.869234 0.042 0.0419062
7 0.45775 0.774102 0.0447917 0.0230781
7 0.218083 0.872695 0.0417083 0.0407656
7 0.432115 0.785 0.0372708 0.0223125
7 0.340927 0.715953 0.0296875 0.0297812
7 0.355917 0.757234 0.0465 0.0276875
7 0.278354 0.810125 0.0417083 0.0228125
7 0.284417 0.826531 0.0482083 0.03
7 0.342177 0.744633 0.0463542 0.0298906
7 0.358729 0.733578 0.0285833 0.0206563
7 0.414458 0.746492 0.046875 0.0277344
7 0.251812 0.795039 0.0330833 0.0205156
7 0.446427 0.7475 0.0353958 0.0288438
7 0.223219 0.836555 0.0326458 0.0228281
7 0.411646 0.776687 0.0370417 0.035375
7 0.284406 0.792969 0.0306458 0.0194375
7 0.407021 0.952656 0.0649583 0.0339375
7 0.359625 0.781539 0.0482083 0.0261406
7 0.274052 0.776742 0.0523125 0.0253906
7 0.345958 0.83218 0.0465 0.0289844
7 0.411854 0.928961 0.05875 0.0288906
7 0.312625 0.701414 0.0304167 0.0243594
7 0.254208 0.757203 0.0325833 0.0296875
7 0.386031 0.807055 0.0266458 0.0333906
7 0.361698 0.71525 0.0221875 0.0250937
7 0.277031 0.753477 0.0198542 0.0201719
7 0.324677 0.74043 0.0281042 0.0213906
7 0.317208 0.765906 0.0166667 0.0306875
7 0.328375 0.932477 0.0622917 0.0269531
1 0.635563 0.780453 0.076625 0.0397188
1 0.626542 0.72157 0.0717917 0.0292344
1 0.564927 0.759617 0.0693958 0.0243594
1 0.655375 0.773031 0.0697917 0.0350625
1 0.609042 0.735469 0.0770833 0.027125
1 0.641437 0.704484 0.0382917 0.0438438
