4 0.13777 0.211453 0.27554 0.378
4 0.17555 0.191853 0.2377 0.380507
4 0.21966 0.1356 0.1098 0.2712
4 0.27563 0.183867 0.12938 0.367733
4 0.15566 0.516573 0.2408 0.117147
4 0.13293 0.287707 0.26586 0.289067
4 0.13079 0.405307 0.26158 0.240853
2 0.38503 0.309373 0.1225 0.11688
2 0.43191 0.172253 0.12198 0.178427
2 0.91885 0.384573 0.1225 0.150053
2 0.586 0.384493 0.13808 0.176667
2 0.67902 0.279813 0.1448 0.180053
2 0.87325 0.22312 0.0825 0.159733
2 0.36577 0.20104 0.07146 0.13584
2 0.79648 0.3286 0.12616 0.150853
2 0.93442 0.234947 0.13008 0.180453
2 0.74843 0.20124 0.04382 0.12904
2 0.61416 0.127773 0.06332 0.0881867
2 0.88913 0.0900267 0.06186 0.1152
2 0.50142 0.299667 0.11528 0.152453
2 0.8141 0.172973 0.12392 0.1876
2 0.69075 0.13308 0.12346 0.153093
2 0.51847 0.169333 0.07666 0.126667
2 0.57981 0.202573 0.10814 0.163813
2 0.80648 0.0641067 0.12464 0.128213
