5 0.942529 0.528258 0.0496487 0.0235156
5 0.925304 0.5095 0.040726 0.0249375
5 0.992728 0.511016 0.0145433 0.0258437
5 0.985012 0.536672 0.0295082 0.0235938
4 0.96897 0.82068 0.0620141 0.0407656
4 0.896499 0.681414 0.0693911 0.0513281
4 0.956077 0.66707 0.0546838 0.0415781
4 0.889297 0.634305 0.0469321 0.0585156
4 0.893337 0.694469 0.0895316 0.077375
4 0.813864 0.635219 0.0690398 0.06775
4 0.966838 0.63607 0.0520843 0.0467969
4 0.875199 0.706336 0.104965 0.100328
4 0.833607 0.630711 0.0303044 0.0440469
4 0.913794 0.621391 0.0862295 0.0397813
4 0.987049 0.638602 0.0259016 0.0436719
