4 0.63209 0.5714 0.06806 0.0277067
4 0.49372 0.511773 0.06856 0.105093
4 0.56496 0.2842 0.0196 0.04696
4 0.51522 0.337653 0.01576 0.05248
4 0.55058 0.48672 0.02464 0.10864
4 0.57607 0.562253 0.06198 0.0614667
4 0.54091 0.29664 0.06078 0.0594667
4 0.50672 0.497573 0.03 0.107947
4 0.56855 0.53396 0.03854 0.08184
4 0.55412 0.522307 0.02616 0.0830667
4 0.52752 0.51164 0.02768 0.101787
4 0.52834 0.304987 0.05308 0.0595733
4 0.51923 0.400267 0.02042 0.08464
4 0.64393 0.594707 0.02422 0.0158667
4 0.49621 0.403573 0.0121 0.0664
4 0.60433 0.473893 0.03654 0.0830933
4 0.49368 0.33552 0.035 0.0946133
4 0.45854 0.491933 0.05792 0.112293
4 0.47418 0.567187 0.08904 0.04872
4 0.64862 0.544213 0.0834 0.0533333
4 0.62536 0.539413 0.04924 0.0602667
4 0.45466 0.51924 0.09356 0.09064
4 0.48768 0.592173 0.0602 0.05
4 0.59129 0.619213 0.01922 0.0125067
4 0.51355 0.503627 0.00822 0.0412267
4 0.47304 0.385053 0.03596 0.0912267
4 0.59431 0.516707 0.02886 0.0793867
4 0.57372 0.500773 0.02896 0.096
4 0.61636 0.602787 0.04096 0.02152
