1 0.908734 0.711427 0.182531 0.215646
1 0.669969 0.500104 0.0713125 0.068375
1 0.64907 0.542667 0.0907969 0.0382917
1 0.470547 0.400625 0.0965625 0.103958
1 0.605094 0.434021 0.090375 0.106917
1 0.369984 0.493 0.0861563 0.127417
1 0.370781 0.60099 0.0673125 0.0295625
1 0.441867 0.491292 0.122516 0.138167
1 0.364742 0.725469 0.199359 0.236188
1 0.609289 0.497635 0.0677031 0.0941875
1 0.556484 0.763083 0.214031 0.28975
1 0.147797 0.63001 0.0959062 0.0831875
1 0.0995625 0.725854 0.195062 0.2155
1 0.567437 0.547125 0.0959375 0.0293333
1 0.344523 0.54075 0.0579844 0.0290833
1 0.53925 0.4955 0.09625 0.129875
1 0.686344 0.543062 0.0664062 0.0364583
1 0.525188 0.424365 0.0185 0.0213958
1 0.263531 0.630188 0.154812 0.21
