4 0.9274 0.608008 0.143934 0.0934531
4 0.402119 0.379234 0.241803 0.0634375
4 0.613934 0.877086 0.149087 0.241453
4 0.448302 0.63943 0.124567 0.229359
4 0.882693 0.843164 0.232225 0.289609
4 0.739333 0.543258 0.225691 0.172922
4 0.369461 0.588875 0.173489 0.170844
4 0.461792 0.842687 0.0426932 0.0774375
4 0.893021 0.786094 0.213958 0.245375
4 0.547904 0.613602 0.148689 0.235203
4 0.638782 0.582109 0.173068 0.208094
4 0.745773 0.65775 0.109859 0.159875
4 0.892026 0.528281 0.214403 0.104438
4 0.865164 0.443039 0.261756 0.0521719
4 0.705105 0.885 0.194567 0.211438
4 0.54726 0.394016 0.0569087 0.024875
4 0.652658 0.704531 0.132061 0.216031
4 0.853934 0.665367 0.243466 0.167578
4 0.968607 0.670813 0.0627869 0.0474062
4 0.378232 0.646984 0.131358 0.225312
4 0.445211 0.769969 0.0821311 0.0732812
4 0.562225 0.470313 0.103044 0.059375
4 0.72356 0.943352 0.195925 0.113297
4 0.624871 0.975406 0.0937237 0.0491875
4 0.876194 0.472633 0.247611 0.0702031
4 0.78137 0.436234 0.154356 0.0509063
4 0.512927 0.86825 0.0946136 0.134969
4 0.978665 0.713047 0.0426698 0.0525625
4 0.656276 0.439883 0.0835129 0.0395156
4 0.817974 0.864094 0.197916 0.255781
4 0.554614 0.956852 0.091897 0.0823594
4 0.524098 0.757867 0.11555 0.123266
4 0.70418 0.401562 0.230094 0.0854375
