0 0.873664 0.794779 0.0962031 0.151655
0 0.321297 0.339324 0.0479687 0.0576224
0 0.703906 0.789779 0.0796875 0.0987179
0 0.457133 0.544977 0.0587656 0.0521911
0 0.957102 0.768741 0.0857969 0.135804
0 0.0835469 0.369068 0.0566875 0.0832168
0 0.528641 0.803357 0.0609688 0.0901166
0 0.589266 0.782238 0.0667188 0.0692308
0 0.818859 0.760338 0.0886875 0.138904
0 0.637547 0.60176 0.0775625 0.106923
0 0.464859 0.446235 0.06 0.0858042
0 0.348859 0.647587 0.073 0.0774592
0 0.983688 0.845629 0.032625 0.0610956
0 0.461273 0.583193 0.0636719 0.0803263
0 0.472859 0.667005 0.06 0.0273427
0 0.0793828 0.323893 0.0503594 0.0592075
0 0.864562 0.878881 0.058625 0.0148252
0 0.346117 0.428601 0.0780469 0.110536
0 0.25218 0.297214 0.0480469 0.0543823
0 0.169766 0.255909 0.04975 0.0748951
0 0.404492 0.45169 0.0619844 0.0536364
0 0.776414 0.819942 0.105016 0.148788
0 0.212031 0.372436 0.0670313 0.0820746
0 0.69807 0.953135 0.0851094 0.0845455
0 0.589086 0.644942 0.0731094 0.0573893
0 0.158922 0.40986 0.0735625 0.0807459
0 0.268031 0.342739 0.0702812 0.103193
0 0.643586 0.793648 0.0862656 0.117739
0 0.249148 0.257879 0.0522031 0.0476923
0 0.538922 0.539009 0.0654375 0.0711655
0 0.284281 0.298555 0.0300312 0.0370629
0 0.559086 0.854814 0.0888281 0.072331
0 0.404602 0.585256 0.0597344 0.0672028
0 0.130641 0.293928 0.0539063 0.0450117
0 0.208234 0.416608 0.031 0.0346154
0 0.413023 0.643811 0.0709531 0.0833333
0 0.628609 0.863846 0.0573125 0.0548718
0 0.184914 0.309953 0.0514844 0.0474592
0 0.130164 0.25542 0.0387969 0.0487413
0 0.575914 0.610793 0.0208906 0.0360839
0 0.535547 0.599476 0.0730937 0.109534
0 0.299828 0.413345 0.0604688 0.106503
0 0.711492 0.73049 0.0656094 0.0577622
0 0.742078 0.732995 0.0710313 0.05
0 0.835977 0.859942 0.0464844 0.0545688
0 0.20325 0.269685 0.035125 0.0458974
0 0.91368 0.721224 0.0567031 0.0474825
0 0.697039 0.863753 0.0914531 0.0788345
0 0.612672 0.535793 0.0490625 0.0477156
0 0.492648 0.554732 0.0312969 0.04331
0 0.912477 0.845711 0.0869531 0.0731002
0 0.963617 0.964056 0.0712031 0.0676457
0 0.580156 0.893042 0.0497187 0.0451981
0 0.315172 0.501352 0.04625 0.0667133
0 0.159203 0.351096 0.0415312 0.0500699
0 0.799195 0.689802 0.0659844 0.105198
0 0.717102 0.673473 0.0934844 0.142098
0 0.1275 0.344709 0.0590625 0.0913287
0 0.139023 0.459091 0.0426406 0.0315152
0 0.656234 0.714895 0.0448438 0.0718415
0 0.427859 0.417809 0.0308125 0.0502564
0 0.255625 0.498403 0.0911875 0.0682751
0 0.218781 0.289895 0.0332188 0.0423077
0 0.0497578 0.369161 0.0161719 0.0387413
0 0.58232 0.556422 0.0523281 0.0932634
0 0.880234 0.983462 0.0909062 0.0330769
0 0.670133 0.567949 0.0361094 0.0564569
0 0.532375 0.508974 0.069375 0.0611189
0 0.176703 0.478438 0.066875 0.0660606
0 0.474258 0.628462 0.0674844 0.0813054
0 0.148805 0.441131 0.0346094 0.0272028
0 0.662258 0.658345 0.0478594 0.0241026
0 0.547 0.665408 0.0583438 0.0249417
0 0.593453 0.731748 0.0773125 0.0870396
0 0.625156 0.892459 0.0544375 0.0341026
0 0.396359 0.412751 0.052 0.0632168
0 0.255609 0.540338 0.050625 0.0699068
0 0.0408516 0.342016 0.0300781 0.0467366
0 0.246031 0.438531 0.0797188 0.108765
0 0.582648 0.83366 0.0507969 0.0756643
0 0.203906 0.343753 0.0632188 0.0706294
0 0.695352 0.619149 0.0569844 0.0582051
0 0.103766 0.435186 0.0380313 0.0371795
4 0.33082 0.547925 0.0440781 0.0618182
4 0.297508 0.557552 0.0759219 0.11697
4 0.368109 0.548566 0.080375 0.0877622
4 0.255094 0.544895 0.05025 0.0781818
4 0.314398 0.610571 0.0630156 0.0423077
4 0.487 0.505921 0.0306563 0.0525874
4 0.411141 0.484277 0.0540625 0.0921445
4 0.525508 0.45162 0.0798906 0.0764336
4 0.354039 0.506981 0.0665469 0.0524709
4 0.260805 0.565385 0.0358281 0.0632168
4 0.500086 0.506259 0.0339844 0.0402098
4 0.328391 0.506061 0.025375 0.0429371
4 0.443266 0.481492 0.042 0.0613054
4 0.455313 0.519254 0.0411562 0.0315618
