1 0.62564 0.57088 0.06632 0.0952
1 0.77357 0.572747 0.0675 0.0889067
1 0.72898 0.629227 0.06936 0.0733333
1 0.7862 0.63044 0.04864 0.05448
1 0.75069 0.538387 0.03846 0.0450933
1 0.80974 0.5414 0.06552 0.0860533
1 0.64346 0.532427 0.06836 0.06048
1 0.69683 0.501747 0.06802 0.0842933
1 0.74351 0.468933 0.06134 0.0818133
1 0.66475 0.609013 0.0739 0.0948267
1 0.63987 0.465387 0.06458 0.0866667
1 0.77484 0.51 0.04768 0.0410133
1 0.7398 0.51672 0.02288 0.0133333
1 0.69503 0.656933 0.00958 0.0138133
1 0.70879 0.556773 0.06326 0.08768
