4 0.386885 0.350141 0.135035 0.0545312
4 0.411639 0.219258 0.139344 0.0759531
4 0.711698 0.290242 0.256979 0.0837969
4 0.408314 0.291242 0.136956 0.0782656
4 0.690445 0.207313 0.257283 0.0822187
2 0.248314 0.261672 0.123138 0.0814062
2 0.541358 0.301742 0.139344 0.0946719
2 0.525141 0.231555 0.111311 0.0717031
2 0.145691 0.481781 0.111241 0.092375
2 0.189344 0.326125 0.127026 0.0808125
2 0.662201 0.265141 0.097377 0.0586875
2 0.175691 0.404117 0.100843 0.0880156
2 0.337763 0.294336 0.0588993 0.0720469
2 0.575141 0.38393 0.121429 0.0799531
2 0.333981 0.585438 0.131569 0.0807812
2 0.306581 0.187242 0.122717 0.0859219
2 0.402494 0.538984 0.1226 0.0825937
2 0.620691 0.340781 0.0632553 0.0464375
2 0.294614 0.307906 0.10623 0.088
2 0.614169 0.286906 0.0227166 0.0256563
4 0.652412 0.458273 0.217283 0.257328
4 0.763173 0.423547 0.198478 0.260906
4 0.588431 0.430484 0.254988 0.255875
0 0.632529 0.579055 0.11733 0.0571719
0 0.555422 0.454359 0.114637 0.0807187
0 0.459309 0.368156 0.135621 0.0864062
0 0.273044 0.49675 0.145199 0.083125
0 0.433677 0.451227 0.134801 0.0908906
0 0.480785 0.493625 0.0861593 0.0672188
0 0.514356 0.409797 0.0567213 0.0466875
0 0.387377 0.429008 0.0815925 0.0833906
0 0.387482 0.509828 0.124145 0.07225
0 0.50548 0.577117 0.113162 0.0592656
