7 0.832396 0.463656 0.0241667 0.0186875
7 0.901229 0.512883 0.0262917 0.0214844
7 0.717792 0.552945 0.02 0.0159531
7 0.788625 0.524383 0.0233333 0.0212344
7 0.810135 0.52168 0.0253542 0.0208281
7 0.792312 0.486953 0.0220833 0.0183437
7 0.779927 0.506148 0.0209792 0.0172656
7 0.811729 0.474953 0.0265417 0.0214062
7 0.887219 0.501219 0.0255625 0.0180937
7 0.906406 0.524875 0.0258125 0.0139375
7 0.785458 0.473359 0.028375 0.023
7 0.731531 0.533797 0.0227292 0.0259688
7 0.781708 0.459625 0.0212083 0.0155
7 0.8305 0.518547 0.0239583 0.0229687
7 0.826271 0.499437 0.0275833 0.0206875
7 0.816885 0.487992 0.0288125 0.0218281
7 0.768396 0.492141 0.0250833 0.0199688
7 0.808708 0.45682 0.0310833 0.0209531
7 0.838302 0.477211 0.0218958 0.0172344
7 0.796219 0.537383 0.0273125 0.0162656
7 0.739104 0.554539 0.0274583 0.0184219
7 0.802156 0.506219 0.0249375 0.0216875
