8 0.521328 0.886021 0.02525 0.0385833
8 0.723156 0.59651 0.012625 0.0143125
8 0.744938 0.561875 0.0125625 0.01475
8 0.824898 0.590948 0.0157656 0.0125625
8 0.174859 0.457031 0.0314063 0.0328542
8 0.815938 0.606677 0.0115625 0.0133542
8 0.83393 0.602812 0.0153906 0.0133333
8 0.763227 0.560052 0.00620313 0.00860417
8 0.803352 0.589104 0.0111406 0.0177083
8 0.832961 0.634146 0.0102031 0.00820833
8 0.850281 0.604094 0.0115 0.0193125
8 0.742977 0.619948 0.00960937 0.00972917
8 0.835469 0.569406 0.0113437 0.0143542
8 0.0184375 0.727354 0.0113437 0.0182083
