4 0.356288 0.740102 0.302412 0.163766
4 0.67541 0.835617 0.47452 0.328766
4 0.305902 0.114766 0.148103 0.229531
4 0.303864 0.388883 0.37644 0.297922
4 0.70767 0.5235 0.526159 0.191437
4 0.562705 0.287 0.484426 0.417406
4 0.0735714 0.237859 0.123255 0.158688
4 0.524192 0.111219 0.374192 0.222438
4 0.27171 0.892359 0.254005 0.161562
4 0.706581 0.161086 0.344871 0.322172
4 0.162319 0.43457 0.171897 0.290328
4 0.645176 0.598531 0.597377 0.205031
4 0.768958 0.794625 0.349906 0.40725
4 0.650269 0.270258 0.490749 0.424953
4 0.0941335 0.0611406 0.121522 0.122281
4 0.258571 0.757031 0.244028 0.202875
4 0.935059 0.847828 0.129883 0.304344
4 0.478735 0.858914 0.255597 0.281234
4 0.316007 0.288023 0.35637 0.366734
4 0.507951 0.945594 0.186674 0.10675
4 0.891991 0.399734 0.216019 0.311656
4 0.391464 0.923328 0.0642857 0.0379688
4 0.648607 0.719523 0.0933255 0.0388906
4 0.400258 0.561344 0.458876 0.283875
4 0.12082 0.181969 0.106511 0.167594
4 0.701792 0.923477 0.24644 0.153047
4 0.89726 0.184633 0.20548 0.366266
4 0.548571 0.0724922 0.188899 0.142109
4 0.264274 0.0648906 0.260211 0.125781
4 0.78 0.058125 0.201686 0.11625
4 0.30671 0.635719 0.155948 0.07725
4 0.0975293 0.152078 0.124754 0.217844
4 0.131358 0.474625 0.261218 0.236656
4 0.974754 0.654156 0.0504918 0.22075
4 0.885457 0.0565859 0.098548 0.107516
4 0.961358 0.0969688 0.0772834 0.193938
