8 0.911648 0.197972 0.0607344 0.106604
8 0.160289 0.685755 0.147203 0.188821
8 0.169211 0.31138 0.0775469 0.14691
8 0.0811094 0.49283 0.054375 0.0905189
8 0.137406 0.488325 0.050125 0.0791509
8 0.351078 0.498219 0.177875 0.0946462
8 0.0757031 0.596486 0.064375 0.058066
8 0.837352 0.5927 0.0678906 0.0895991
8 0.726945 0.247854 0.0689844 0.11434
8 0.62518 0.128762 0.290797 0.254599
8 0.751344 0.307535 0.041125 0.0471934
4 0.353914 0.280672 0.174078 0.24592
4 0.0530781 0.248479 0.106156 0.0923349
4 0.523516 0.226474 0.106344 0.179458
4 0.348977 0.102854 0.139672 0.165377
4 0.461922 0.332736 0.112031 0.247689
4 0.529469 0.632017 0.108094 0.264882
4 0.548422 0.443962 0.149719 0.142783
4 0.251828 0.159104 0.111375 0.157736
4 0.467172 0.130236 0.103156 0.105991
4 0.609484 0.320083 0.122531 0.164646
4 0.571164 0.275908 0.0652344 0.0910613
4 0.135352 0.156462 0.139828 0.180047
4 0.411344 0.404693 0.0300938 0.0418868
4 0.429727 0.204363 0.0972031 0.0753302
