4 0.704695 0.563361 0.0558281 0.0117799
4 0.852523 0.668689 0.0875156 0.0374239
4 0.386359 0.777693 0.163875 0.0499532
4 0.864563 0.650562 0.112781 0.0771429
4 0.785539 0.586628 0.100672 0.0351288
4 0.834414 0.636534 0.100734 0.061452
4 0.298164 0.663407 0.105578 0.0687354
4 0.804672 0.623841 0.0689687 0.0593911
4 0.258445 0.591276 0.0933281 0.0435831
4 0.284672 0.63411 0.0845313 0.0510304
4 0.333742 0.704274 0.116766 0.0494848
4 0.719477 0.57308 0.0288906 0.0169321
4 0.289695 0.620047 0.0940156 0.0528337
4 0.361781 0.727049 0.139562 0.0504918
4 0.278398 0.60993 0.102266 0.0594848
4 0.688875 0.555129 0.0671875 0.0112881
4 0.362437 0.742564 0.13675 0.0569321
4 0.864023 0.708923 0.104953 0.0628103
0 0.502938 0.689415 0.0591563 0.0577049
0 0.569703 0.70877 0.0370937 0.0748712
0 0.577406 0.56397 0.04 0.0564637
0 0.943586 0.515504 0.0321406 0.0453864
0 0.412695 0.678899 0.0508281 0.0661358
0 0.266219 0.756007 0.054 0.0845667
0 0.516242 0.723911 0.0601094 0.0944262
0 0.942852 0.555644 0.0302656 0.0453864
0 0.431148 0.703876 0.0435781 0.0777283
0 0.202391 0.662998 0.0487187 0.0674473
0 0.882844 0.602166 0.0375625 0.0402108
0 0.59607 0.719251 0.0542031 0.0864169
0 0.741016 0.631159 0.0606875 0.0905152
0 0.968867 0.558817 0.0307344 0.0425527
0 0.687555 0.689871 0.0492344 0.0863934
0 0.611031 0.64993 0.0550312 0.0754098
0 0.402891 0.592049 0.0541875 0.0728103
0 0.475078 0.644778 0.0633125 0.0957845
0 0.441938 0.610585 0.05225 0.081452
0 0.797 0.554836 0.034875 0.03
0 0.688984 0.606148 0.0566875 0.0827869
0 0.453828 0.729333 0.0649375 0.0955738
0 0.647094 0.716417 0.0507812 0.0789696
0 0.656211 0.587834 0.0467656 0.0690632
0 0.565516 0.556663 0.038375 0.0629274
0 0.356883 0.61534 0.0322969 0.0264169
0 0.981414 0.687998 0.0371719 0.0620375
0 0.990281 0.496276 0.018125 0.0228103
0 0.921594 0.551066 0.0243438 0.038103
0 0.62943 0.580726 0.0442344 0.0748478
0 0.677937 0.645 0.0271875 0.0381967
0 0.586437 0.641124 0.0396875 0.0673536
0 0.651055 0.647049 0.0401719 0.0674473
0 0.815898 0.571979 0.0290156 0.0202576
0 0.552906 0.690562 0.0393125 0.0728337
0 0.556227 0.617049 0.0357344 0.0571897
0 0.499555 0.588958 0.0372344 0.060445
0 0.514883 0.638126 0.0230781 0.0414052
0 0.90668 0.621464 0.0432656 0.0591803
0 0.539156 0.606335 0.04375 0.0607728
0 0.459648 0.566276 0.0288906 0.0346136
0 0.156695 0.592389 0.0304219 0.0542857
0 0.723055 0.704602 0.0632656 0.0939813
0 0.379148 0.572096 0.0417031 0.0629742
0 0.192305 0.744028 0.0449844 0.0664637
0 0.520102 0.597436 0.0357656 0.0658314
0 0.539211 0.660562 0.0288906 0.0389696
0 0.766656 0.560222 0.0285938 0.0193208
0 0.194898 0.645656 0.0453906 0.0656909
0 0.453406 0.629719 0.0449062 0.0748478
0 0.402828 0.652447 0.0439375 0.0366511
0 0.578789 0.624356 0.0482031 0.0666511
0 0.48332 0.573021 0.0377344 0.0497424
0 0.987336 0.654239 0.0241094 0.0161593
0 0.387383 0.583712 0.0350469 0.0597424
0 0.36718 0.630422 0.0389844 0.0391569
0 0.216844 0.684461 0.0536875 0.0802576
0 0.602219 0.57582 0.0385937 0.0699063
0 0.354961 0.568864 0.0343594 0.0602108
0 0.779 0.703044 0.0541562 0.0859953
0 0.524484 0.650129 0.0371875 0.034637
0 0.988273 0.522822 0.0205156 0.0482201
0 0.74775 0.555152 0.0302812 0.0227166
0 0.954227 0.650164 0.0469531 0.0690398
0 0.387547 0.645902 0.0341875 0.0384543
0 0.16532 0.694016 0.0360781 0.0455972
0 0.2505 0.721323 0.0465 0.0423185
5 0.0493906 0.676674 0.031625 0.0502576
5 0.0777188 0.770515 0.0606875 0.0902576
5 0.0697266 0.696159 0.0524844 0.0389696
5 0.165297 0.695948 0.034875 0.0389696
5 0.265727 0.756148 0.0547344 0.0826464
5 0.125227 0.644953 0.0265469 0.0272834
5 0.215984 0.769415 0.06225 0.0868384
5 0.122672 0.71411 0.0487187 0.0564169
5 0.0369922 0.63897 0.0147031 0.0312881
5 0.192508 0.749766 0.0461406 0.0768618
5 0.151523 0.642108 0.0227344 0.0174239
5 0.139898 0.626159 0.0300781 0.0297424
5 0.0619687 0.584555 0.0407813 0.0426932
5 0.145797 0.76397 0.0665 0.0894848
5 0.0862734 0.644707 0.0529219 0.0814988
5 0.190687 0.615258 0.0467813 0.0540749
5 0.173555 0.605433 0.0392031 0.0584075
5 0.179852 0.712635 0.0369531 0.039555
5 0.0459922 0.652424 0.00754687 0.0107963
5 0.194875 0.64603 0.0454062 0.0650351
5 0.147164 0.635632 0.0237656 0.0338407
5 0.249812 0.720258 0.0458125 0.04
5 0.0887031 0.600644 0.0435938 0.0474239
5 0.0700703 0.685304 0.0540156 0.0387119
5 0.138492 0.7263 0.0535781 0.0482436
5 0.160172 0.671393 0.0289063 0.040726
5 0.216695 0.683841 0.0524844 0.08
5 0.0659062 0.61952 0.0497187 0.0661124
5 0.193898 0.63623 0.0493281 0.0567213
5 0.0660547 0.717986 0.0471719 0.0383607
5 0.119758 0.69315 0.0523594 0.0405386
5 0.152781 0.656534 0.0328437 0.0279157
5 0.0835 0.739637 0.0587812 0.0611475
5 0.122508 0.633817 0.0258594 0.0193911
5 0.173656 0.590562 0.044125 0.0484778
5 0.131414 0.613466 0.0227031 0.0267916
5 0.245289 0.683185 0.00607813 0.0199532
5 0.122555 0.651991 0.0195781 0.00978923
5 0.123828 0.677693 0.0512813 0.0446136
5 0.170352 0.620773 0.0198281 0.0569087
5 0.202172 0.661663 0.0484375 0.0659016
5 0.0323438 0.624333 0.0195 0.0270258
5 0.156422 0.59233 0.0298125 0.0539813
5 0.246352 0.699578 0.0172656 0.0161593
