8 0.262141 0.811594 0.0934062 0.112146
8 0.817961 0.761813 0.0715469 0.174125
8 0.607383 0.510938 0.0873906 0.111583
8 0.754992 0.554083 0.0957344 0.128667
8 0.555258 0.663021 0.130297 0.133958
8 0.427805 0.829604 0.0884531 0.129875
8 0.516008 0.744792 0.0971406 0.096
8 0.797883 0.676125 0.0371406 0.0489583
8 0.513055 0.806333 0.0898906 0.153375
8 0.462719 0.604792 0.062375 0.067375
8 0.58807 0.883479 0.0933594 0.179292
8 0.445 0.310542 0.114781 0.133083
8 0.521523 0.242406 0.0912969 0.115771
8 0.472828 0.540094 0.032625 0.0626042
8 0.349969 0.785937 0.0854375 0.13975
8 0.665703 0.883552 0.0939688 0.181354
8 0.503773 0.548344 0.127109 0.120146
8 0.414148 0.709177 0.117516 0.139229
8 0.501914 0.9415 0.129828 0.114958
8 0.595281 0.727552 0.0628125 0.0809792
8 0.626445 0.766073 0.137578 0.114271
8 0.725391 0.623656 0.073375 0.0643125
8 0.650508 0.654552 0.0872344 0.142854
8 0.663836 0.380844 0.0833281 0.106646
8 0.485602 0.424219 0.167203 0.177104
8 0.773398 0.503229 0.0611719 0.0752083
8 0.735367 0.452708 0.0892656 0.0947083
8 0.371297 0.916375 0.132594 0.145625
8 0.587758 0.605292 0.0782969 0.1135
8 0.869305 0.72224 0.0773594 0.109854
8 0.679016 0.728604 0.0716875 0.120375
8 0.60407 0.421208 0.0762344 0.0760417
8 0.549813 0.328385 0.103031 0.139646
8 0.376695 0.529885 0.128516 0.158396
8 0.791555 0.607708 0.0754531 0.112667
8 0.749539 0.815969 0.0905469 0.133021
8 0.858219 0.831552 0.136656 0.140271
8 0.37893 0.377125 0.101828 0.15275
8 0.673258 0.490917 0.0790156 0.117167
8 0.465883 0.681937 0.0933594 0.116458
8 0.496172 0.680823 0.054125 0.0953125
8 0.703633 0.550625 0.0568594 0.0991667
8 0.641383 0.5605 0.0746719 0.08525
8 0.732281 0.693854 0.132187 0.120417
8 0.268047 0.900969 0.128531 0.135813
8 0.416125 0.635896 0.0871563 0.10525
