4 0.40893 0.141091 0.0852656 0.0923285
4 0.559492 0.379418 0.0872344 0.111933
4 0.509992 0.502786 0.0993594 0.129272
4 0.506281 0.355291 0.0754375 0.11262
4 0.307211 0.298482 0.0645781 0.139168
4 0.418453 0.794044 0.101625 0.0989813
4 0.642461 0.191923 0.0294531 0.0310395
4 0.744773 0.639397 0.0557969 0.0597505
4 0.232156 0.417827 0.100937 0.0872557
4 0.650305 0.410042 0.0767656 0.072973
4 0.436086 0.132713 0.0778906 0.101268
4 0.129609 0.226029 0.105781 0.12341
4 0.260531 0.537588 0.0613125 0.0819958
4 0.257914 0.632827 0.0647031 0.0832017
4 0.552945 0.482755 0.0357344 0.0345738
4 0.339977 0.725561 0.0885156 0.148462
4 0.20325 0.437079 0.0980625 0.0855509
4 0.326109 0.79106 0.0965625 0.113181
4 0.571102 0.179553 0.0824531 0.104802
4 0.330672 0.625447 0.06725 0.0985031
4 0.470031 0.710676 0.0274687 0.0993971
4 0.679852 0.630156 0.0883906 0.129792
4 0.272227 0.339563 0.0290781 0.110437
4 0.29818 0.431549 0.0592969 0.126466
4 0.217031 0.504314 0.105281 0.0855509
4 0.537133 0.71341 0.0984531 0.0557588
4 0.446867 0.113098 0.0755156 0.0945114
4 0.588719 0.118254 0.111406 0.140416
4 0.522539 0.780946 0.113641 0.116985
4 0.377648 0.0640748 0.0688906 0.0667775
4 0.204578 0.121798 0.111437 0.122017
4 0.232109 0.654886 0.0890312 0.0969231
10 0.45807 0.868628 0.0992656 0.12815
10 0.502602 0.231195 0.0259844 0.05
10 0.428172 0.365073 0.0879687 0.0761331
10 0.673359 0.462225 0.125438 0.126279
10 0.49875 0.0867568 0.0679375 0.0975884
10 0.687758 0.745114 0.111422 0.116383
10 0.463109 0.242963 0.0661562 0.130998
10 0.169656 0.47659 0.0633125 0.0617879
10 0.395156 0.437536 0.0510312 0.0838462
10 0.271711 0.500478 0.0304844 0.0571726
10 0.315602 0.397786 0.0402656 0.0829314
10 0.218508 0.202287 0.0983281 0.163576
10 0.256367 0.714314 0.0951406 0.0914969
