4 0.292908 0.472778 0.112549 0.113693
4 0.647157 0.486111 0.0549673 0.0510784
4 0.565613 0.472982 0.0590033 0.0390033
4 0.708464 0.353783 0.259314 0.148546
4 0.874845 0.623342 0.044232 0.031781
4 0.935123 0.57902 0.129755 0.063268
4 0.963268 0.769804 0.0734641 0.043268
4 0.689167 0.484134 0.0782353 0.0513725
4 0.20473 0.533897 0.110899 0.125572
4 0.662426 0.528448 0.0834477 0.0424837
4 0.176446 0.497451 0.147827 0.1
4 0.941479 0.556552 0.117042 0.0477778
4 0.720833 0.477565 0.0843464 0.0385621
4 0.620319 0.529502 0.0569444 0.0484804
4 0.548227 0.43585 0.110703 0.0471895
4 0.77469 0.379224 0.122092 0.114199
4 0.735564 0.512426 0.0646895 0.0397876
4 0.248775 0.545891 0.081634 0.159232
4 0.576283 0.520163 0.0393627 0.0483007
4 0.5396 0.515474 0.0359314 0.0413725
4 0.715359 0.314142 0.214444 0.0738399
4 0.542704 0.466593 0.0708987 0.0431209
4 0.930768 0.621413 0.138464 0.0826961
4 0.946324 0.667345 0.10585 0.0808333
4 0.32915 0.506046 0.124118 0.12098
4 0.710408 0.529404 0.0827124 0.0425327
4 0.955989 0.722353 0.0879248 0.0651307
4 0.603039 0.4846 0.0490196 0.0508987
