0 0.838352 0.259533 0.0286406 0.0308879
0 0.563961 0.602582 0.0782656 0.0703972
0 0.740766 0.116063 0.0310312 0.0414252
0 0.242633 0.358014 0.0700156 0.0890187
0 0.412039 0.589825 0.0596719 0.125911
0 0.787914 0.134147 0.0239219 0.0271729
0 0.780344 0.161811 0.0378125 0.0468458
0 0.668664 0.244544 0.0555469 0.0540421
0 0.635453 0.510841 0.0724687 0.0637383
0 0.565617 0.354264 0.0852969 0.0832477
0 0.0829453 0.46222 0.0715469 0.108505
0 0.067125 0.658505 0.103937 0.0796729
0 0.192859 0.548879 0.089875 0.139112
0 0.3315 0.313131 0.05575 0.0280841
0 0.584281 0.575713 0.08175 0.0784346
0 0.250188 0.672769 0.0930625 0.10979
0 0.764078 0.340724 0.0580312 0.0395327
0 0.378117 0.287523 0.0440781 0.0687383
0 0.879086 0.196402 0.0290469 0.0390187
0 0.617617 0.543294 0.0738594 0.0840187
0 0.73732 0.163785 0.0500156 0.0503738
0 0.325414 0.370958 0.0737656 0.111636
0 0.639016 0.314136 0.0581562 0.0862617
0 0.13625 0.329579 0.0445313 0.0746262
0 0.643891 0.407196 0.0459688 0.0335047
0 0.543492 0.62528 0.0865781 0.0861682
0 0.639383 0.140713 0.0206094 0.0181542
0 0.843938 0.155888 0.0279063 0.0344393
0 0.567633 0.411857 0.0460781 0.0318925
0 0.837617 0.189229 0.0309531 0.0573832
0 0.526625 0.27236 0.0598125 0.0758879
0 0.0336797 0.46278 0.0673594 0.0570093
0 0.304148 0.297956 0.0485469 0.0713318
0 0.714625 0.278972 0.062375 0.0846262
0 0.0577734 0.380164 0.0584531 0.0361215
0 0.480352 0.601928 0.0944531 0.139416
0 0.673633 0.355409 0.0547344 0.040257
0 0.359273 0.700152 0.112297 0.0966121
0 0.451078 0.43479 0.0587188 0.0417757
0 0.439109 0.217687 0.0342812 0.0213084
0 0.0610859 0.327862 0.0302344 0.0736682
0 0.7565 0.249813 0.0315 0.0691121
0 0.191945 0.342418 0.0838594 0.100818
0 0.17525 0.676542 0.112563 0.0850935
0 0.718305 0.140409 0.0280781 0.0360981
0 0.394844 0.428271 0.0662812 0.0375234
0 0.770695 0.290386 0.0133281 0.0211449
0 0.808266 0.206098 0.0415937 0.0573364
0 0.47918 0.364346 0.0586406 0.096028
0 0.694219 0.421916 0.0513438 0.0449533
0 0.0948438 0.335035 0.0679063 0.105678
0 0.588555 0.508201 0.0688906 0.0905607
0 0.362063 0.513364 0.0706563 0.0515888
0 0.242125 0.293902 0.0498125 0.0594393
0 0.0191953 0.423551 0.0383906 0.0480374
0 0.725664 0.252512 0.0507656 0.0610047
0 0.0369219 0.414054 0.0593125 0.0534346
0 0.156805 0.473189 0.0824844 0.124229
0 0.0167344 0.364556 0.0334688 0.0396262
0 0.52875 0.3259 0.0375937 0.0531075
0 0.290305 0.631998 0.0832656 0.106285
0 0.232055 0.5684 0.104297 0.146612
0 0.0384766 0.527313 0.0743281 0.109486
0 0.582797 0.320783 0.0709375 0.088528
0 0.734172 0.372208 0.0424375 0.0428738
0 0.882422 0.154369 0.038625 0.0478505
0 0.669586 0.440783 0.0683281 0.0573598
0 0.444047 0.36979 0.0759688 0.0952804
0 0.427305 0.290292 0.0626406 0.0818458
0 0.531531 0.389287 0.0447813 0.0299766
0 0.439133 0.524276 0.0817344 0.0918692
0 0.810773 0.148072 0.0340781 0.0346495
0 0.296812 0.519521 0.0850937 0.0809112
0 0.514008 0.214124 0.0416094 0.038014
0 0.693352 0.210689 0.0518906 0.0586682
0 0.510203 0.684124 0.109563 0.139416
0 0.508867 0.509696 0.0735156 0.0924766
0 0.63707 0.414369 0.0282969 0.0243925
0 0.503586 0.251799 0.0312656 0.0383178
0 0.672383 0.464252 0.0423281 0.0426168
0 0.646492 0.199404 0.0475781 0.0597897
0 0.462023 0.731063 0.0861406 0.0702103
0 0.359977 0.592079 0.105453 0.128832
0 0.0161641 0.344626 0.0309844 0.0257009
0 0.644578 0.464603 0.0694375 0.0420093
0 0.402508 0.411554 0.0602031 0.0377336
0 0.714125 0.403061 0.045625 0.0330374
0 0.628844 0.164918 0.0361875 0.0275935
0 0.624227 0.153586 0.0208281 0.0169393
0 0.354336 0.290549 0.0241719 0.0466121
0 0.847211 0.249942 0.0309844 0.0358178
0 0.208148 0.40125 0.0372969 0.0333411
0 0.00470312 0.57146 0.00640625 0.0611449
0 0.280602 0.281449 0.0324219 0.0395327
0 0.856648 0.232033 0.0351406 0.0344393
0 0.133492 0.621846 0.0748906 0.138785
0 0.766766 0.223703 0.0258125 0.040771
0 0.8285 0.136741 0.0218438 0.0225467
0 0.569312 0.446308 0.0794688 0.0473364
0 0.147859 0.248306 0.052 0.048715
0 0.555797 0.242535 0.0512188 0.0561916
0 0.716562 0.382699 0.0636562 0.0556776
0 0.864797 0.185082 0.0239063 0.0321729
0 0.301359 0.526005 0.061125 0.121028
0 0.809773 0.178645 0.0393281 0.0376636
0 0.865844 0.159077 0.0220938 0.0256308
0 0.803281 0.242582 0.0330625 0.0267991
0 0.512906 0.439778 0.059 0.0428738
0 0.771328 0.2084 0.0356875 0.0576869
0 0.350047 0.425409 0.0447813 0.0251168
0 0.733078 0.195093 0.045375 0.051028
0 0.472391 0.302979 0.034625 0.0315654
0 0.289945 0.365946 0.0379531 0.0831075
0 0.0163828 0.328037 0.0327656 0.0311682
0 0.753125 0.135864 0.0291563 0.024486
0 0.656789 0.273879 0.0574219 0.0756542
0 0.865695 0.224579 0.0292031 0.0254206
0 0.783266 0.256612 0.027625 0.033271
0 0.16343 0.250584 0.0424844 0.0479907
0 0.354383 0.258528 0.0453281 0.0352804
0 0.655742 0.382348 0.0606719 0.033528
0 0.0402734 0.362745 0.0333281 0.0228738
0 0.501836 0.235911 0.0500469 0.045514
0 0.903484 0.182161 0.0179687 0.016986
0 0.808484 0.273563 0.0431563 0.0305841
0 0.328117 0.300561 0.0566406 0.0501869
0 0.46468 0.235292 0.0340781 0.0493692
0 0.0142266 0.370631 0.0284531 0.0353271
0 0.246883 0.26111 0.0408281 0.0452103
0 0.481375 0.274965 0.032875 0.0386215
0 0.778961 0.328376 0.0509844 0.0379206
0 0.406938 0.247103 0.0364688 0.0491589
0 0.81218 0.126005 0.0209219 0.0169626
0 0.596781 0.261612 0.0587812 0.0696262
0 0.786969 0.312909 0.0472187 0.0375935
0 0.906813 0.169287 0.0205313 0.0206308
0 0.777336 0.271519 0.0218281 0.0270561
0 0.599437 0.393049 0.03825 0.0259579
0 0.669164 0.374159 0.0408594 0.0347196
0 0.803469 0.299311 0.0360625 0.028528
0 0.022625 0.316449 0.0445938 0.0303738
0 0.840508 0.129883 0.0233281 0.0203738
0 0.707383 0.339614 0.0382344 0.0229673
0 0.346547 0.669042 0.104906 0.120467
0 0.743844 0.319579 0.0216875 0.0262617
0 0.671727 0.160129 0.0355156 0.0321729
0 0.122203 0.391168 0.060875 0.0271963
0 0.560492 0.202757 0.0476719 0.0556075
0 0.550023 0.419778 0.0594844 0.0395093
0 0.615336 0.422068 0.0562031 0.0445093
0 0.44293 0.24361 0.0530781 0.0521729
0 0.699086 0.169731 0.0285156 0.0230607
0 0.673727 0.324054 0.0268594 0.0308645
0 0.398445 0.359007 0.0327969 0.0811916
0 0.375609 0.369603 0.05225 0.10528
0 0.595195 0.164591 0.0400781 0.0475467
0 0.60843 0.226939 0.0537031 0.0435514
0 0.207453 0.249556 0.0361563 0.0343925
0 0.703484 0.13535 0.018375 0.0278037
0 0.629711 0.133563 0.0166719 0.0201168
0 0.766859 0.120456 0.0255312 0.0396028
0 0.246719 0.409264 0.0516875 0.0275467
