0 0.41607 0.55178 0.0779531 0.129225
0 0.336687 0.570557 0.0748125 0.111332
0 0.379844 0.656053 0.0804688 0.124988
0 0.3885 0.438148 0.0811562 0.116683
24 0.227898 0.658414 0.0318281 0.0861743
24 0.262805 0.738184 0.0426719 0.0506538
24 0.250023 0.712385 0.0319844 0.032276
24 0.282875 0.762567 0.0339375 0.039661
24 0.254977 0.63862 0.0317969 0.0517191
24 0.259789 0.676053 0.0358594 0.0445036
24 0.295234 0.640024 0.0534375 0.0556416
24 0.287781 0.694722 0.0460625 0.0706053
24 0.309859 0.698232 0.0194687 0.0389831
24 0.214875 0.737143 0.0358125 0.0489104
24 0.295352 0.724274 0.0264844 0.0546005
24 0.240727 0.747421 0.0273281 0.0456416
4 0.267086 0.296949 0.0639531 0.0591283
4 0.26868 0.250303 0.0338594 0.0400242
4 0.297016 0.374031 0.0501562 0.0583777
4 0.255977 0.404504 0.0412031 0.0499274
4 0.184547 0.314722 0.0409687 0.0790315
4 0.226195 0.335169 0.0506719 0.0670944
4 0.219602 0.39293 0.0359219 0.0520581
4 0.248516 0.233208 0.0325625 0.0509201
4 0.304789 0.438838 0.0537031 0.0730751
4 0.234813 0.214976 0.0347812 0.0439952
4 0.310133 0.3323 0.0359219 0.0535109
4 0.216703 0.2673 0.0401562 0.072954
4 0.265945 0.389843 0.0477031 0.0669976
4 0.271391 0.354165 0.0250312 0.0224213
