23 0.624427 0.925305 0.0305625 0.0233906
23 0.486104 0.953172 0.0317917 0.0225
23 0.354833 0.874516 0.0292083 0.012875
23 0.45751 0.95693 0.0274375 0.0288594
23 0.299104 0.906906 0.0269167 0.0186562
23 0.639177 0.948844 0.0358958 0.0251875
23 0.531698 0.906547 0.0357708 0.0243125
23 0.585823 0.895656 0.0231042 0.0193437
23 0.445698 0.979258 0.0332292 0.0262656
23 0.359219 0.839969 0.0184792 0.0105625
23 0.713635 0.867977 0.0304375 0.0210781
23 0.643823 0.974945 0.0287292 0.0297656
23 0.625219 0.984852 0.0331458 0.0260469
23 0.475 0.861789 0.0192083 0.0109531
23 0.615615 0.903164 0.0291042 0.0200469
23 0.558552 0.91943 0.0315625 0.0283594
23 0.682406 0.898492 0.0272708 0.0222344
23 0.683656 0.87893 0.0279792 0.0227656
24 0.646344 0.889062 0.0594792 0.0405313
24 0.669958 0.852156 0.0615 0.0340937
24 0.482302 0.915813 0.0721458 0.0584687
24 0.418948 0.943445 0.0588125 0.0713906
24 0.674135 0.930641 0.0899375 0.0404375
24 0.464885 0.85057 0.0821042 0.0416406
24 0.565688 0.86043 0.0371667 0.0382656
24 0.513448 0.877687 0.0658125 0.034125
24 0.436271 0.902625 0.062375 0.0352188
24 0.73324 0.907227 0.0952292 0.0388281
24 0.34451 0.856547 0.105188 0.050375
24 0.558948 0.964008 0.147437 0.0607344
24 0.52175 0.978789 0.0730833 0.0376719
24 0.591885 0.920969 0.0375208 0.0324062
