8 0.344322 0.569567 0.0694935 0.0478268
8 0.164273 0.57634 0.0497549 0.0384641
8 0.212574 0.586879 0.0589706 0.0533333
8 0.0985784 0.661936 0.0691176 0.0869771
8 0.359681 0.538685 0.0481209 0.0409641
8 0.169763 0.67326 0.0597876 0.0371732
8 0.137239 0.701413 0.0636928 0.0561601
8 0.150817 0.613382 0.0466667 0.0579412
8 0.228399 0.633399 0.0417647 0.0247712
8 0.250449 0.548399 0.0487092 0.0412745
8 0.206152 0.551364 0.0615196 0.0382843
8 0.250613 0.631364 0.0331209 0.0568137
8 0.180302 0.637312 0.0702451 0.0361601
8 0.202737 0.688913 0.0308333 0.025768
8 0.239158 0.597516 0.0601797 0.0499346
8 0.0720997 0.647851 0.0382843 0.0510621
8 0.130417 0.608235 0.0300817 0.0415686
8 0.166234 0.751266 0.0487092 0.0419444
8 0.171863 0.711642 0.0294444 0.0436438
8 0.299077 0.550261 0.0348203 0.0270261
