24 0.589438 0.732479 0.100312 0.10925
24 0.0851875 0.0342083 0.0185625 0.0275833
24 0.298914 0.76824 0.0842031 0.114437
24 0.897258 0.363208 0.0300469 0.044125
24 0.245805 0.393115 0.0514531 0.0650208
24 0.781578 0.333125 0.0279063 0.0310833
24 0.166328 0.504896 0.01425 0.0374167
24 0.964539 0.355271 0.0709219 0.109458
24 0.799914 0.322302 0.0265156 0.0372292
24 0.904094 0.341698 0.0348437 0.0489375
24 0.166672 0.748698 0.0909375 0.117896
24 0.723328 0.738583 0.0889062 0.108333
24 0.0718281 0.0542188 0.0200313 0.0318958
24 0.0281484 0.0266458 0.0562344 0.0532917
24 0.418328 0.283802 0.0379688 0.0795208
24 0.78682 0.364781 0.0342344 0.0461875
24 0.453711 0.753844 0.0925469 0.104771
24 0.0736094 0.138594 0.02475 0.0389375
24 0.687883 0.0584792 0.0684531 0.0518333
24 0.300195 0.297729 0.0367031 0.0792917
7 0.183305 0.187615 0.0261719 0.0357708
7 0.232906 0.131323 0.0235625 0.0212292
7 0.27993 0.0969792 0.0231406 0.0223333
7 0.338156 0.0873229 0.0245938 0.0253542
10 0.627469 0.0263125 0.0669375 0.052625
10 0.658453 0.215458 0.0795625 0.0467917
10 0.0487734 0.169396 0.0643281 0.038625
