7 0.749139 0.404426 0.0668212 0.0856291
7 0.698444 0.36787 0.0498675 0.0654084
7 0.720828 0.281744 0.0540066 0.0322737
7 0.686101 0.311159 0.0264735 0.0530905
7 0.693924 0.25128 0.075 0.0697572
7 0.728775 0.326325 0.0729139 0.0700883
0 0.800944 0.479525 0.0698344 0.145806
0 0.599553 0.586369 0.0922517 0.185497
0 0.849429 0.474536 0.104652 0.0936203
0 0.608394 0.459845 0.0591391 0.0992494
0 0.58952 0.51 0.0961589 0.0917881
0 0.68707 0.456512 0.123377 0.104018
0 0.756341 0.474812 0.0270861 0.0716998
0 0.702806 0.546026 0.131374 0.121104
23 0.830331 0.327583 0.0400331 0.0615673
23 0.810844 0.381258 0.0273179 0.035894
23 0.819114 0.278146 0.034851 0.0393377
23 0.837732 0.373035 0.0369868 0.0330464
23 0.822748 0.406402 0.0496689 0.0541722
23 0.777235 0.255949 0.0350662 0.0433775
23 0.804404 0.335 0.0328808 0.0489845
23 0.851689 0.408863 0.0197351 0.042362
23 0.798684 0.306391 0.0224338 0.017064
1 0.756523 0.647704 0.142152 0.205121
1 0.66745 0.660055 0.119106 0.17649
1 0.898974 0.618057 0.14 0.224238
24 0.575745 0.29947 0.082053 0.13894
24 0.580497 0.374735 0.0690397 0.134768
24 0.63231 0.362616 0.061606 0.122892
