0 0.327984 0.207039 0.017875 0.0263364
0 0.435023 0.190242 0.0189844 0.0264286
0 0.391711 0.21212 0.0200156 0.0294931
0 0.336805 0.215634 0.0147969 0.0156452
0 0.302844 0.197546 0.0140937 0.0292396
0 0.447656 0.211406 0.0191562 0.0282028
0 0.329641 0.182247 0.0173125 0.0244931
0 0.377227 0.211959 0.0109531 0.0246083
0 0.408687 0.199482 0.0205938 0.0284101
0 0.402859 0.234896 0.0223438 0.0325115
0 0.392594 0.142995 0.01375 0.0303687
0 0.312016 0.198698 0.0163438 0.0260138
0 0.36482 0.159343 0.0186094 0.0251843
0 0.428109 0.203041 0.0205313 0.0300461
0 0.339055 0.132442 0.0222969 0.0307834
0 0.435555 0.23076 0.0189844 0.0305069
0 0.318898 0.21606 0.0135781 0.0139631
0 0.416125 0.183963 0.0179375 0.02
0 0.379922 0.147465 0.0191562 0.0289862
0 0.356398 0.145565 0.0174219 0.0274424
0 0.392078 0.193122 0.0180312 0.0172581
0 0.3985 0.182684 0.0164063 0.0143088
0 0.317656 0.187005 0.0134687 0.0221659
0 0.382305 0.122154 0.0198594 0.0271659
0 0.339781 0.15985 0.0100938 0.0164286
0 0.355695 0.122753 0.0217344 0.0280415
0 0.360742 0.109654 0.0170781 0.0185253
0 0.420508 0.224862 0.0212344 0.0312903
