1 0.15606 0.296139 0.1542 0.197909
1 0.60388 0.368579 0.19568 0.317534
1 0.73517 0.524611 0.2349 0.257051
1 0.28556 0.311126 0.11324 0.129759
4 0.17733 0.146273 0.07654 0.140804
4 0.68043 0.182493 0.25014 0.182306
4 0.79102 0.282024 0.18772 0.324584
4 0.68236 0.0912601 0.246 0.18252
4 0.91615 0.112225 0.0993 0.0641823
4 0.74273 0.26811 0.1335 0.230965
4 0.22966 0.17496 0.06192 0.192118
4 0.11896 0.232842 0.1544 0.337855
4 0.88995 0.247332 0.11254 0.295684
4 0.24541 0.116005 0.03058 0.0747453
4 0.09673 0.127131 0.1907 0.18563
