8 0.693656 0.468778 0.0503125 0.0418093
8 0.811523 0.461907 0.0537656 0.0656235
8 0.593898 0.651724 0.0198281 0.0425672
8 0.675266 0.684046 0.0852187 0.0779707
8 0.704719 0.425685 0.0561875 0.0660391
8 0.764109 0.287115 0.064375 0.0637164
8 0.698852 0.638264 0.0310156 0.0630318
8 0.730023 0.628582 0.0590781 0.0912469
8 0.611867 0.664682 0.0179219 0.0547433
8 0.856578 0.785073 0.0565937 0.0851589
8 0.822602 0.583313 0.0545781 0.0779707
8 0.662992 0.741002 0.0421719 0.0407335
8 0.877484 0.349377 0.00934375 0.0174328
8 0.24257 0.802531 0.0157344 0.0118093
8 0.330086 0.611076 0.0114844 0.0187286
8 0.750188 0.417836 0.0418437 0.0552323
8 0.667031 0.579609 0.0595938 0.0812225
8 0.855703 0.681956 0.0158438 0.037555
