0 0.718109 0.951051 0.076625 0.0978972
0 0.874922 0.774252 0.153531 0.201916
0 0.601031 0.916717 0.163094 0.127033
0 0.915469 0.875304 0.165875 0.221729
0 0.460391 0.75639 0.0451875 0.0327336
0 0.54057 0.798949 0.147766 0.221262
0 0.639867 0.887243 0.122047 0.143692
0 0.691617 0.803236 0.148922 0.1825
0 0.830313 0.942932 0.210156 0.114136
0 0.768188 0.887827 0.126156 0.090514
0 0.967977 0.966449 0.0640469 0.0671028
0 0.787938 0.82646 0.0353125 0.0240888
0 0.479281 0.920829 0.09025 0.158341
0 0.573187 0.733586 0.105688 0.131893
0 0.599547 0.954334 0.148187 0.0913318
4 0.41068 0.537488 0.149391 0.202313
4 0.28 0.529369 0.181656 0.348318
4 0.0420391 0.733621 0.0840781 0.261776
4 0.212844 0.354696 0.131531 0.573084
4 0.0977813 0.529229 0.195563 0.417103
4 0.22418 0.841752 0.197922 0.316495
4 0.0388906 0.277243 0.0748125 0.264673
4 0.296039 0.981063 0.158578 0.0378738
4 0.383984 0.706028 0.14375 0.206822
4 0.401477 0.455829 0.132734 0.356051
4 0.114695 0.38285 0.0897031 0.199533
4 0.43743 0.811963 0.0626406 0.118131
4 0.0728203 0.931192 0.145641 0.137617
4 0.177945 0.789206 0.208109 0.266589
4 0.363961 0.93118 0.213484 0.13764
4 0.0829141 0.265386 0.0615156 0.165584
4 0.351359 0.317862 0.1565 0.235117
4 0.15843 0.442827 0.0595156 0.300607
4 0.361133 0.838435 0.117078 0.125234
