7 0.82893 0.632563 0.0234531 0.0266667
7 0.876633 0.693354 0.0252969 0.03075
7 0.81807 0.690771 0.0269219 0.0317917
7 0.811187 0.82676 0.0195938 0.0393542
7 0.883305 0.659344 0.0262969 0.0269792
7 0.838969 0.677917 0.0238125 0.0357083
7 0.862859 0.635417 0.0295312 0.0321667
7 0.872867 0.723125 0.0248281 0.0298333
7 0.800219 0.654979 0.0237188 0.033
7 0.830664 0.72051 0.0242344 0.0353958
7 0.861141 0.66449 0.0313437 0.0294792
7 0.821578 0.872479 0.0195 0.0262917
7 0.817195 0.666021 0.0203906 0.025375
7 0.827164 0.809823 0.0250469 0.0360625
7 0.851078 0.729302 0.021 0.0288958
7 0.794727 0.687667 0.0163906 0.039625
7 0.813273 0.616458 0.0246094 0.0282083
7 0.808062 0.713844 0.0236563 0.0297292
7 0.858836 0.573333 0.0267344 0.03075
7 0.852563 0.60675 0.014875 0.020375
7 0.839984 0.798302 0.0270937 0.0208125
7 0.881437 0.612302 0.03175 0.0341458
7 0.874711 0.593313 0.0271406 0.03675
7 0.857148 0.70475 0.0247969 0.0269167
7 0.835586 0.597667 0.0317344 0.0428333
0 0.912078 0.28426 0.102594 0.131479
0 0.804055 0.390604 0.115766 0.140333
0 0.803648 0.228302 0.107953 0.145771
