16 0.341491 0.086118 0.042679 0.030749
16 0.827234 0.093044 0.038332 0.026678
16 0.254279 0.101816 0.039750 0.028820
16 0.712036 0.094429 0.040911 0.027795
16 0.248893 0.096164 0.033762 0.021691
16 0.645650 0.049306 0.052608 0.029566
16 0.809727 0.048733 0.038011 0.025338
16 0.893002 0.097459 0.036576 0.027883
16 0.149425 0.086298 0.031901 0.016909
16 0.639324 0.052797 0.053631 0.030585
16 0.206490 0.015246 0.045249 0.030440
16 0.025329 0.164176 0.044408 0.028320
16 0.597517 0.044628 0.046446 0.022629
16 0.340739 0.069551 0.033713 0.027849
16 0.798320 0.048456 0.038467 0.024281
16 0.653321 0.047264 0.048477 0.025167
16 0.349506 0.085774 0.049130 0.030434
16 0.109747 0.211275 0.042435 0.028168
16 0.975126 0.162010 0.037056 0.022017
16 0.864786 0.008990 0.039366 0.017884
16 0.808124 0.052634 0.043456 0.027311
16 0.667658 0.082758 0.039542 0.023314
