16 0.561827 0.649153 0.052898 0.062592
16 0.537560 0.763404 0.051443 0.067612
16 0.541875 0.751298 0.061547 0.083028
16 0.484010 0.733194 0.059565 0.075237
16 0.550924 0.729420 0.058677 0.063866
16 0.527552 0.601985 0.059590 0.068483
16 0.482374 0.722618 0.068552 0.100002
16 0.044919 0.476770 0.089837 0.227784
16 0.472458 0.159348 0.065759 0.093673
16 0.512704 0.735452 0.117996 0.103423
16 0.896498 0.970123 0.062977 0.059755
16 0.614620 0.511107 0.056580 0.072495
16 0.612444 0.610041 0.070580 0.130495
16 0.877687 0.964728 0.099757 0.070210
16 0.469741 0.695342 0.049391 0.071405
16 0.588208 0.612080 0.115261 0.134157
