21 0.956020 0.433809 0.087933 0.272683
21 0.913358 0.167891 0.147622 0.189238
21 0.818782 0.555513 0.164704 0.216443
21 0.743027 0.350159 0.186539 0.242601
21 0.631184 0.478697 0.136620 0.195983
21 0.562785 0.188989 0.082444 0.182377
21 0.474563 0.220690 0.172014 0.261806
21 0.828855 0.730628 0.126555 0.182544
21 0.161019 0.798105 0.119925 0.201804
21 0.628883 0.240099 0.092762 0.155289
21 0.856645 0.321459 0.121740 0.231141
21 0.734550 0.160529 0.122087 0.190631
21 0.629314 0.676180 0.181374 0.242253
21 0.242257 0.728702 0.159173 0.147987
21 0.958790 0.043297 0.081789 0.086595
21 0.610876 0.913395 0.161546 0.167555
21 0.922576 0.893611 0.106540 0.123481
21 0.946803 0.968231 0.104173 0.061941
21 0.562360 0.146633 0.081294 0.101870
21 0.827987 0.937184 0.123146 0.120591
21 0.232676 0.874581 0.122237 0.161357
21 0.926958 0.681897 0.126487 0.252999
21 0.924483 0.680625 0.121900 0.253243
21 0.427221 0.079761 0.145833 0.159523
21 0.671322 0.129188 0.095187 0.121812
21 0.792206 0.041879 0.112022 0.083757
21 0.712906 0.668981 0.087790 0.196782
21 0.829218 0.937858 0.124878 0.123375
21 0.426086 0.087663 0.151418 0.170179
21 0.804023 0.339106 0.230977 0.262721
21 0.062950 0.118357 0.125900 0.218855
21 0.714646 0.668220 0.090132 0.190055
