21 0.440151 0.232165 0.145656 0.133896
21 0.156040 0.201514 0.078506 0.107982
21 0.756039 0.393072 0.149543 0.179387
21 0.632167 0.216684 0.134007 0.119293
21 0.061382 0.226468 0.122273 0.155384
21 0.031606 0.091758 0.062942 0.125148
21 0.561037 0.298113 0.134153 0.127378
21 0.122271 0.093893 0.133197 0.145014
21 0.298433 0.135002 0.117041 0.146198
21 0.694518 0.326043 0.117869 0.160586
21 0.749531 0.216129 0.105749 0.134440
21 0.338136 0.524822 0.148304 0.135015
21 0.053128 0.403339 0.106257 0.247660
21 0.690503 0.123544 0.116150 0.132068
21 0.831280 0.105049 0.115672 0.138988
21 0.499458 0.375365 0.151874 0.117923
21 0.598746 0.141720 0.096910 0.111997
21 0.242332 0.201718 0.140227 0.119934
21 0.504030 0.156622 0.113897 0.158482
21 0.312796 0.788199 0.153452 0.213806
21 0.885968 0.328823 0.112760 0.130226
21 0.572624 0.353702 0.094122 0.079841
21 0.523837 0.573298 0.154351 0.193767
21 0.677670 0.582728 0.160422 0.179665
21 0.613607 0.471697 0.132270 0.187530
21 0.385823 0.645400 0.164347 0.207899
21 0.437576 0.309648 0.128887 0.119047
21 0.535531 0.051019 0.109405 0.102039
21 0.198501 0.502116 0.142241 0.155299
21 0.875051 0.211005 0.115724 0.153126
21 0.622436 0.053115 0.077193 0.082903
21 0.580836 0.721346 0.120868 0.144568
21 0.204248 0.047867 0.125895 0.092226
21 0.378263 0.211078 0.102964 0.153876
21 0.270476 0.259757 0.139730 0.140519
21 0.342764 0.401625 0.165382 0.169083
21 0.312670 0.040569 0.099097 0.078686
21 0.242601 0.662143 0.134814 0.197447
21 0.903479 0.635404 0.131023 0.206441
21 0.912354 0.428348 0.141551 0.173604
21 0.805326 0.034346 0.086595 0.067198
21 0.409790 0.077701 0.110958 0.155403
21 0.925462 0.166933 0.073697 0.087701
21 0.854373 0.733434 0.115919 0.097409
21 0.986391 0.638149 0.027218 0.142568
21 0.891688 0.073014 0.095766 0.110308
21 0.029815 0.579322 0.059629 0.164119
21 0.798541 0.538325 0.143048 0.200790
21 0.961502 0.294731 0.076757 0.200670
21 0.274183 0.379441 0.111307 0.146115
21 0.976588 0.160880 0.046440 0.091301
21 0.158717 0.356266 0.164274 0.213399
21 0.730259 0.054828 0.085941 0.098887
21 0.963383 0.237384 0.071480 0.086860
21 0.661698 0.812615 0.098988 0.113338
21 0.977834 0.568273 0.043946 0.128569
21 0.735722 0.714224 0.146376 0.165527
21 0.158817 0.720232 0.118067 0.187684
21 0.506153 0.135354 0.104316 0.122524
21 0.985179 0.081268 0.029642 0.082735
21 0.207478 0.839783 0.100126 0.140439
21 0.056877 0.740403 0.113754 0.177595
21 0.545997 0.826997 0.133676 0.160968
21 0.677984 0.811518 0.134643 0.119618
21 0.436418 0.826956 0.112972 0.165160
21 0.511609 0.082797 0.078094 0.076348
21 0.425117 0.513479 0.065645 0.141532
21 0.696630 0.050194 0.099526 0.084462
21 0.545622 0.825433 0.134301 0.158831
21 0.347692 0.305415 0.051006 0.054081
21 0.956242 0.094213 0.050786 0.081810
21 0.710595 0.062120 0.103073 0.109558
21 0.762692 0.037353 0.038800 0.067506
21 0.483150 0.094992 0.052820 0.084185
21 0.281196 0.351778 0.109570 0.091520
21 0.958738 0.065037 0.058376 0.096564
21 0.121413 0.607508 0.128851 0.146820
21 0.205445 0.836430 0.095915 0.133123
21 0.602354 0.213987 0.078188 0.112829
21 0.031636 0.116440 0.062781 0.180171
21 0.068145 0.027737 0.118873 0.054094
21 0.212996 0.205278 0.079893 0.110293
21 0.082064 0.852738 0.164128 0.108308
21 0.580119 0.055057 0.122856 0.100283
21 0.480737 0.371116 0.120705 0.104423
21 0.599408 0.021756 0.059714 0.043512
21 0.082633 0.853057 0.165265 0.108908
21 0.555065 0.279611 0.129983 0.088665
21 0.467258 0.370268 0.085431 0.105439
21 0.615808 0.038438 0.074796 0.069672
21 0.674517 0.029944 0.057101 0.051728
21 0.216169 0.119791 0.073657 0.079826
21 0.799541 0.538187 0.143988 0.195533
21 0.958243 0.261838 0.079421 0.135669
21 0.959637 0.081203 0.057599 0.098775
21 0.516858 0.191889 0.100392 0.095120
21 0.877337 0.022226 0.068571 0.040486
21 0.422609 0.237330 0.117037 0.118009
21 0.461266 0.031259 0.052095 0.057187
21 0.384998 0.183193 0.092441 0.097027
21 0.967316 0.314916 0.065367 0.165721
21 0.812073 0.212768 0.046766 0.084555
21 0.262428 0.242197 0.156786 0.134167
21 0.990121 0.426987 0.019295 0.099867
21 0.502252 0.030903 0.052665 0.054524
21 0.852884 0.230401 0.095813 0.131940
21 0.409794 0.040213 0.104439 0.073424
21 0.064125 0.194704 0.118158 0.092350
21 0.388308 0.095423 0.073417 0.121817
21 0.114041 0.511818 0.045111 0.045461
21 0.494739 0.037020 0.057570 0.070215
21 0.798716 0.266515 0.051996 0.060787
21 0.479797 0.517814 0.120936 0.130905
21 0.730883 0.206986 0.071524 0.110578
21 0.981396 0.634284 0.036450 0.146924
21 0.813888 0.229395 0.049581 0.114434
21 0.565710 0.330120 0.121907 0.130539
21 0.987003 0.477842 0.025994 0.077741
21 0.302345 0.099082 0.115586 0.180012
21 0.812158 0.320989 0.056436 0.074068
21 0.449264 0.516373 0.105517 0.138072
21 0.826842 0.231623 0.051103 0.122550
21 0.428752 0.826155 0.130664 0.162873
21 0.548385 0.216660 0.055582 0.056525
21 0.787872 0.285393 0.073991 0.039067
21 0.865757 0.337031 0.119756 0.126646
21 0.492642 0.113033 0.087821 0.107956
21 0.609042 0.056435 0.088793 0.100707
21 0.702072 0.501202 0.069740 0.063391
