21 0.490246 0.382230 0.198750 0.278194
21 0.858828 0.914033 0.235524 0.167743
21 0.457409 0.169206 0.126841 0.206199
21 0.272691 0.881096 0.228600 0.230577
21 0.544934 0.898316 0.239894 0.196526
21 0.545163 0.897925 0.238887 0.196781
21 0.320573 0.041418 0.093400 0.082837
21 0.634633 0.389514 0.120098 0.181548
21 0.076617 0.677740 0.151020 0.139915
21 0.782507 0.304261 0.189720 0.194454
21 0.485867 0.662227 0.148416 0.318688
21 0.428378 0.666915 0.259695 0.319715
21 0.425107 0.676846 0.270535 0.348917
21 0.644132 0.290929 0.089510 0.063999
