18 0.679964 0.372322 0.181658 0.269684
18 0.844923 0.148825 0.156500 0.254266
18 0.947960 0.913623 0.103805 0.172754
18 0.607199 0.068798 0.162328 0.137596
18 0.251178 0.426523 0.191176 0.348254
18 0.202478 0.095439 0.175847 0.189199
18 0.737471 0.744181 0.202347 0.394855
18 0.278062 0.862073 0.204740 0.275853
18 0.442184 0.173562 0.175583 0.331821
18 0.047909 0.262401 0.095817 0.346346
18 0.490983 0.590912 0.194951 0.362699
18 0.914908 0.518818 0.170185 0.302965
18 0.068988 0.733480 0.137378 0.304157
18 0.915004 0.521267 0.169991 0.303354
18 0.278276 0.862302 0.205098 0.275136
18 0.529738 0.978129 0.124937 0.043742
