18 0.186485 0.404491 0.214966 0.293240
18 0.714043 0.507033 0.212148 0.289665
18 0.322614 0.229096 0.177582 0.217897
18 0.503059 0.206596 0.218234 0.256824
18 0.539088 0.378548 0.203579 0.254895
18 0.712142 0.216111 0.226635 0.286636
18 0.312633 0.704814 0.209959 0.259795
18 0.372098 0.409128 0.186492 0.239768
18 0.172686 0.870178 0.199291 0.251071
18 0.904025 0.505356 0.191950 0.276204
18 0.516035 0.619951 0.249849 0.277909
18 0.927791 0.736283 0.143772 0.210059
18 0.115004 0.663099 0.230007 0.295795
18 0.894797 0.142334 0.209895 0.284153
18 0.462980 0.836339 0.159440 0.229261
18 0.619971 0.784566 0.190830 0.275636
18 0.354041 0.907316 0.189540 0.185367
18 0.042151 0.499309 0.084121 0.215696
18 0.943263 0.305377 0.113033 0.229078
18 0.796010 0.711256 0.198050 0.249876
18 0.771033 0.829220 0.147500 0.177234
18 0.963610 0.315636 0.072726 0.230894
18 0.793612 0.713040 0.203124 0.247912
