18 0.527551 0.431064 0.121810 0.088138
18 0.402591 0.433375 0.125678 0.086250
18 0.696934 0.353238 0.137064 0.173203
18 0.453376 0.333671 0.118701 0.198230
18 0.405528 0.681637 0.151878 0.287912
18 0.329629 0.399765 0.109766 0.107924
18 0.634451 0.746778 0.151633 0.222582
18 0.565912 0.328343 0.127213 0.185834
18 0.631026 0.423314 0.109496 0.087693
18 0.688997 0.360895 0.105881 0.152773
18 0.409705 0.310969 0.100567 0.155780
18 0.679208 0.346306 0.103052 0.139634
18 0.412158 0.309911 0.102408 0.154784
