18 0.533833 0.088808 0.215134 0.144665
18 0.537377 0.885391 0.241172 0.204989
18 0.164167 0.676086 0.286863 0.297585
18 0.490822 0.266786 0.191842 0.214709
18 0.407427 0.771208 0.239756 0.214407
18 0.733871 0.487954 0.243604 0.224976
18 0.420515 0.547953 0.247605 0.254235
18 0.704472 0.183299 0.241707 0.252349
18 0.525897 0.120657 0.175960 0.073591
18 0.882521 0.375520 0.206012 0.214758
18 0.252921 0.558612 0.099712 0.128627
18 0.274831 0.522088 0.081004 0.077361
18 0.214910 0.552242 0.181536 0.121431
18 0.288095 0.142291 0.275121 0.204282
18 0.620818 0.398818 0.191338 0.197918
18 0.272828 0.369318 0.326232 0.291839
18 0.203987 0.394492 0.201296 0.238409
18 0.288568 0.142031 0.274916 0.206948
18 0.380804 0.345031 0.110652 0.182276
18 0.205208 0.399000 0.199516 0.237019
18 0.628565 0.731313 0.237500 0.194539
18 0.233466 0.371513 0.267628 0.289342
