18 0.880918 0.440742 0.052895 0.065222
18 0.976932 0.439838 0.044962 0.093421
18 0.931648 0.433497 0.051717 0.077664
18 0.778413 0.443843 0.047017 0.058015
18 0.939966 0.496561 0.047706 0.063861
18 0.894971 0.506256 0.063897 0.079300
18 0.833537 0.429168 0.046745 0.068177
18 0.976776 0.531911 0.042473 0.069018
18 0.789578 0.494752 0.052726 0.075234
18 0.531453 0.606422 0.046391 0.064905
18 0.826561 0.436984 0.057584 0.081323
18 0.836701 0.511228 0.054133 0.070496
18 0.852032 0.372439 0.048368 0.067709
18 0.821697 0.445974 0.047765 0.061780
18 0.895180 0.384368 0.051119 0.071219
18 0.584564 0.481354 0.042654 0.059294
18 0.117711 0.645962 0.052116 0.067037
18 0.224612 0.511989 0.053189 0.062033
18 0.187959 0.562461 0.057701 0.084073
18 0.752214 0.380551 0.046524 0.071054
18 0.746362 0.163830 0.045828 0.042372
18 0.743428 0.133707 0.037623 0.049832
18 0.654532 0.281292 0.040773 0.056762
18 0.675825 0.421962 0.050571 0.074709
18 0.800389 0.389842 0.055982 0.069176
18 0.707096 0.482642 0.055905 0.080240
18 0.941380 0.566097 0.052470 0.065537
18 0.676366 0.246165 0.032191 0.061630
18 0.985239 0.355958 0.029408 0.065071
18 0.706352 0.194957 0.034961 0.049639
18 0.704989 0.183225 0.035364 0.051317
18 0.376928 0.275840 0.047532 0.060845
18 0.411821 0.522133 0.037265 0.053017
18 0.230593 0.501664 0.049024 0.062154
18 0.210330 0.430533 0.050573 0.077729
18 0.753268 0.159099 0.042805 0.042496
18 0.730280 0.420551 0.047115 0.076783
18 0.655642 0.191772 0.032400 0.051693
18 0.553167 0.557234 0.051891 0.068284
18 0.740029 0.310264 0.037330 0.039901
18 0.706139 0.245122 0.039128 0.049460
18 0.539916 0.441152 0.039738 0.053742
18 0.564207 0.195434 0.047583 0.065008
18 0.941742 0.329225 0.041517 0.052937
18 0.524830 0.423697 0.042234 0.058490
18 0.190165 0.486575 0.044088 0.070298
18 0.312066 0.381959 0.038717 0.048822
18 0.718013 0.275037 0.025389 0.041843
18 0.555923 0.531148 0.047206 0.058711
18 0.833796 0.312124 0.049515 0.057069
18 0.643258 0.237599 0.035668 0.044197
18 0.588097 0.246565 0.053152 0.052148
18 0.235919 0.552904 0.046589 0.058549
18 0.477930 0.532538 0.047612 0.064266
18 0.967006 0.191122 0.044098 0.054391
18 0.691332 0.301701 0.039420 0.053142
18 0.629247 0.456539 0.057055 0.069883
18 0.765312 0.203602 0.036544 0.048780
18 0.502587 0.477044 0.047150 0.063772
18 0.748054 0.512489 0.050567 0.085158
18 0.739060 0.213389 0.034315 0.045788
18 0.627579 0.397578 0.049067 0.049748
18 0.582051 0.377129 0.042828 0.060720
18 0.553062 0.367908 0.040158 0.067978
18 0.454214 0.443211 0.048467 0.069376
18 0.866852 0.506502 0.053260 0.071470
18 0.604376 0.286422 0.040172 0.054915
18 0.544266 0.485236 0.039599 0.052379
18 0.635678 0.393038 0.042288 0.052755
18 0.770816 0.279036 0.035367 0.042399
18 0.697311 0.606974 0.048565 0.073773
18 0.343402 0.641063 0.046151 0.061346
18 0.797212 0.208801 0.029994 0.049438
18 0.616217 0.172582 0.037528 0.045852
18 0.881699 0.345305 0.038726 0.047867
18 0.748176 0.393713 0.046298 0.071867
18 0.769978 0.252481 0.030169 0.046985
18 0.695586 0.164152 0.032863 0.050315
18 0.875553 0.432148 0.045464 0.068328
18 0.423149 0.261906 0.042455 0.052093
18 0.870900 0.135927 0.029837 0.045589
18 0.887872 0.261806 0.043425 0.058224
18 0.980841 0.241628 0.037979 0.050927
18 0.791626 0.173402 0.036192 0.047447
18 0.346651 0.379732 0.034233 0.044324
18 0.988695 0.468674 0.022609 0.056472
18 0.571960 0.330469 0.046497 0.053341
18 0.252906 0.680753 0.053867 0.068204
18 0.568980 0.419102 0.039213 0.046545
18 0.472012 0.724063 0.046675 0.066509
18 0.695723 0.293616 0.042858 0.054928
18 0.543358 0.369776 0.043617 0.066403
18 0.581948 0.472681 0.042067 0.056768
18 0.853873 0.597288 0.052281 0.075782
18 0.713841 0.135458 0.028742 0.039013
18 0.406881 0.464112 0.037581 0.055069
18 0.742595 0.231380 0.035423 0.043857
18 0.759954 0.596937 0.057714 0.085628
18 0.522780 0.410562 0.044336 0.057408
18 0.898692 0.392078 0.051147 0.061150
18 0.664322 0.179784 0.035490 0.062429
18 0.947909 0.499421 0.063209 0.080431
18 0.574536 0.427404 0.040243 0.041087
18 0.711209 0.350118 0.037621 0.052935
18 0.509915 0.456874 0.039831 0.056492
18 0.766661 0.589884 0.057792 0.084240
18 0.616854 0.508089 0.040286 0.055231
18 0.445845 0.674888 0.046574 0.058571
18 0.890773 0.573282 0.049981 0.059184
18 0.782811 0.128953 0.033218 0.044515
18 0.611979 0.206097 0.041445 0.055803
18 0.805090 0.166408 0.032501 0.039331
18 0.337326 0.413996 0.038645 0.055456
18 0.398771 0.474697 0.043944 0.059984
18 0.266651 0.459851 0.046430 0.049012
18 0.043477 0.067719 0.028478 0.034270
18 0.772557 0.293681 0.040833 0.046484
18 0.275385 0.535432 0.044708 0.062372
18 0.943483 0.519615 0.048615 0.051855
18 0.464705 0.503025 0.039525 0.045697
18 0.369717 0.526325 0.042736 0.050202
18 0.282625 0.479951 0.047604 0.060215
18 0.814934 0.131261 0.035139 0.048016
18 0.651195 0.304615 0.046750 0.067267
18 0.982083 0.284838 0.035619 0.065289
18 0.615954 0.403669 0.042354 0.046707
18 0.616526 0.342949 0.038600 0.054935
18 0.973603 0.290339 0.038251 0.060386
18 0.860859 0.546532 0.041801 0.042621
18 0.302524 0.664880 0.060093 0.072342
18 0.105167 0.546901 0.047689 0.054185
18 0.511954 0.396186 0.038012 0.053214
18 0.274684 0.531404 0.047370 0.064055
18 0.800095 0.508491 0.046900 0.088474
18 0.932440 0.247133 0.043580 0.050908
18 0.984198 0.299302 0.031599 0.056563
18 0.594011 0.552084 0.042033 0.061998
18 0.399806 0.402896 0.036811 0.053514
18 0.628270 0.332864 0.038877 0.050466
18 0.742900 0.597661 0.049090 0.080500
18 0.963006 0.129594 0.041854 0.055710
18 0.488713 0.390241 0.036526 0.047913
18 0.556915 0.281119 0.049301 0.056876
18 0.703959 0.301752 0.037275 0.043827
18 0.838436 0.175166 0.026375 0.041369
18 0.738651 0.426731 0.039416 0.071214
18 0.620937 0.391990 0.040646 0.050359
18 0.939038 0.279872 0.044323 0.047108
18 0.457025 0.433891 0.043752 0.057054
18 0.741170 0.266284 0.033930 0.050860
18 0.761252 0.345237 0.043910 0.050909
18 0.414673 0.319257 0.044081 0.053538
18 0.465449 0.340059 0.043027 0.057101
18 0.691309 0.345569 0.033054 0.046701
18 0.644926 0.317574 0.043902 0.042225
18 0.428147 0.735071 0.052039 0.055519
18 0.845266 0.132435 0.024738 0.041106
18 0.317183 0.449365 0.044626 0.055776
18 0.257086 0.425858 0.044521 0.051014
18 0.644984 0.212513 0.036504 0.051495
18 0.712807 0.603515 0.057438 0.073764
18 0.430365 0.389167 0.043009 0.057070
18 0.357905 0.449524 0.029804 0.044907
18 0.366710 0.422966 0.029849 0.050354
18 0.296350 0.415053 0.046578 0.055179
18 0.935050 0.154792 0.041454 0.051257
18 0.975940 0.235573 0.040938 0.049505
18 0.551659 0.538466 0.051997 0.064681
18 0.722208 0.186851 0.026983 0.049169
18 0.975114 0.305065 0.036165 0.050922
18 0.218400 0.502879 0.046310 0.066644
18 0.203371 0.451001 0.052535 0.050054
18 0.469244 0.388048 0.037105 0.048177
18 0.821722 0.229785 0.034984 0.057876
18 0.937850 0.440264 0.050001 0.091660
18 0.549004 0.443327 0.035538 0.038124
18 0.520612 0.534265 0.038415 0.059153
18 0.457862 0.295617 0.045749 0.057066
18 0.942741 0.372146 0.039914 0.059983
18 0.629111 0.573308 0.040310 0.055650
18 0.530626 0.239446 0.044089 0.068497
18 0.859897 0.183242 0.041587 0.044348
