18 0.582395 0.308743 0.139871 0.125723
18 0.212686 0.643218 0.108628 0.139058
18 0.195134 0.431942 0.089134 0.104281
18 0.250512 0.502525 0.111796 0.122050
18 0.549758 0.724866 0.131691 0.193907
18 0.590758 0.411903 0.124633 0.117359
18 0.413753 0.773655 0.139662 0.224281
18 0.268066 0.414390 0.077169 0.077471
18 0.474756 0.272750 0.103700 0.091306
18 0.719676 0.756615 0.124597 0.180013
18 0.270502 0.393907 0.070670 0.102968
18 0.690972 0.301194 0.071388 0.124223
18 0.690637 0.835349 0.064318 0.165679
18 0.639760 0.665188 0.073102 0.108336
18 0.347973 0.341521 0.146745 0.096284
18 0.360903 0.540219 0.119935 0.173555
18 0.730504 0.471882 0.079857 0.072621
18 0.698748 0.396750 0.082218 0.098417
18 0.474799 0.288809 0.102857 0.073273
