18 0.573453 0.779014 0.176054 0.248479
18 0.306287 0.593709 0.172610 0.223360
18 0.147241 0.371955 0.149138 0.181591
18 0.246588 0.246206 0.135345 0.149108
18 0.526178 0.341238 0.127781 0.166784
18 0.641725 0.452844 0.151487 0.197485
18 0.169437 0.535654 0.164708 0.244314
18 0.040888 0.327295 0.081775 0.216436
18 0.434541 0.714779 0.156648 0.228967
18 0.344029 0.409995 0.159193 0.222964
18 0.490199 0.447895 0.149312 0.197304
18 0.505797 0.233414 0.133948 0.174501
18 0.124318 0.755966 0.121135 0.214562
18 0.122343 0.187668 0.191479 0.213883
18 0.381508 0.872703 0.147530 0.130227
18 0.062312 0.849182 0.123442 0.191497
18 0.376868 0.236448 0.133525 0.132321
18 0.323211 0.142033 0.107745 0.154977
18 0.534364 0.558033 0.166598 0.220251
18 0.047047 0.657404 0.093733 0.211464
18 0.027218 0.475812 0.053867 0.160935
18 0.254431 0.793980 0.186938 0.241545
18 0.427317 0.098925 0.123346 0.192111
18 0.232431 0.112927 0.127669 0.136299
18 0.250082 0.431868 0.071229 0.172806
18 0.157190 0.898891 0.165529 0.084664
18 0.068954 0.507917 0.062589 0.170125
18 0.028913 0.101371 0.057825 0.113748
18 0.404640 0.341341 0.117801 0.119084
18 0.284107 0.017090 0.102587 0.034179
18 0.257834 0.326072 0.113108 0.068184
18 0.251800 0.280897 0.124231 0.156998
18 0.227880 0.083887 0.124772 0.135481
18 0.413800 0.549686 0.096785 0.146081
18 0.028173 0.020239 0.055879 0.038994
18 0.490432 0.086431 0.064112 0.136159
18 0.213691 0.056889 0.104424 0.100380
18 0.220893 0.759503 0.119586 0.186593
18 0.082291 0.017526 0.063111 0.030407
18 0.340053 0.378235 0.151240 0.169850
18 0.360853 0.222949 0.106723 0.097633
18 0.029093 0.076193 0.058051 0.145956
18 0.009715 0.186668 0.019093 0.085521
18 0.185825 0.016721 0.058303 0.033442
18 0.209747 0.057900 0.139184 0.113794
18 0.019936 0.252618 0.039873 0.078292
18 0.114517 0.053948 0.041202 0.053914
18 0.218455 0.042267 0.102621 0.072658
