18 0.489856 0.818832 0.216126 0.362336
18 0.730808 0.780171 0.240694 0.399139
18 0.825761 0.504952 0.197380 0.324123
18 0.585680 0.504327 0.215813 0.314186
18 0.319084 0.446123 0.205799 0.327851
18 0.201764 0.716061 0.204298 0.348880
18 0.455810 0.195328 0.193891 0.313186
18 0.585208 0.504744 0.213685 0.314148
18 0.441909 0.412138 0.116625 0.164550
18 0.650894 0.443331 0.133350 0.267872
18 0.730706 0.783639 0.242486 0.395443
18 0.395221 0.716541 0.180765 0.342577
18 0.201928 0.714046 0.204497 0.347462
18 0.489815 0.820138 0.210772 0.355871
18 0.455840 0.195343 0.192222 0.314636
18 0.191854 0.468186 0.085686 0.201377
18 0.395353 0.716706 0.181101 0.333066
18 0.850047 0.748462 0.076109 0.186950
