18 0.614649 0.181807 0.028943 0.035923
18 0.658788 0.261872 0.037094 0.049163
18 0.620983 0.298527 0.040463 0.049367
18 0.790297 0.675095 0.028606 0.039530
18 0.849757 0.534292 0.029124 0.044928
18 0.340709 0.360168 0.042578 0.064811
18 0.356991 0.414818 0.036398 0.052460
18 0.837153 0.223418 0.030044 0.045161
18 0.389500 0.415362 0.032312 0.049327
18 0.785845 0.521975 0.030765 0.041551
18 0.513141 0.605736 0.041224 0.055167
18 0.254478 0.287856 0.040018 0.060624
18 0.419948 0.422806 0.033475 0.050691
18 0.678884 0.294644 0.029269 0.035604
18 0.450691 0.599638 0.035717 0.056135
18 0.556477 0.589907 0.038715 0.066495
18 0.587708 0.550329 0.035086 0.069414
18 0.791222 0.579234 0.034340 0.042320
18 0.383830 0.458815 0.033212 0.056556
18 0.544569 0.209730 0.034152 0.055741
18 0.709812 0.556387 0.037198 0.045030
18 0.478922 0.530514 0.042083 0.050098
18 0.448766 0.479351 0.034439 0.048883
18 0.511182 0.225522 0.031414 0.052366
18 0.324165 0.426447 0.036127 0.052746
18 0.354018 0.468965 0.038763 0.058949
18 0.813864 0.108368 0.024040 0.034064
18 0.227692 0.345051 0.039107 0.062159
18 0.457079 0.542659 0.033191 0.055667
18 0.533905 0.510786 0.035274 0.060927
18 0.300880 0.477825 0.039659 0.064991
18 0.614355 0.177721 0.036008 0.044009
18 0.252296 0.343767 0.041026 0.058878
