18 0.287548 0.389278 0.079064 0.118587
18 0.405299 0.268844 0.069342 0.098537
18 0.679452 0.953890 0.068336 0.083463
18 0.426640 0.919512 0.119425 0.149354
18 0.240378 0.472640 0.071331 0.124290
18 0.624414 0.935244 0.051207 0.108806
18 0.036148 0.095260 0.054335 0.074240
18 0.272890 0.532165 0.055430 0.062631
18 0.133261 0.107511 0.051650 0.080426
18 0.579928 0.937742 0.058678 0.103323
18 0.516610 0.930932 0.074234 0.123250
18 0.085482 0.098783 0.051581 0.076184
18 0.431740 0.172630 0.073874 0.106988
18 0.560208 0.295520 0.075751 0.103104
18 0.806242 0.694412 0.041692 0.068057
18 0.592774 0.492711 0.061274 0.095443
18 0.961085 0.690409 0.052100 0.056904
18 0.365031 0.979230 0.068319 0.037209
18 0.492727 0.206344 0.060932 0.094780
18 0.621380 0.280061 0.062213 0.078155
18 0.841550 0.724759 0.033088 0.043808
18 0.018202 0.859888 0.036403 0.079845
18 0.872923 0.604227 0.035129 0.042495
18 0.310117 0.478983 0.055421 0.103936
18 0.394482 0.087444 0.068679 0.089113
18 0.567507 0.566775 0.043646 0.081269
18 0.581422 0.220765 0.061351 0.096700
18 0.513653 0.548014 0.051877 0.071557
18 0.323979 0.464069 0.076249 0.108390
18 0.709420 0.190078 0.060382 0.085484
18 0.450126 0.064211 0.060343 0.095959
18 0.513683 0.564282 0.051488 0.102871
18 0.502842 0.033571 0.060249 0.067141
18 0.682338 0.079764 0.052156 0.071680
18 0.333000 0.448884 0.073356 0.105300
18 0.643958 0.200204 0.065562 0.091644
18 0.609523 0.026598 0.051909 0.053196
18 0.580165 0.121173 0.062725 0.101437
18 0.394927 0.087883 0.068822 0.094939
18 0.872110 0.383788 0.044172 0.072514
18 0.981259 0.638841 0.037404 0.068176
18 0.698303 0.547212 0.039375 0.051035
18 0.465164 0.551270 0.051360 0.063802
18 0.978413 0.649899 0.038895 0.075324
18 0.567784 0.041478 0.040170 0.065284
18 0.734538 0.582051 0.031929 0.045992
18 0.484898 0.114561 0.054175 0.077638
18 0.686973 0.668928 0.039346 0.051132
18 0.701577 0.597195 0.041093 0.053605
18 0.746557 0.151755 0.044981 0.059917
18 0.365851 0.175831 0.051427 0.081511
18 0.677865 0.087262 0.048972 0.076739
18 0.605003 0.325724 0.050262 0.059045
18 0.159822 0.077041 0.040905 0.049776
18 0.989305 0.484476 0.021391 0.052040
18 0.676042 0.607912 0.036966 0.059955
18 0.574570 0.966099 0.065952 0.061319
18 0.587195 0.314784 0.058968 0.077295
18 0.846985 0.864699 0.034914 0.045154
18 0.256782 0.809048 0.050775 0.063435
18 0.608973 0.075268 0.046560 0.058513
18 0.663312 0.834015 0.039748 0.040611
18 0.616561 0.154503 0.031998 0.069236
18 0.706253 0.019723 0.037036 0.039447
