18 0.880022 0.364923 0.126422 0.166009
18 0.248423 0.630920 0.142282 0.193332
18 0.607873 0.272380 0.137138 0.200826
18 0.345024 0.813292 0.135643 0.197645
18 0.531333 0.844444 0.162698 0.211453
18 0.503537 0.378652 0.130662 0.163313
18 0.598297 0.415414 0.122164 0.106079
18 0.702434 0.280253 0.134511 0.180662
18 0.351298 0.572781 0.070318 0.103223
18 0.790300 0.277022 0.090122 0.149363
18 0.808762 0.407678 0.112492 0.110556
18 0.704678 0.415815 0.141431 0.127401
18 0.792619 0.276508 0.085130 0.148127
18 0.809955 0.407096 0.107539 0.107484
18 0.703204 0.414513 0.139999 0.126975
18 0.346438 0.648596 0.072742 0.086796
18 0.349470 0.597222 0.073419 0.150393
