18 0.382766 0.664125 0.160054 0.110545
18 0.137952 0.334510 0.057249 0.035407
18 0.712864 0.774113 0.133778 0.097765
18 0.183364 0.306028 0.078637 0.055534
18 0.501552 0.691450 0.149913 0.124442
18 0.379836 0.179894 0.097999 0.092019
18 0.489859 0.427441 0.097450 0.056153
18 0.474576 0.186457 0.118830 0.111212
18 0.196516 0.310291 0.096327 0.062776
18 0.520348 0.466138 0.077147 0.044776
18 0.129018 0.267648 0.073747 0.066856
18 0.645510 0.659128 0.166368 0.115076
18 0.039255 0.281001 0.069058 0.058058
18 0.331078 0.578542 0.129726 0.104209
18 0.588763 0.808980 0.132283 0.089336
18 0.253773 0.105987 0.064818 0.056327
18 0.136599 0.832708 0.067368 0.047133
18 0.235058 0.317731 0.052738 0.047572
18 0.622753 0.738279 0.132067 0.078609
18 0.549776 0.232762 0.132624 0.138949
18 0.475139 0.170088 0.116674 0.078465
18 0.135483 0.869752 0.057984 0.039051
18 0.505503 0.119596 0.069588 0.047736
18 0.046330 0.832083 0.054061 0.040882
18 0.162618 0.398544 0.044316 0.027968
18 0.504701 0.624465 0.105850 0.044146
18 0.761290 0.656540 0.097245 0.090855
18 0.068653 0.277375 0.066890 0.056172
18 0.078691 0.866618 0.072209 0.050861
18 0.479150 0.301229 0.062193 0.043277
18 0.323268 0.099427 0.054761 0.046067
18 0.421175 0.284841 0.051217 0.041477
18 0.131498 0.320979 0.059357 0.049778
18 0.645549 0.472179 0.090279 0.060228
18 0.054673 0.278226 0.090555 0.064663
18 0.083517 0.318421 0.064898 0.041618
