18 0.325526 0.081050 0.108535 0.162100
18 0.441980 0.687098 0.114618 0.197270
18 0.194171 0.750105 0.090786 0.175274
18 0.292614 0.837927 0.103507 0.176658
18 0.881608 0.599171 0.101094 0.183916
18 0.368096 0.774748 0.120940 0.203750
18 0.277569 0.674994 0.104700 0.155161
18 0.614149 0.549624 0.097906 0.178834
18 0.741728 0.518012 0.110870 0.185688
18 0.935016 0.480472 0.108959 0.175004
18 0.376412 0.232235 0.115904 0.205908
18 0.675003 0.649771 0.122464 0.204883
18 0.797164 0.656947 0.110327 0.229568
18 0.458479 0.317868 0.093237 0.152501
18 0.323915 0.331669 0.088553 0.159743
18 0.008078 0.196433 0.016156 0.118723
18 0.737821 0.757527 0.102446 0.129816
18 0.282474 0.160513 0.078341 0.167652
18 0.277977 0.219176 0.087940 0.290842
18 0.881560 0.867075 0.083341 0.130609
18 0.310209 0.329588 0.059899 0.153268
18 0.400764 0.430933 0.105501 0.170399
18 0.807917 0.362938 0.098830 0.087644
18 0.018847 0.308526 0.037694 0.129840
18 0.560423 0.300435 0.122543 0.214666
18 0.271933 0.276156 0.076076 0.180866
18 0.378156 0.565917 0.078252 0.152532
18 0.415315 0.393386 0.134153 0.241439
18 0.652088 0.682526 0.104060 0.138254
18 0.012615 0.301589 0.025230 0.138844
18 0.031704 0.493949 0.063408 0.255167
18 0.071532 0.148194 0.049382 0.075130
