13 0.779945 0.589747 0.140204 0.232980
13 0.518146 0.263183 0.179426 0.220549
13 0.635436 0.607822 0.159852 0.250693
13 0.359687 0.491973 0.180433 0.288015
13 0.741103 0.843059 0.157097 0.221749
13 0.666899 0.169225 0.165882 0.214077
13 0.466525 0.534871 0.158133 0.180718
13 0.721345 0.497205 0.154634 0.226457
13 0.262904 0.128959 0.135489 0.123643
13 0.472784 0.664090 0.166508 0.191846
13 0.784134 0.296206 0.170492 0.191774
13 0.722989 0.496823 0.153826 0.227916
13 0.680730 0.608486 0.081668 0.252811
13 0.032280 0.617636 0.064554 0.157758
13 0.344078 0.402331 0.167779 0.134009
13 0.039142 0.591914 0.077845 0.122384
13 0.468754 0.581140 0.162803 0.272170
13 0.466670 0.534467 0.160333 0.181348
13 0.785490 0.115333 0.091523 0.091567
13 0.354885 0.439995 0.187617 0.198704
13 0.736917 0.718344 0.090214 0.056920
13 0.550604 0.720155 0.094666 0.080400
