13 0.699692 0.436580 0.130195 0.104897
13 0.288292 0.293169 0.154556 0.108827
13 0.411152 0.362048 0.133143 0.106065
13 0.289587 0.676159 0.152098 0.114110
13 0.311966 0.496716 0.142082 0.135241
13 0.720089 0.545876 0.170406 0.136825
13 0.663099 0.667509 0.179889 0.136138
13 0.683241 0.307460 0.145112 0.156924
13 0.199678 0.448102 0.145315 0.102463
13 0.256262 0.578184 0.139718 0.109119
13 0.443253 0.710675 0.154750 0.109290
13 0.533147 0.369288 0.128376 0.124680
13 0.545393 0.592217 0.150512 0.121731
13 0.596138 0.468331 0.163390 0.150024
13 0.546885 0.592077 0.150236 0.124807
13 0.802278 0.488867 0.131737 0.123717
13 0.596491 0.468008 0.160780 0.147957
13 0.450978 0.474350 0.149948 0.114128
13 0.450723 0.474060 0.148292 0.113252
13 0.597687 0.466240 0.167384 0.148140
13 0.440929 0.710629 0.156265 0.110672
13 0.329312 0.342810 0.076276 0.057683
13 0.314211 0.498507 0.142355 0.136515
