13 0.825701 0.971479 0.075472 0.056809
13 0.797249 0.923673 0.078330 0.075298
13 0.553522 0.562319 0.086177 0.097371
13 0.737531 0.600336 0.086346 0.088979
13 0.607887 0.509234 0.098468 0.087210
13 0.672989 0.754090 0.131409 0.107136
13 0.539992 0.310858 0.091870 0.091015
13 0.694206 0.669174 0.095922 0.098796
13 0.291121 0.458549 0.097146 0.086833
13 0.290638 0.579953 0.088309 0.090490
13 0.327695 0.620664 0.095620 0.104920
13 0.557901 0.437300 0.091327 0.090839
13 0.401866 0.336215 0.088568 0.082633
13 0.472453 0.631740 0.095797 0.101499
13 0.663853 0.560869 0.098501 0.112907
13 0.516220 0.250087 0.087253 0.090728
13 0.739026 0.886378 0.083258 0.071675
13 0.562147 0.757722 0.083014 0.100740
13 0.126395 0.295193 0.089128 0.086570
13 0.679683 0.268072 0.085232 0.073780
13 0.410617 0.574570 0.096661 0.107983
13 0.235760 0.322206 0.079276 0.080824
13 0.027090 0.870284 0.053983 0.066312
13 0.170758 0.890088 0.067507 0.065763
13 0.644589 0.931507 0.037707 0.069488
13 0.687834 0.760956 0.101294 0.097041
13 0.095803 0.819049 0.059344 0.070530
13 0.728966 0.966183 0.090907 0.067174
13 0.115855 0.183875 0.071661 0.090893
13 0.112807 0.893107 0.082163 0.066497
13 0.727708 0.892887 0.082783 0.073167
13 0.148770 0.350743 0.066862 0.063750
13 0.615087 0.635231 0.067671 0.077734
13 0.789622 0.914650 0.092647 0.085918
13 0.836218 0.614164 0.114782 0.047572
13 0.807571 0.968340 0.090965 0.063321
13 0.866105 0.661071 0.109150 0.034979
13 0.608845 0.729394 0.050205 0.066361
13 0.857781 0.638833 0.111424 0.035496
13 0.823157 0.786589 0.072692 0.095615
13 0.761543 0.954966 0.065084 0.090068
13 0.493385 0.533432 0.066379 0.138433
13 0.140786 0.937386 0.066190 0.052291
13 0.833520 0.476076 0.132557 0.059848
13 0.811044 0.840606 0.063167 0.049984
13 0.675093 0.929485 0.067766 0.082601
13 0.833405 0.601256 0.116401 0.058816
13 0.468205 0.554373 0.041447 0.068636
13 0.766419 0.797666 0.106010 0.096138
13 0.694518 0.905899 0.050104 0.055543
13 0.495334 0.488876 0.054535 0.073637
13 0.143835 0.143159 0.112419 0.074445
13 0.848470 0.485886 0.106695 0.051804
13 0.620688 0.624551 0.061968 0.074059
