13 0.604545 0.681718 0.207594 0.320600
13 0.724731 0.622734 0.228084 0.317228
13 0.371114 0.671261 0.208006 0.340809
13 0.918143 0.617557 0.163359 0.331712
13 0.424485 0.424514 0.172632 0.165820
13 0.522109 0.299694 0.217299 0.254173
13 0.484245 0.593584 0.176377 0.324472
13 0.860223 0.480254 0.204128 0.227551
13 0.615031 0.430080 0.197009 0.199434
13 0.756066 0.388809 0.183076 0.187132
13 0.274480 0.596658 0.200629 0.314395
13 0.275314 0.597626 0.202567 0.315734
13 0.212903 0.332101 0.087514 0.223217
13 0.255262 0.329585 0.069443 0.221415
