13 0.742330 0.046302 0.053457 0.077397
13 0.954964 0.488854 0.045380 0.078099
13 0.422325 0.564641 0.052776 0.081250
13 0.834505 0.687745 0.047465 0.076776
13 0.681851 0.051361 0.053076 0.081058
13 0.784086 0.091695 0.047523 0.079438
13 0.653092 0.028319 0.046120 0.053822
13 0.828380 0.101059 0.053980 0.081246
13 0.784405 0.185414 0.056714 0.118691
13 0.782363 0.039534 0.039818 0.069610
13 0.189998 0.405297 0.209791 0.117761
13 0.332009 0.724005 0.056367 0.084367
13 0.833887 0.689355 0.048153 0.084482
13 0.768002 0.785587 0.052856 0.135922
13 0.917418 0.480133 0.040476 0.069556
13 0.719553 0.102629 0.039904 0.064093
13 0.291754 0.599697 0.053106 0.091234
13 0.337128 0.626049 0.049928 0.114939
