13 0.868240 0.685195 0.262125 0.264412
13 0.327889 0.379610 0.637770 0.557065
13 0.657338 0.723877 0.218185 0.160658
13 0.445301 0.725354 0.396879 0.298846
13 0.620833 0.603140 0.302696 0.173498
13 0.854808 0.517142 0.286633 0.175524
13 0.413328 0.900379 0.346530 0.199243
13 0.971255 0.838361 0.056105 0.153411
13 0.782482 0.882850 0.424026 0.234299
13 0.782443 0.883009 0.425756 0.233982
13 0.096321 0.940195 0.192643 0.116465
13 0.137984 0.753314 0.270398 0.227201
13 0.413769 0.899533 0.352918 0.200934
13 0.598749 0.285218 0.105761 0.100896
13 0.095403 0.940195 0.190806 0.117318
13 0.593349 0.331074 0.128733 0.194923
