13 0.650004 0.172524 0.085943 0.060948
13 0.722838 0.045477 0.090432 0.070662
13 0.725735 0.145520 0.114821 0.064232
13 0.906362 0.133670 0.092718 0.060032
13 0.328320 0.213518 0.090890 0.074305
13 0.368754 0.274251 0.145417 0.078698
13 0.375887 0.122835 0.101308 0.058964
13 0.856920 0.554592 0.095982 0.061370
13 0.415874 0.442826 0.098481 0.080070
13 0.776477 0.544573 0.084699 0.069510
13 0.274853 0.061549 0.105622 0.067470
13 0.852912 0.048724 0.108662 0.072175
13 0.424325 0.529221 0.105547 0.093411
13 0.532420 0.129288 0.105936 0.071710
13 0.392622 0.711413 0.116543 0.079429
13 0.550658 0.726559 0.110643 0.074058
13 0.685813 0.516545 0.101897 0.066571
13 0.546338 0.043182 0.102406 0.071747
13 0.656365 0.018731 0.121056 0.037462
13 0.716277 0.689628 0.115299 0.075112
13 0.278400 0.507121 0.099008 0.096955
13 0.328505 0.025538 0.094125 0.050241
13 0.272636 0.548375 0.097962 0.066908
13 0.785007 0.737865 0.084471 0.060829
13 0.461667 0.145099 0.082471 0.042408
13 0.279085 0.489979 0.100897 0.063934
13 0.290364 0.265756 0.056137 0.038857
13 0.516247 0.497774 0.105925 0.065331
13 0.961829 0.150063 0.067497 0.056972
13 0.326456 0.428060 0.097563 0.065183
13 0.702267 0.751968 0.107945 0.071194
13 0.681333 0.361546 0.086247 0.067477
13 0.639533 0.310478 0.094488 0.076758
13 0.565396 0.173519 0.076959 0.038821
13 0.438601 0.276136 0.056907 0.076298
13 0.055690 0.375348 0.090824 0.067023
13 0.409155 0.209696 0.083602 0.066957
13 0.925642 0.289503 0.089380 0.058675
13 0.616633 0.029662 0.058086 0.056138
13 0.340808 0.103866 0.075695 0.059164
13 0.047152 0.323954 0.071588 0.050471
13 0.574330 0.171314 0.073107 0.044844
13 0.595952 0.029724 0.092457 0.050953
13 0.625429 0.313348 0.125266 0.083195
13 0.907187 0.152722 0.085453 0.041046
13 0.594975 0.354287 0.095929 0.060338
13 0.319807 0.385808 0.105476 0.042849
13 0.525219 0.015413 0.079107 0.030825
13 0.608736 0.350481 0.121512 0.056469
13 0.375349 0.776616 0.110031 0.065676
13 0.372939 0.210067 0.137724 0.066041
13 0.567817 0.044327 0.142874 0.075046
13 0.646131 0.025574 0.117555 0.050632
13 0.629553 0.357990 0.160438 0.065947
13 0.307616 0.036816 0.126609 0.073631
13 0.955282 0.140891 0.074513 0.064659
13 0.478491 0.588520 0.082649 0.087695
13 0.456241 0.015946 0.057548 0.031606
13 0.203698 0.221733 0.066413 0.071606
13 0.862762 0.682194 0.089090 0.065054
13 0.481928 0.576499 0.095320 0.101066
13 0.511479 0.524558 0.121549 0.114394
13 0.502458 0.576509 0.131721 0.105747
13 0.462693 0.541115 0.075895 0.080911
13 0.694659 0.061061 0.077316 0.042992
13 0.323335 0.104836 0.071788 0.051970
13 0.614649 0.040108 0.063554 0.054170
13 0.972762 0.813833 0.039700 0.053411
13 0.274168 0.523346 0.102736 0.117124
13 0.421404 0.217481 0.113981 0.087426
