13 0.771989 0.372458 0.162460 0.162572
13 0.370652 0.234524 0.175044 0.185117
13 0.253650 0.337515 0.191111 0.169033
13 0.567782 0.514845 0.193538 0.173935
13 0.667539 0.234664 0.206448 0.160857
13 0.324532 0.489659 0.194848 0.179506
13 0.525076 0.190476 0.171260 0.164262
13 0.500054 0.770217 0.172249 0.191023
13 0.633896 0.366829 0.182360 0.173973
13 0.717472 0.528770 0.174437 0.173994
13 0.463945 0.353987 0.180628 0.182890
13 0.617039 0.661038 0.190748 0.185692
13 0.431031 0.618829 0.190674 0.183440
13 0.180487 0.483639 0.182250 0.168564
13 0.447554 0.482162 0.087110 0.106002
13 0.335945 0.739152 0.178147 0.171267
13 0.258181 0.621080 0.169568 0.157372
