13 0.348489 0.386473 0.377228 0.145633
13 0.602290 0.639671 0.340734 0.167538
13 0.577902 0.472646 0.284222 0.162701
13 0.436989 0.680251 0.200298 0.087609
13 0.326456 0.533704 0.321986 0.159496
13 0.754475 0.393949 0.381381 0.155661
13 0.278700 0.630612 0.333293 0.128523
13 0.139062 0.416510 0.268447 0.144380
13 0.402749 0.310284 0.294609 0.080377
13 0.097102 0.530575 0.191901 0.104026
13 0.178835 0.433539 0.184033 0.119658
13 0.169172 0.337600 0.187038 0.059626
13 0.194254 0.455233 0.149445 0.073386
13 0.179631 0.329383 0.184687 0.043891
13 0.316658 0.566687 0.330343 0.224375
