13 0.543535 0.534319 0.217873 0.338235
13 0.496465 0.837272 0.199734 0.293527
13 0.366705 0.447422 0.197097 0.328806
13 0.838803 0.597252 0.254717 0.353836
13 0.297708 0.759221 0.230837 0.410709
13 0.638325 0.293576 0.231797 0.334706
13 0.705012 0.803778 0.235156 0.359903
13 0.871241 0.425929 0.188328 0.200644
13 0.813837 0.215379 0.226566 0.289142
13 0.137803 0.442401 0.243952 0.408255
13 0.399217 0.201290 0.243305 0.313964
13 0.115780 0.749557 0.199193 0.335775
13 0.766512 0.430373 0.076571 0.153794
