13 0.246526 0.366511 0.208300 0.150597
13 0.436796 0.302367 0.175328 0.118900
13 0.354931 0.140636 0.172095 0.118062
13 0.418846 0.407920 0.210580 0.146584
13 0.652353 0.536403 0.159004 0.138683
13 0.750005 0.283250 0.194648 0.137260
13 0.746725 0.487928 0.175459 0.129694
13 0.480785 0.150829 0.121515 0.110456
13 0.245818 0.586056 0.197784 0.145643
13 0.618833 0.188276 0.197128 0.136803
13 0.878621 0.488257 0.165687 0.133025
13 0.722461 0.647161 0.173000 0.125578
13 0.310444 0.483297 0.198466 0.124440
13 0.458271 0.846152 0.195831 0.144065
13 0.590485 0.715807 0.197235 0.148079
13 0.501198 0.528118 0.222184 0.154883
13 0.540155 0.618930 0.132583 0.058871
13 0.726904 0.745409 0.150766 0.107659
13 0.299734 0.676236 0.174369 0.115750
13 0.430618 0.728857 0.191633 0.131403
13 0.346017 0.769844 0.131785 0.099190
13 0.822134 0.575173 0.124745 0.059964
13 0.816309 0.711820 0.085548 0.092238
13 0.192420 0.626943 0.100520 0.081051
13 0.776632 0.572607 0.165695 0.061242
13 0.502242 0.227910 0.096317 0.074357
13 0.387166 0.590461 0.127953 0.120962
