13 0.505195 0.673195 0.067173 0.131683
13 0.659585 0.722608 0.066242 0.124784
13 0.598915 0.509764 0.071073 0.120897
13 0.377543 0.599167 0.062540 0.122199
13 0.404910 0.659588 0.068850 0.140023
13 0.562270 0.581956 0.065891 0.124028
13 0.454462 0.285016 0.061971 0.106804
13 0.551216 0.246729 0.065355 0.118466
13 0.460018 0.590492 0.069221 0.134344
13 0.567349 0.837772 0.058014 0.141628
13 0.562162 0.419345 0.065718 0.119161
13 0.641676 0.835703 0.092466 0.144057
13 0.689480 0.630574 0.059301 0.112955
13 0.649645 0.190103 0.061402 0.101496
13 0.638783 0.582046 0.069733 0.146404
13 0.379032 0.442886 0.066780 0.116809
13 0.337416 0.262566 0.058723 0.109202
13 0.262675 0.225291 0.062390 0.110147
13 0.537463 0.164714 0.061734 0.123656
13 0.255693 0.080799 0.050666 0.131467
13 0.280590 0.294663 0.049655 0.077716
13 0.190654 0.967797 0.056961 0.063194
13 0.158126 0.895324 0.048489 0.102174
13 0.242789 0.923693 0.040516 0.088690
13 0.472499 0.639272 0.096046 0.209647
13 0.656328 0.842889 0.068505 0.130866
13 0.608036 0.662165 0.043811 0.114275
13 0.956592 0.869804 0.042711 0.072271
13 0.383215 0.958574 0.076696 0.072853
13 0.252207 0.561469 0.076124 0.153164
13 0.386539 0.613556 0.081868 0.144008
13 0.383628 0.625588 0.061038 0.120816
13 0.513882 0.583671 0.052869 0.104385
