13 0.357795 0.418280 0.076671 0.108721
13 0.798708 0.741571 0.089732 0.122724
13 0.584248 0.669322 0.088264 0.124927
13 0.523737 0.601919 0.087382 0.119490
13 0.763799 0.828698 0.065418 0.105280
13 0.292298 0.364546 0.078443 0.107212
13 0.352378 0.955198 0.056694 0.077902
13 0.732383 0.701703 0.076394 0.104942
13 0.317338 0.503833 0.077186 0.121802
13 0.395583 0.190442 0.071701 0.089448
13 0.615234 0.486544 0.093569 0.131667
13 0.469214 0.230456 0.080844 0.099186
13 0.332474 0.327353 0.050326 0.082253
13 0.209625 0.643151 0.048671 0.075038
13 0.313465 0.516983 0.090211 0.155362
13 0.175538 0.693358 0.061875 0.094666
13 0.432962 0.339592 0.067435 0.097069
13 0.808376 0.873094 0.061833 0.088574
13 0.516719 0.499079 0.093727 0.129913
13 0.590447 0.197388 0.077524 0.080670
13 0.348180 0.879422 0.052273 0.067959
13 0.870673 0.562140 0.053050 0.090858
13 0.969109 0.830809 0.059995 0.072108
13 0.188153 0.646218 0.076428 0.131249
13 0.173553 0.624100 0.050211 0.084908
13 0.200521 0.649516 0.061314 0.111404
13 0.338333 0.333923 0.064638 0.095313
13 0.468183 0.260316 0.087070 0.157953
13 0.428645 0.331176 0.084439 0.111602
