14 0.217373 0.311432 0.095614 0.117545
14 0.956773 0.807830 0.086455 0.162614
14 0.645653 0.579323 0.064413 0.080802
14 0.235710 0.179331 0.097168 0.131063
14 0.464078 0.835367 0.042398 0.059360
14 0.617105 0.799395 0.069683 0.086702
14 0.631360 0.318272 0.076464 0.100826
14 0.008489 0.067627 0.016978 0.098448
14 0.878183 0.479029 0.087190 0.122118
14 0.319954 0.787572 0.032777 0.045586
14 0.606717 0.456320 0.079291 0.103158
14 0.510503 0.823350 0.064837 0.090895
14 0.387682 0.307543 0.094739 0.131191
14 0.554213 0.898150 0.076039 0.108315
14 0.070501 0.205645 0.141001 0.165224
14 0.025780 0.315372 0.051559 0.072987
14 0.308224 0.423885 0.087955 0.097900
14 0.307321 0.152160 0.076046 0.125358
14 0.380334 0.426266 0.073515 0.108629
14 0.606038 0.458507 0.075063 0.105828
14 0.290129 0.353093 0.050337 0.052264
