14 0.361957 0.680481 0.023348 0.037824
14 0.619741 0.048936 0.150101 0.080797
14 0.364252 0.711208 0.028274 0.034555
14 0.334701 0.706479 0.023134 0.039683
14 0.349981 0.675232 0.027088 0.033681
14 0.390318 0.716495 0.030173 0.025623
14 0.206565 0.638892 0.033076 0.121668
14 0.894158 0.741354 0.198713 0.121115
14 0.391924 0.763881 0.027630 0.032864
14 0.306947 0.712221 0.025043 0.021379
14 0.370387 0.728487 0.032131 0.028714
14 0.349580 0.718619 0.024442 0.032353
14 0.307223 0.671015 0.035414 0.022155
14 0.392698 0.736189 0.032074 0.019921
14 0.355451 0.675769 0.025419 0.031617
14 0.333438 0.729256 0.027310 0.025588
14 0.277572 0.715290 0.032804 0.017883
14 0.303928 0.687052 0.032942 0.025498
