14 0.585453 0.826451 0.081080 0.108714
14 0.693163 0.306122 0.085451 0.119834
14 0.722460 0.205452 0.088318 0.124119
14 0.595595 0.228225 0.092166 0.124981
14 0.727395 0.519170 0.083546 0.117293
14 0.767819 0.350004 0.077245 0.109914
14 0.181189 0.758737 0.085751 0.118058
14 0.844454 0.718852 0.089016 0.124004
14 0.310415 0.163163 0.087762 0.127757
14 0.644133 0.372964 0.089032 0.182204
14 0.612367 0.488069 0.087044 0.115044
14 0.528024 0.301261 0.110790 0.136757
14 0.221379 0.835892 0.084674 0.121261
14 0.530338 0.936675 0.080362 0.103557
14 0.358741 0.849887 0.084487 0.126773
14 0.299240 0.927143 0.088048 0.116434
14 0.533072 0.408831 0.088638 0.109902
14 0.545072 0.316855 0.112174 0.123895
14 0.644856 0.373809 0.088197 0.177645
14 0.092420 0.667594 0.088752 0.123149
14 0.510822 0.299840 0.077384 0.131399
14 0.294845 0.821737 0.078204 0.103912
14 0.161129 0.911071 0.084129 0.110932
14 0.720919 0.756832 0.098309 0.128071
14 0.769482 0.760597 0.077350 0.117883
14 0.956244 0.660224 0.073522 0.097618
14 0.607858 0.743835 0.071665 0.115564
14 0.720617 0.421124 0.088385 0.118352
14 0.092049 0.667887 0.088614 0.123484
14 0.142645 0.826392 0.077845 0.110018
14 0.533793 0.411124 0.089160 0.108169
14 0.826581 0.820427 0.090228 0.115591
14 0.739657 0.753179 0.135190 0.135416
14 0.586610 0.797106 0.088607 0.167903
14 0.545702 0.754487 0.067933 0.097642
14 0.293739 0.685190 0.138534 0.140532
14 0.829701 0.821955 0.089427 0.114872
14 0.358972 0.850652 0.084536 0.127760
14 0.289933 0.669887 0.147829 0.205759
14 0.683995 0.329912 0.105498 0.169290
14 0.222073 0.833399 0.085550 0.123109
14 0.098030 0.935488 0.063077 0.129024
14 0.614480 0.487277 0.086212 0.112843
14 0.257298 0.688448 0.082101 0.165693
