14 0.234783 0.875837 0.063454 0.093731
14 0.123989 0.770995 0.065031 0.103261
14 0.181244 0.770140 0.067551 0.114530
14 0.463762 0.275949 0.094633 0.151711
14 0.549552 0.246905 0.093236 0.138376
14 0.127806 0.694706 0.060718 0.073165
14 0.266073 0.230826 0.074152 0.118789
14 0.177161 0.543864 0.068525 0.110022
14 0.286887 0.307207 0.058094 0.099634
14 0.237902 0.743156 0.072398 0.107047
14 0.263599 0.531023 0.054199 0.087818
14 0.237481 0.743030 0.070771 0.109712
14 0.265760 0.230288 0.073268 0.115687
14 0.223443 0.303362 0.074094 0.103755
14 0.218807 0.480466 0.055749 0.101802
14 0.129647 0.548225 0.048810 0.104437
14 0.222916 0.303335 0.077238 0.108784
14 0.289806 0.084328 0.068191 0.099712
14 0.221121 0.151922 0.078416 0.109375
14 0.385788 0.206895 0.098088 0.150547
14 0.220403 0.154105 0.074427 0.114306
14 0.177425 0.543918 0.069146 0.111210
14 0.675385 0.675825 0.076737 0.119130
14 0.350757 0.549887 0.049882 0.118597
14 0.820610 0.111737 0.032235 0.055165
14 0.371088 0.535057 0.065260 0.105257
14 0.732247 0.489996 0.079389 0.109475
14 0.514614 0.589964 0.081229 0.149209
14 0.203550 0.052650 0.069934 0.105301
14 0.675138 0.674704 0.078235 0.119150
14 0.386001 0.205854 0.098101 0.153050
14 0.504748 0.402297 0.115817 0.151773
