14 0.664463 0.626579 0.107428 0.160240
14 0.489455 0.840462 0.112138 0.144408
14 0.594868 0.455893 0.099165 0.139224
14 0.507484 0.551983 0.107460 0.154589
14 0.390283 0.579892 0.100783 0.155852
14 0.214384 0.598530 0.133943 0.197074
14 0.319488 0.687155 0.112442 0.144335
14 0.457890 0.682601 0.097045 0.149688
14 0.261321 0.848472 0.092371 0.145026
14 0.428273 0.438605 0.123299 0.161785
14 0.245296 0.725204 0.076292 0.129053
14 0.197367 0.637059 0.122800 0.204736
14 0.178343 0.661783 0.085063 0.153772
14 0.305242 0.556734 0.094010 0.137431
14 0.334664 0.803910 0.118655 0.164251
14 0.413390 0.764335 0.109011 0.141334
14 0.245967 0.722652 0.079521 0.129737
14 0.305148 0.558681 0.094093 0.138287
14 0.619888 0.720508 0.084262 0.132099
