14 0.730364 0.852271 0.087599 0.080415
14 0.709421 0.924233 0.076301 0.076513
14 0.394988 0.901683 0.068276 0.082687
14 0.937153 0.767146 0.063846 0.079943
14 0.454332 0.913078 0.064807 0.081640
14 0.815707 0.855150 0.076880 0.084594
14 0.217102 0.820834 0.058198 0.071858
14 0.766951 0.719129 0.076268 0.073050
14 0.634470 0.925990 0.069890 0.082457
14 0.876710 0.776941 0.075874 0.080871
14 0.834244 0.714317 0.077485 0.072727
14 0.786515 0.914924 0.088140 0.081394
14 0.967153 0.710907 0.061718 0.064039
14 0.876315 0.919827 0.091543 0.072800
14 0.519850 0.642574 0.054294 0.064752
14 0.165011 0.819324 0.060528 0.078819
14 0.513281 0.919454 0.062470 0.084813
14 0.898744 0.711463 0.074770 0.062659
14 0.110209 0.879758 0.054498 0.068453
14 0.109946 0.814156 0.065448 0.078394
14 0.981196 0.772838 0.028781 0.080482
14 0.747945 0.787661 0.081218 0.093616
14 0.330854 0.837773 0.055906 0.089309
14 0.388923 0.830811 0.058899 0.080033
14 0.057951 0.815570 0.052365 0.082760
14 0.056958 0.877286 0.054343 0.073519
14 0.623628 0.626594 0.073043 0.071600
14 0.445259 0.838885 0.072293 0.080260
14 0.274789 0.828545 0.065175 0.077812
14 0.474730 0.974736 0.066747 0.049597
14 0.811236 0.782991 0.067501 0.085380
14 0.953652 0.920307 0.070313 0.087946
14 0.470732 0.639953 0.054810 0.065187
14 0.508966 0.842263 0.069085 0.083553
14 0.570050 0.925210 0.069539 0.082560
14 0.332274 0.866956 0.057369 0.144596
14 0.404777 0.637101 0.086129 0.068377
14 0.892925 0.844541 0.085494 0.081690
14 0.839559 0.967816 0.058948 0.063711
14 0.257300 0.601725 0.108457 0.098859
14 0.149663 0.752425 0.067337 0.074396
14 0.548235 0.634669 0.042080 0.051408
14 0.334063 0.660057 0.079009 0.069409
14 0.685279 0.784736 0.065811 0.071774
14 0.718887 0.976619 0.070740 0.045630
14 0.089947 0.751410 0.061515 0.073085
14 0.725880 0.702283 0.064440 0.082555
14 0.783730 0.974482 0.071481 0.050667
14 0.793220 0.658842 0.073613 0.072438
14 0.595557 0.635842 0.043769 0.059667
14 0.415237 0.968741 0.062232 0.056905
14 0.665365 0.716247 0.102056 0.079758
14 0.951751 0.660794 0.057672 0.045508
14 0.943803 0.609720 0.063289 0.029116
14 0.981493 0.656609 0.037013 0.050710
14 0.513254 0.697940 0.061201 0.059624
14 0.334143 0.890957 0.059056 0.098668
14 0.033131 0.751757 0.058133 0.065001
14 0.442001 0.685898 0.051389 0.059367
14 0.965495 0.920927 0.059488 0.090538
14 0.188121 0.943498 0.057908 0.062408
14 0.641818 0.650813 0.074919 0.071605
14 0.576873 0.709447 0.060240 0.076386
14 0.575328 0.696547 0.062601 0.067343
14 0.445669 0.703101 0.061797 0.056593
14 0.204259 0.754383 0.059477 0.072218
14 0.959544 0.841436 0.070951 0.077857
14 0.755594 0.710614 0.086495 0.084818
14 0.260215 0.762454 0.072155 0.071062
14 0.019987 0.870376 0.034675 0.073485
14 0.887846 0.663794 0.070897 0.044496
14 0.316557 0.749757 0.048327 0.059996
14 0.678218 0.720127 0.082994 0.075922
14 0.478573 0.690805 0.039231 0.054359
14 0.690764 0.597339 0.077056 0.082439
14 0.980658 0.617862 0.038684 0.035284
14 0.657251 0.977834 0.064749 0.044167
14 0.158421 0.883082 0.058063 0.073453
14 0.064311 0.689079 0.061452 0.070300
14 0.100458 0.630552 0.060839 0.059246
14 0.227361 0.904493 0.048752 0.048890
14 0.120083 0.689633 0.060040 0.065416
14 0.987534 0.922192 0.024932 0.089248
14 0.277447 0.910583 0.062065 0.055243
14 0.579456 0.723620 0.051690 0.053585
14 0.603322 0.632441 0.060041 0.064028
14 0.372005 0.767265 0.057865 0.061183
14 0.634941 0.670586 0.075940 0.105181
14 0.590833 0.869065 0.051978 0.049009
14 0.489179 0.731391 0.041261 0.054212
14 0.773023 0.670658 0.067515 0.084296
14 0.243178 0.909869 0.047510 0.050133
14 0.532986 0.978024 0.055085 0.043951
14 0.701545 0.599419 0.057226 0.081108
14 0.717176 0.596139 0.046746 0.077893
14 0.420061 0.711145 0.065482 0.048803
14 0.021475 0.806584 0.034357 0.077476
14 0.866362 0.644893 0.070761 0.052310
14 0.355767 0.959514 0.060447 0.052640
14 0.545400 0.710408 0.041505 0.072359
14 0.152532 0.638012 0.059150 0.060849
14 0.183686 0.901746 0.044342 0.046253
14 0.532744 0.712222 0.049430 0.073849
14 0.458014 0.735767 0.042129 0.043235
14 0.894664 0.974994 0.057199 0.049379
14 0.595137 0.979517 0.066431 0.040886
14 0.894544 0.741900 0.088589 0.104865
14 0.653295 0.696448 0.100822 0.079446
14 0.318748 0.772720 0.053939 0.053652
14 0.218980 0.834207 0.057287 0.092773
14 0.046848 0.633954 0.063656 0.063562
14 0.803942 0.656093 0.080715 0.065763
14 0.234189 0.946608 0.050697 0.047145
14 0.401450 0.651311 0.074300 0.094648
14 0.949466 0.647569 0.058559 0.041403
14 0.223962 0.896638 0.054632 0.062327
14 0.570293 0.670516 0.052936 0.047377
14 0.340221 0.611450 0.071697 0.050626
14 0.957549 0.833788 0.057064 0.067405
14 0.703058 0.713183 0.063917 0.080608
14 0.173999 0.697873 0.057913 0.068450
14 0.647901 0.854237 0.076527 0.081447
14 0.294449 0.959489 0.064579 0.061597
14 0.107990 0.619338 0.061499 0.058094
14 0.703753 0.852521 0.070721 0.080033
14 0.554980 0.868867 0.038616 0.053345
14 0.412502 0.732082 0.058741 0.040399
14 0.725907 0.660396 0.059262 0.047814
14 0.200916 0.627509 0.072865 0.073361
14 0.420883 0.680423 0.054025 0.061933
14 0.775798 0.876857 0.102197 0.114831
14 0.209909 0.613323 0.073590 0.083105
14 0.540414 0.699871 0.037925 0.068907
14 0.264370 0.770772 0.072168 0.052302
14 0.887114 0.812378 0.085937 0.138389
14 0.019815 0.691311 0.034975 0.075377
14 0.457067 0.646835 0.052848 0.078941
14 0.814722 0.616595 0.063931 0.032637
14 0.177568 0.895117 0.049160 0.057118
14 0.584074 0.924966 0.060406 0.087593
14 0.161865 0.865836 0.063097 0.094960
14 0.634896 0.704868 0.070502 0.057345
14 0.688221 0.656925 0.041625 0.052829
14 0.872781 0.652142 0.075664 0.059890
14 0.489549 0.706074 0.043078 0.075192
14 0.482735 0.917009 0.081177 0.082310
14 0.394776 0.678399 0.052320 0.066960
14 0.322613 0.763660 0.054659 0.067399
14 0.689088 0.587412 0.069687 0.064992
14 0.135880 0.935022 0.059884 0.057943
14 0.584683 0.935255 0.069854 0.092767
14 0.279474 0.894625 0.061509 0.070191
14 0.650170 0.924808 0.056486 0.086824
14 0.399784 0.672731 0.066322 0.069105
14 0.094968 0.816419 0.065589 0.086721
14 0.435067 0.778317 0.065974 0.062425
14 0.720002 0.599050 0.072020 0.082085
14 0.564074 0.903775 0.059533 0.122935
14 0.946291 0.618018 0.065673 0.036563
14 0.183905 0.618027 0.084402 0.061008
