14 0.139449 0.940480 0.178636 0.116056
14 0.186785 0.196733 0.143642 0.228643
14 0.068334 0.815810 0.136669 0.261704
14 0.209031 0.422904 0.199052 0.285797
14 0.320297 0.210108 0.195355 0.297793
14 0.390346 0.483153 0.188227 0.276326
14 0.263449 0.046015 0.210629 0.092030
14 0.932313 0.887923 0.135374 0.222539
14 0.689699 0.592116 0.191482 0.301634
14 0.049784 0.089571 0.099567 0.177525
14 0.302480 0.647992 0.202916 0.295327
14 0.884959 0.721642 0.174592 0.272763
14 0.810263 0.936975 0.171376 0.120551
14 0.527389 0.419427 0.285182 0.294003
14 0.528192 0.685618 0.255798 0.282326
14 0.042323 0.550569 0.081301 0.238365
14 0.326979 0.246741 0.179004 0.229806
14 0.916293 0.546174 0.142320 0.205939
14 0.966092 0.129966 0.067796 0.236485
14 0.966585 0.128322 0.066494 0.237405
14 0.184451 0.632334 0.082421 0.149693
14 0.810805 0.937563 0.170871 0.122833
14 0.304458 0.650255 0.200039 0.295719
14 0.470943 0.148238 0.189498 0.283714
14 0.130422 0.414610 0.080723 0.279898
14 0.984810 0.287946 0.030381 0.132603
14 0.790038 0.245146 0.333408 0.441243
14 0.301919 0.651341 0.206114 0.292205
14 0.212381 0.424595 0.194760 0.282696
14 0.873506 0.115756 0.129429 0.225107
14 0.124597 0.366516 0.070141 0.181219
14 0.683157 0.307846 0.218920 0.299358
14 0.032781 0.298933 0.065562 0.289928
14 0.032797 0.300283 0.065595 0.287445
