14 0.737654 0.568865 0.087514 0.151422
14 0.456911 0.349618 0.075135 0.120861
14 0.407302 0.398021 0.075530 0.121532
14 0.492657 0.261728 0.070795 0.119799
14 0.810664 0.777439 0.131591 0.164184
14 0.853285 0.487911 0.090518 0.131411
14 0.252189 0.916238 0.061344 0.135631
14 0.756476 0.217668 0.082370 0.116481
14 0.784563 0.360489 0.102508 0.168702
14 0.766570 0.474173 0.086612 0.118710
14 0.237233 0.214219 0.087199 0.144192
14 0.259156 0.355302 0.084436 0.142079
14 0.164703 0.080826 0.043583 0.160404
14 0.844936 0.287318 0.084568 0.121428
14 0.734064 0.711322 0.080666 0.120880
14 0.756621 0.219444 0.081834 0.114496
14 0.692049 0.406515 0.110669 0.166134
14 0.423454 0.262330 0.084497 0.125479
14 0.734395 0.709914 0.079262 0.119452
14 0.715574 0.789698 0.065166 0.101047
14 0.454817 0.348823 0.078654 0.120296
14 0.242532 0.505720 0.092648 0.138573
14 0.335017 0.302375 0.084043 0.139526
14 0.058578 0.465335 0.117156 0.083502
14 0.423215 0.258973 0.084035 0.120739
14 0.334121 0.304728 0.085665 0.136106
14 0.715678 0.789145 0.066441 0.102925
14 0.347631 0.172167 0.091321 0.168883
14 0.784901 0.360911 0.101361 0.166573
14 0.258761 0.354063 0.084125 0.140679
14 0.118252 0.152460 0.057960 0.057168
