11 0.380050 0.524165 0.326989 0.301281
11 0.152131 0.408906 0.275721 0.320743
11 0.771034 0.933931 0.294007 0.132137
11 0.799818 0.727211 0.293047 0.307380
11 0.053337 0.902605 0.106175 0.194789
11 0.191950 0.072250 0.299232 0.144499
11 0.496542 0.834415 0.322847 0.330475
11 0.222623 0.959539 0.274285 0.080922
11 0.049325 0.198441 0.098310 0.312222
11 0.667824 0.329498 0.192869 0.177520
11 0.208740 0.774643 0.298848 0.320170
11 0.558648 0.077151 0.254105 0.154303
11 0.608970 0.263854 0.171633 0.230245
11 0.171897 0.207080 0.162922 0.135863
11 0.944104 0.590438 0.111689 0.183469
11 0.932858 0.455374 0.134141 0.154589
11 0.402434 0.229976 0.303260 0.300351
11 0.573085 0.645153 0.174845 0.127430
11 0.928811 0.535595 0.142377 0.311847
11 0.909279 0.298844 0.181443 0.244100
