11 0.920359 0.726035 0.159282 0.524256
11 0.736040 0.792966 0.220240 0.413518
11 0.121407 0.542401 0.212944 0.402410
11 0.534362 0.555756 0.269221 0.515659
11 0.325526 0.775623 0.284577 0.448754
11 0.570876 0.188534 0.240168 0.366182
11 0.122836 0.215402 0.213793 0.410087
11 0.927453 0.341892 0.145094 0.312369
11 0.336187 0.365831 0.238479 0.435513
11 0.320653 0.118600 0.240720 0.227942
11 0.702943 0.126025 0.190849 0.252050
11 0.926843 0.339415 0.146313 0.306522
11 0.750247 0.427396 0.232675 0.356766
11 0.704036 0.126177 0.191790 0.252354
11 0.076536 0.070333 0.097395 0.138885
