11 0.428021 0.819040 0.390660 0.359198
11 0.111013 0.851934 0.221843 0.295213
11 0.511129 0.151406 0.359520 0.302813
11 0.851330 0.682592 0.297340 0.308208
11 0.181963 0.551886 0.357629 0.406170
11 0.558185 0.473246 0.385285 0.400788
11 0.749296 0.944023 0.373518 0.111664
11 0.764170 0.917763 0.369977 0.164474
11 0.850823 0.227575 0.298353 0.219050
11 0.808743 0.889778 0.382187 0.220443
11 0.318556 0.356560 0.204439 0.204976
11 0.809650 0.890047 0.380535 0.219455
11 0.863137 0.576887 0.223842 0.130148
11 0.617676 0.775424 0.168336 0.225327
11 0.817428 0.890432 0.365144 0.219081
