11 0.779861 0.352235 0.132203 0.197916
11 0.429281 0.285952 0.132430 0.188860
11 0.328287 0.395312 0.123803 0.177135
11 0.795926 0.164584 0.130347 0.182018
11 0.659850 0.290165 0.120653 0.201392
11 0.645352 0.681948 0.110220 0.165366
11 0.540787 0.184046 0.134129 0.206781
11 0.216879 0.362366 0.107956 0.168910
11 0.326731 0.698783 0.102417 0.139359
11 0.548415 0.376308 0.126647 0.181059
11 0.755171 0.722963 0.115740 0.170016
11 0.358939 0.555501 0.109483 0.161895
11 0.677094 0.837708 0.104406 0.158017
11 0.385890 0.818413 0.109388 0.161405
11 0.278468 0.823837 0.096286 0.145762
11 0.464633 0.500513 0.118476 0.178042
11 0.449050 0.650879 0.083943 0.130350
11 0.289726 0.229431 0.124551 0.186502
11 0.242021 0.592071 0.120034 0.173033
11 0.737528 0.539890 0.127663 0.188409
11 0.177969 0.214637 0.103833 0.144847
11 0.551810 0.606723 0.100287 0.158189
11 0.625701 0.499767 0.105328 0.157109
11 0.833874 0.850160 0.113620 0.163571
11 0.288693 0.227963 0.127191 0.187951
11 0.242730 0.591977 0.118780 0.175127
11 0.856244 0.504401 0.107656 0.151897
11 0.449254 0.651430 0.085646 0.129321
11 0.151764 0.710574 0.122308 0.175425
11 0.359627 0.555051 0.109420 0.163403
11 0.536461 0.795021 0.148129 0.230039
11 0.869840 0.678991 0.115725 0.165719
11 0.536936 0.794396 0.149894 0.226885
11 0.151384 0.711518 0.123060 0.175770
11 0.177476 0.214389 0.103153 0.146038
11 0.385765 0.819367 0.109384 0.162719
11 0.215360 0.365068 0.104144 0.162585
11 0.123608 0.507398 0.156186 0.230271
11 0.279386 0.824499 0.096983 0.148392
11 0.869289 0.681863 0.114841 0.163692
