11 0.440835 0.805135 0.243777 0.138817
11 0.108927 0.809930 0.217855 0.133377
11 0.127000 0.473686 0.228406 0.217979
11 0.285655 0.791603 0.170685 0.162495
11 0.819504 0.743566 0.238118 0.219581
11 0.747176 0.821235 0.226438 0.105589
11 0.625914 0.816700 0.166887 0.109434
11 0.377162 0.522706 0.222459 0.223967
11 0.956314 0.789922 0.087294 0.163452
11 0.225769 0.686509 0.227308 0.233839
11 0.812823 0.241987 0.207116 0.215096
11 0.396508 0.312024 0.222127 0.220264
11 0.862599 0.532260 0.213322 0.209840
11 0.170864 0.239789 0.200348 0.217005
11 0.046210 0.249474 0.092420 0.174868
11 0.957575 0.439177 0.084391 0.163532
11 0.438206 0.645584 0.210503 0.200403
11 0.599924 0.669413 0.240622 0.241361
11 0.074357 0.402572 0.148715 0.177054
11 0.503135 0.187442 0.212628 0.125789
11 0.625935 0.336746 0.240788 0.238288
11 0.675342 0.593328 0.180360 0.176466
11 0.956605 0.216860 0.086395 0.169939
11 0.963716 0.614819 0.072487 0.196665
11 0.065370 0.741219 0.130739 0.114312
11 0.522974 0.457339 0.178613 0.180311
11 0.070963 0.588276 0.141927 0.200301
11 0.707307 0.412275 0.187545 0.196779
11 0.279315 0.420693 0.127362 0.175710
11 0.339928 0.218721 0.144317 0.173383
11 0.604533 0.211095 0.195726 0.114040
11 0.847982 0.393139 0.124979 0.106316
11 0.338669 0.210990 0.141232 0.156817
