12 0.673219 0.383863 0.036364 0.042300
12 0.810577 0.363579 0.027222 0.023972
12 0.708291 0.342985 0.031578 0.042843
12 0.636452 0.340277 0.040050 0.046155
12 0.737795 0.336032 0.033644 0.044636
12 0.674049 0.341828 0.037357 0.039300
12 0.825642 0.381203 0.026994 0.023428
12 0.743845 0.335849 0.045976 0.041354
12 0.756536 0.377575 0.033368 0.023637
12 0.675068 0.413674 0.033771 0.037547
12 0.836866 0.387029 0.026136 0.023454
12 0.736297 0.415794 0.038983 0.021210
12 0.697936 0.384026 0.036667 0.041647
12 0.774003 0.372737 0.038137 0.024785
12 0.697380 0.350411 0.036515 0.033024
12 0.681490 0.355125 0.043087 0.029793
12 0.703807 0.415608 0.032150 0.025473
12 0.679260 0.337871 0.036378 0.036954
12 0.774770 0.408365 0.032249 0.036166
12 0.808223 0.385276 0.032138 0.022149
12 0.631503 0.355952 0.044404 0.027073
