3 0.507641 0.754011 0.327301 0.388364
3 0.228307 0.672202 0.278704 0.315108
3 0.526538 0.384373 0.285122 0.395118
3 0.934269 0.831996 0.131462 0.336007
3 0.381213 0.498097 0.172642 0.287490
3 0.789735 0.608637 0.304704 0.384777
3 0.834226 0.280069 0.277968 0.354033
3 0.787875 0.882897 0.309150 0.234206
3 0.230298 0.619994 0.270527 0.210055
3 0.253216 0.845809 0.292547 0.308381
3 0.077863 0.879579 0.155492 0.239746
3 0.211652 0.396321 0.260184 0.309192
3 0.077523 0.432079 0.155047 0.359298
3 0.052309 0.595152 0.103143 0.249311
3 0.084614 0.160827 0.169229 0.215788
3 0.296305 0.191331 0.269642 0.357980
3 0.509857 0.934560 0.294916 0.130454
3 0.634920 0.538178 0.114256 0.218916
3 0.046723 0.712127 0.093446 0.171847
3 0.083934 0.162234 0.167749 0.219531
3 0.053025 0.588446 0.105379 0.236180
3 0.506403 0.935620 0.290658 0.128760
3 0.135616 0.221815 0.121987 0.074244
3 0.451023 0.215191 0.136685 0.170331
3 0.441299 0.202382 0.150564 0.314566
3 0.949003 0.572909 0.101995 0.225317
3 0.047234 0.711555 0.094468 0.165423
